ticker,entry_date,exit_date,position_size,entry_price,exit_price,entry_price_effective,exit_price_effective,entry_notional,exit_notional,gross_profit,net_profit,gross_return_%,net_return_%,return_%,fees,fees_breakdown,exit_reason,days_held,combo_name
BSE.NS,2017-07-14,2017-07-25,496,100.71537780761719,97.45315551757812,100.76573549652099,97.40442893981934,49979.80480627441,48312.59675415039,-1667.2080521240205,-1751.1323210295157,-3.3357634320226897,-3.5036797919020293,-3.502264642059031,83.92426890549508,"{'brokerage_entry': 20.0, 'brokerage_exit': 20.0, 'exchange_entry': np.float64(1.48440020274635), 'exchange_exit': np.float64(1.4348841235982666), 'sebi_entry': np.float64(0.04997980480627441), 'sebi_exit': np.float64(0.04831259675415039), 'ipft_entry': np.float64(0.04997980480627441), 'ipft_exit': np.float64(0.04831259675415039), 'stamp_buy': np.float64(1.4993941441882324), 'stt_sell': np.float64(12.078149188537598), 'dp_sell': 16.5, 'gst': np.float64(10.730856443303784), 'fees_total': np.float64(83.92426890549508)}",TwoRedBelow20,7,5610_rsi_enabled=False_rsi_min=50_rsi_exit_enabled=False_adx_enabled=False_adx_min=18_bb_enabled=True_bb_length=20_bb_stddev=2.0_sma_enabled=True_sma_length=50_macd_enabled=False_macd_fast=12_macd_slow=26_macd_signal=9_combination_mode=all_protective_exit=False_use_hard_stop=True_hard_stop_pct=5.0_use_trailing_stop=True_trailing_stop_pct=10.0
BSE.NS,2020-06-18,2020-06-24,1219,40.96368408203125,45.87851479760248,40.984165924072265,45.85557554020368,49959.69826144409,55897.94658350829,5938.248322064195,5852.145333407405,11.88607723567254,11.713732342382341,11.70429066681481,86.10298865679067,"{'brokerage_entry': 20.0, 'brokerage_exit': 20.0, 'exchange_entry': np.float64(1.4838030383648895), 'exchange_exit': np.float64(1.660169013530196), 'sebi_entry': np.float64(0.04995969826144409), 'sebi_exit': np.float64(0.05589794658350829), 'ipft_entry': np.float64(0.04995969826144409), 'ipft_exit': np.float64(0.05589794658350829), 'stamp_buy': np.float64(1.4987909478433228), 'stt_sell': np.float64(13.974486645877072), 'dp_sell': 16.5, 'gst': np.float64(10.774023721485298), 'fees_total': np.float64(86.10298865679067)}",TSL,4,5610_rsi_enabled=False_rsi_min=50_rsi_exit_enabled=False_adx_enabled=False_adx_min=18_bb_enabled=True_bb_length=20_bb_stddev=2.0_sma_enabled=True_sma_length=50_macd_enabled=False_macd_fast=12_macd_slow=26_macd_signal=9_combination_mode=all_protective_exit=False_use_hard_stop=True_hard_stop_pct=5.0_use_trailing_stop=True_trailing_stop_pct=10.0
BSE.NS,2022-03-11,2022-03-14,174,285.7963562011719,297.62113678557324,285.9392543792724,297.47232621718047,49753.4302619934,51760.1847617894,2006.7544997959994,1921.8546324141128,4.033399283685084,3.862758049633847,3.843709264828225,84.89986738188678,"{'brokerage_entry': 20.0, 'brokerage_exit': 20.0, 'exchange_entry': np.float64(1.477676878781204), 'exchange_exit': np.float64(1.5372774874251451), 'sebi_entry': np.float64(0.0497534302619934), 'sebi_exit': np.float64(0.051760184761789396), 'ipft_entry': np.float64(0.0497534302619934), 'ipft_exit': np.float64(0.051760184761789396), 'stamp_buy': np.float64(1.4926029078598022), 'stt_sell': np.float64(12.940046190447351), 'dp_sell': 16.5, 'gst': np.float64(10.749236687325704), 'fees_total': np.float64(84.89986738188678)}",TSL,1,5610_rsi_enabled=False_rsi_min=50_rsi_exit_enabled=False_adx_enabled=False_adx_min=18_bb_enabled=True_bb_length=20_bb_stddev=2.0_sma_enabled=True_sma_length=50_macd_enabled=False_macd_fast=12_macd_slow=26_macd_signal=9_combination_mode=all_protective_exit=False_use_hard_stop=True_hard_stop_pct=5.0_use_trailing_stop=True_trailing_stop_pct=10.0
BSE.NS,2022-09-07,2022-09-16,221,225.30038452148438,214.03536529541014,225.4130347137451,213.92834761276245,49816.280671737666,47278.1648224205,-2538.115849317168,-2621.7317937710795,-5.0949525237381295,-5.262801153395761,-5.243463587542159,83.61594445391172,"{'brokerage_entry': 20.0, 'brokerage_exit': 20.0, 'exchange_entry': np.float64(1.4795435359506086), 'exchange_exit': np.float64(1.4041614952258887), 'sebi_entry': np.float64(0.04981628067173766), 'sebi_exit': np.float64(0.0472781648224205), 'ipft_entry': np.float64(0.04981628067173766), 'ipft_exit': np.float64(0.0472781648224205), 'stamp_buy': np.float64(1.49448842015213), 'stt_sell': np.float64(11.819541205605125), 'dp_sell': 16.5, 'gst': np.float64(10.724020905989665), 'fees_total': np.float64(83.61594445391172)}",HSL,7,5610_rsi_enabled=False_rsi_min=50_rsi_exit_enabled=False_adx_enabled=False_adx_min=18_bb_enabled=True_bb_length=20_bb_stddev=2.0_sma_enabled=True_sma_length=50_macd_enabled=False_macd_fast=12_macd_slow=26_macd_signal=9_combination_mode=all_protective_exit=False_use_hard_stop=True_hard_stop_pct=5.0_use_trailing_stop=True_trailing_stop_pct=10.0
BSE.NS,2023-10-06,2023-10-20,107,463.4624328613281,525.0700073242188,463.6941640777588,524.8074723205567,49615.27555632019,56154.39953829957,6539.123981979377,6452.970503361524,13.179658701192878,13.006015649427383,12.90594100672305,86.15347861785385,"{'brokerage_entry': 20.0, 'brokerage_exit': 20.0, 'exchange_entry': np.float64(1.4735736840227098), 'exchange_exit': np.float64(1.6677856662874972), 'sebi_entry': np.float64(0.04961527555632019), 'sebi_exit': np.float64(0.056154399538299565), 'ipft_entry': np.float64(0.04961527555632019), 'ipft_exit': np.float64(0.056154399538299565), 'stamp_buy': np.float64(1.4884582666896058), 'stt_sell': np.float64(14.038599884574893), 'dp_sell': 16.5, 'gst': np.float64(10.773521766089901), 'fees_total': np.float64(86.15347861785385)}",Time,10,5610_rsi_enabled=False_rsi_min=50_rsi_exit_enabled=False_adx_enabled=False_adx_min=18_bb_enabled=True_bb_length=20_bb_stddev=2.0_sma_enabled=True_sma_length=50_macd_enabled=False_macd_fast=12_macd_slow=26_macd_signal=9_combination_mode=all_protective_exit=False_use_hard_stop=True_hard_stop_pct=5.0_use_trailing_stop=True_trailing_stop_pct=10.0
BSE.NS,2024-04-01,2024-04-16,55,896.1376342773438,937.7550048828125,896.5857030944824,937.2861273803711,49312.21367019653,51550.73700592041,2238.523335723883,2153.7134055293063,4.539490663905865,4.367505015965191,4.307426811058613,84.80993019457682,"{'brokerage_entry': 20.0, 'brokerage_exit': 20.0, 'exchange_entry': np.float64(1.464572746004837), 'exchange_exit': np.float64(1.5310568890758363), 'sebi_entry': np.float64(0.049312213670196524), 'sebi_exit': np.float64(0.05155073700592041), 'ipft_entry': np.float64(0.049312213670196524), 'ipft_exit': np.float64(0.05155073700592041), 'stamp_buy': np.float64(1.4793664101058959), 'stt_sell': np.float64(12.887684251480103), 'dp_sell': 16.5, 'gst': np.float64(10.745523996557921), 'fees_total': np.float64(84.80993019457682)}",Time,10,5610_rsi_enabled=False_rsi_min=50_rsi_exit_enabled=False_adx_enabled=False_adx_min=18_bb_enabled=True_bb_length=20_bb_stddev=2.0_sma_enabled=True_sma_length=50_macd_enabled=False_macd_fast=12_macd_slow=26_macd_signal=9_combination_mode=all_protective_exit=False_use_hard_stop=True_hard_stop_pct=5.0_use_trailing_stop=True_trailing_stop_pct=10.0
BSE.NS,2024-08-01,2024-08-05,56,878.9153442382812,834.9695770263671,879.3548019104004,834.552092237854,49243.868906982425,46734.91716531983,-2508.9517416625968,-2592.3729694929566,-5.0949525237381295,-5.264356816459189,-5.1847459389859125,83.42122783035995,"{'brokerage_entry': 20.0, 'brokerage_exit': 20.0, 'exchange_entry': np.float64(1.462542906537378), 'exchange_exit': np.float64(1.388027039809999), 'sebi_entry': np.float64(0.04924386890698242), 'sebi_exit': np.float64(0.04673491716531983), 'ipft_entry': np.float64(0.04924386890698242), 'ipft_exit': np.float64(0.04673491716531983), 'stamp_buy': np.float64(1.4773160672094727), 'stt_sell': np.float64(11.683729291329957), 'dp_sell': 16.5, 'gst': np.float64(10.717654953328555), 'fees_total': np.float64(83.42122783035995)}",HSL,2,5610_rsi_enabled=False_rsi_min=50_rsi_exit_enabled=False_adx_enabled=False_adx_min=18_bb_enabled=True_bb_length=20_bb_stddev=2.0_sma_enabled=True_sma_length=50_macd_enabled=False_macd_fast=12_macd_slow=26_macd_signal=9_combination_mode=all_protective_exit=False_use_hard_stop=True_hard_stop_pct=5.0_use_trailing_stop=True_trailing_stop_pct=10.0
BSE.NS,2024-11-07,2024-11-11,30,1620.020751953125,1539.0197143554688,1620.8307623291014,1538.2502044982912,48624.922869873044,46147.50613494874,-2477.416734924307,-2560.627416623495,-5.094952523738113,-5.266080161147165,-5.121254833246989,83.21068169918773,"{'brokerage_entry': 20.0, 'brokerage_exit': 20.0, 'exchange_entry': np.float64(1.4441602092352295), 'exchange_exit': np.float64(1.3705809322079774), 'sebi_entry': np.float64(0.04862492286987304), 'sebi_exit': np.float64(0.04614750613494874), 'ipft_entry': np.float64(0.04862492286987304), 'ipft_exit': np.float64(0.04614750613494874), 'stamp_buy': np.float64(1.4587476860961914), 'stt_sell': np.float64(11.536876533737184), 'dp_sell': 16.5, 'gst': np.float64(10.710771479901512), 'fees_total': np.float64(83.21068169918773)}",HSL,2,5610_rsi_enabled=False_rsi_min=50_rsi_exit_enabled=False_adx_enabled=False_adx_min=18_bb_enabled=True_bb_length=20_bb_stddev=2.0_sma_enabled=True_sma_length=50_macd_enabled=False_macd_fast=12_macd_slow=26_macd_signal=9_combination_mode=all_protective_exit=False_use_hard_stop=True_hard_stop_pct=5.0_use_trailing_stop=True_trailing_stop_pct=10.0
BSE.NS,2024-12-06,2024-12-20,27,1794.390625,1843.070556640625,1795.2878203125,1842.149021362305,48472.771148437496,49738.02357678223,1265.2524283447347,1181.0200663285943,2.610233329697965,2.4364607971596524,2.3620401326571887,84.23236201614024,"{'brokerage_entry': 20.0, 'brokerage_exit': 20.0, 'exchange_entry': np.float64(1.4396413031085937), 'exchange_exit': np.float64(1.4772193002304324), 'sebi_entry': np.float64(0.048472771148437496), 'sebi_exit': np.float64(0.049738023576782225), 'ipft_entry': np.float64(0.048472771148437496), 'ipft_exit': np.float64(0.049738023576782225), 'stamp_buy': np.float64(1.4541831344531249), 'stt_sell': np.float64(12.434505894195558), 'dp_sell': 16.5, 'gst': np.float64(10.730390794702103), 'fees_total': np.float64(84.23236201614024)}",Time,10,5610_rsi_enabled=False_rsi_min=50_rsi_exit_enabled=False_adx_enabled=False_adx_min=18_bb_enabled=True_bb_length=20_bb_stddev=2.0_sma_enabled=True_sma_length=50_macd_enabled=False_macd_fast=12_macd_slow=26_macd_signal=9_combination_mode=all_protective_exit=False_use_hard_stop=True_hard_stop_pct=5.0_use_trailing_stop=True_trailing_stop_pct=10.0
BAJFINANCE.NS,2015-04-08,2015-04-21,1152,43.36176300048828,41.193674850463864,43.383443881988526,41.173078013038634,49977.72735205078,47431.38587102051,-2546.341481030271,-2630.01234460781,-5.094952523738126,-5.2623688269808655,-5.26002468921562,83.67086357753887,"{'brokerage_entry': 20.0, 'brokerage_exit': 20.0, 'exchange_entry': np.float64(1.4843385023559081), 'exchange_exit': np.float64(1.4087121603693091), 'sebi_entry': np.float64(0.04997772735205078), 'sebi_exit': np.float64(0.047431385871020505), 'ipft_entry': np.float64(0.04997772735205078), 'ipft_exit': np.float64(0.047431385871020505), 'stamp_buy': np.float64(1.4993318205615234), 'stt_sell': np.float64(11.857846467755127), 'dp_sell': 16.5, 'gst': np.float64(10.725816400050846), 'fees_total': np.float64(83.67086357753887)}",HSL,8,5610_rsi_enabled=False_rsi_min=50_rsi_exit_enabled=False_adx_enabled=False_adx_min=18_bb_enabled=True_bb_length=20_bb_stddev=2.0_sma_enabled=True_sma_length=50_macd_enabled=False_macd_fast=12_macd_slow=26_macd_signal=9_combination_mode=all_protective_exit=False_use_hard_stop=True_hard_stop_pct=5.0_use_trailing_stop=True_trailing_stop_pct=10.0
BAJFINANCE.NS,2016-07-01,2016-07-18,629,79.38139343261719,85.6086196899414,79.4210841293335,85.56581538009644,49955.86191735077,53820.89787408066,3865.0359567298947,3779.5301829270957,7.7369017536408125,7.565739110217177,7.559060365854191,85.505773802799,"{'brokerage_entry': 20.0, 'brokerage_exit': 20.0, 'exchange_entry': np.float64(1.4836890989453178), 'exchange_exit': np.float64(1.5984806668601956), 'sebi_entry': np.float64(0.04995586191735077), 'sebi_exit': np.float64(0.05382089787408066), 'ipft_entry': np.float64(0.04995586191735077), 'ipft_exit': np.float64(0.05382089787408066), 'stamp_buy': np.float64(1.498675857520523), 'stt_sell': np.float64(13.455224468520166), 'dp_sell': 16.5, 'gst': np.float64(10.76215019136991), 'fees_total': np.float64(85.505773802799)}",Time,10,5610_rsi_enabled=False_rsi_min=50_rsi_exit_enabled=False_adx_enabled=False_adx_min=18_bb_enabled=True_bb_length=20_bb_stddev=2.0_sma_enabled=True_sma_length=50_macd_enabled=False_macd_fast=12_macd_slow=26_macd_signal=9_combination_mode=all_protective_exit=False_use_hard_stop=True_hard_stop_pct=5.0_use_trailing_stop=True_trailing_stop_pct=10.0
BAJFINANCE.NS,2017-03-16,2017-03-30,441,113.17919158935547,114.88636016845703,113.23578118515015,114.82891698837281,49936.979502651215,50639.55239187241,702.5728892211919,617.9827259860976,1.4069190732368813,1.2375252410957058,1.2359654519721952,84.5901632350942,"{'brokerage_entry': 20.0, 'brokerage_exit': 20.0, 'exchange_entry': np.float64(1.4831282912287411), 'exchange_exit': np.float64(1.5039947060386105), 'sebi_entry': np.float64(0.04993697950265121), 'sebi_exit': np.float64(0.05063955239187241), 'ipft_entry': np.float64(0.04993697950265121), 'ipft_exit': np.float64(0.05063955239187241), 'stamp_buy': np.float64(1.4981093850795364), 'stt_sell': np.float64(12.659888097968102), 'dp_sell': 16.5, 'gst': np.float64(10.743889690990152), 'fees_total': np.float64(84.5901632350942)}",Time,10,5610_rsi_enabled=False_rsi_min=50_rsi_exit_enabled=False_adx_enabled=False_adx_min=18_bb_enabled=True_bb_length=20_bb_stddev=2.0_sma_enabled=True_sma_length=50_macd_enabled=False_macd_fast=12_macd_slow=26_macd_signal=9_combination_mode=all_protective_exit=False_use_hard_stop=True_hard_stop_pct=5.0_use_trailing_stop=True_trailing_stop_pct=10.0
BAJFINANCE.NS,2018-05-18,2018-06-01,238,209.64637756347656,202.60012817382812,209.75120075225828,202.49882810974123,49920.78577903747,48194.721090118415,-1726.0646889190539,-1809.9511014149023,-3.457607211070495,-3.625646257705602,-3.6199022028298047,83.88641249584838,"{'brokerage_entry': 20.0, 'brokerage_exit': 20.0, 'exchange_entry': np.float64(1.4826473376374127), 'exchange_exit': np.float64(1.431383216376517), 'sebi_entry': np.float64(0.04992078577903747), 'sebi_exit': np.float64(0.048194721090118416), 'ipft_entry': np.float64(0.04992078577903747), 'ipft_exit': np.float64(0.048194721090118416), 'stamp_buy': np.float64(1.497623573371124), 'stt_sell': np.float64(12.048680272529603), 'dp_sell': 16.5, 'gst': np.float64(10.729847082195402), 'fees_total': np.float64(83.88641249584838)}",Time,10,5610_rsi_enabled=False_rsi_min=50_rsi_exit_enabled=False_adx_enabled=False_adx_min=18_bb_enabled=True_bb_length=20_bb_stddev=2.0_sma_enabled=True_sma_length=50_macd_enabled=False_macd_fast=12_macd_slow=26_macd_signal=9_combination_mode=all_protective_exit=False_use_hard_stop=True_hard_stop_pct=5.0_use_trailing_stop=True_trailing_stop_pct=10.0
BAJFINANCE.NS,2019-05-21,2019-06-04,148,335.410888671875,344.97015380859375,335.5785941162109,344.7976687316895,49665.63192919922,51030.05497229005,1364.4230430908283,1279.7389375256428,2.7472177239904645,2.5767092611445537,2.5594778750512854,84.68410556518559,"{'brokerage_entry': 20.0, 'brokerage_exit': 20.0, 'exchange_entry': np.float64(1.4750692682972169), 'exchange_exit': np.float64(1.5155926326770144), 'sebi_entry': np.float64(0.04966563192919922), 'sebi_exit': np.float64(0.051030054972290045), 'ipft_entry': np.float64(0.04966563192919922), 'ipft_exit': np.float64(0.051030054972290045), 'stamp_buy': np.float64(1.4899689578759765), 'stt_sell': np.float64(12.757513743072511), 'dp_sell': 16.5, 'gst': np.float64(10.744569589459896), 'fees_total': np.float64(84.68410556518559)}",Time,10,5610_rsi_enabled=False_rsi_min=50_rsi_exit_enabled=False_adx_enabled=False_adx_min=18_bb_enabled=True_bb_length=20_bb_stddev=2.0_sma_enabled=True_sma_length=50_macd_enabled=False_macd_fast=12_macd_slow=26_macd_signal=9_combination_mode=all_protective_exit=False_use_hard_stop=True_hard_stop_pct=5.0_use_trailing_stop=True_trailing_stop_pct=10.0
BAJFINANCE.NS,2019-09-06,2019-09-20,151,330.09747314453125,330.29325461949105,330.2625218811035,330.1281079921813,49869.64080404663,49849.344306819374,-20.296497227252985,-104.65501088513628,-0.04069910450529262,-0.2098571579778536,-0.20931002177027258,84.3585136578833,"{'brokerage_entry': 20.0, 'brokerage_exit': 20.0, 'exchange_entry': np.float64(1.481128331880185), 'exchange_exit': np.float64(1.4805255259125354), 'sebi_entry': np.float64(0.04986964080404663), 'sebi_exit': np.float64(0.04984934430681937), 'ipft_entry': np.float64(0.04986964080404663), 'ipft_exit': np.float64(0.04984934430681937), 'stamp_buy': np.float64(1.4960892241213988), 'stt_sell': np.float64(12.462336076704844), 'dp_sell': 16.5, 'gst': np.float64(10.738996529042602), 'fees_total': np.float64(84.3585136578833)}",TSL,9,5610_rsi_enabled=False_rsi_min=50_rsi_exit_enabled=False_adx_enabled=False_adx_min=18_bb_enabled=True_bb_length=20_bb_stddev=2.0_sma_enabled=True_sma_length=50_macd_enabled=False_macd_fast=12_macd_slow=26_macd_signal=9_combination_mode=all_protective_exit=False_use_hard_stop=True_hard_stop_pct=5.0_use_trailing_stop=True_trailing_stop_pct=10.0
BAJFINANCE.NS,2020-08-07,2020-08-21,147,339.8117980957031,332.4551086425781,339.98170399475094,332.28888108825686,49977.31048722839,48846.46551997376,-1130.8449672546267,-1214.9225051145625,-2.2627167333136344,-2.430948150811424,-2.429845010229125,84.07753785993569,"{'brokerage_entry': 20.0, 'brokerage_exit': 20.0, 'exchange_entry': np.float64(1.484326121470683), 'exchange_exit': np.float64(1.4507400259432206), 'sebi_entry': np.float64(0.04997731048722839), 'sebi_exit': np.float64(0.04884646551997376), 'ipft_entry': np.float64(0.04997731048722839), 'ipft_exit': np.float64(0.04884646551997376), 'stamp_buy': np.float64(1.4993193146168518), 'stt_sell': np.float64(12.21161637999344), 'dp_sell': 16.5, 'gst': np.float64(10.733888465897094), 'fees_total': np.float64(84.07753785993569)}",Time,10,5610_rsi_enabled=False_rsi_min=50_rsi_exit_enabled=False_adx_enabled=False_adx_min=18_bb_enabled=True_bb_length=20_bb_stddev=2.0_sma_enabled=True_sma_length=50_macd_enabled=False_macd_fast=12_macd_slow=26_macd_signal=9_combination_mode=all_protective_exit=False_use_hard_stop=True_hard_stop_pct=5.0_use_trailing_stop=True_trailing_stop_pct=10.0
BAJFINANCE.NS,2022-01-05,2022-01-19,66,753.6415405273438,743.9149169921875,754.0183612976074,743.5429595336915,49765.21184564209,49073.835329223635,-691.3765164184515,-775.5051050047497,-1.389276747304744,-1.5583277479259043,-1.5510102100094993,84.12858858629819,"{'brokerage_entry': 20.0, 'brokerage_exit': 20.0, 'exchange_entry': np.float64(1.47802679181557), 'exchange_exit': np.float64(1.457492909277942), 'sebi_entry': np.float64(0.04976521184564209), 'sebi_exit': np.float64(0.04907383532922363), 'ipft_entry': np.float64(0.04976521184564209), 'ipft_exit': np.float64(0.04907383532922363), 'stamp_buy': np.float64(1.4929563553692626), 'stt_sell': np.float64(12.268458832305909), 'dp_sell': 16.5, 'gst': np.float64(10.733975603179783), 'fees_total': np.float64(84.12858858629819)}",Time,10,5610_rsi_enabled=False_rsi_min=50_rsi_exit_enabled=False_adx_enabled=False_adx_min=18_bb_enabled=True_bb_length=20_bb_stddev=2.0_sma_enabled=True_sma_length=50_macd_enabled=False_macd_fast=12_macd_slow=26_macd_signal=9_combination_mode=all_protective_exit=False_use_hard_stop=True_hard_stop_pct=5.0_use_trailing_stop=True_trailing_stop_pct=10.0
BAJFINANCE.NS,2022-09-13,2022-09-26,68,730.0233764648438,715.8290405273438,730.3883881530761,715.4711260070801,49666.41039440918,48652.036568481446,-1014.3738259277306,-1098.3745272087772,-2.0423739462393606,-2.2115037476765553,-2.1967490544175545,84.00070128104653,"{'brokerage_entry': 20.0, 'brokerage_exit': 20.0, 'exchange_entry': np.float64(1.4750923887139527), 'exchange_exit': np.float64(1.444965486083899), 'sebi_entry': np.float64(0.04966641039440917), 'sebi_exit': np.float64(0.048652036568481445), 'ipft_entry': np.float64(0.04966641039440917), 'ipft_exit': np.float64(0.048652036568481445), 'stamp_buy': np.float64(1.4899923118322753), 'stt_sell': np.float64(12.163009142120362), 'dp_sell': 16.5, 'gst': np.float64(10.731005058370254), 'fees_total': np.float64(84.00070128104653)}",TwoRedBelow20,9,5610_rsi_enabled=False_rsi_min=50_rsi_exit_enabled=False_adx_enabled=False_adx_min=18_bb_enabled=True_bb_length=20_bb_stddev=2.0_sma_enabled=True_sma_length=50_macd_enabled=False_macd_fast=12_macd_slow=26_macd_signal=9_combination_mode=all_protective_exit=False_use_hard_stop=True_hard_stop_pct=5.0_use_trailing_stop=True_trailing_stop_pct=10.0
BAJFINANCE.NS,2023-02-08,2023-02-22,79,626.3097534179688,611.2230224609375,626.6229082946777,610.9174109497071,49503.20975527954,48262.47546502686,-1240.7342902526798,-1324.6120286329456,-2.5063713977058932,-2.67581038720762,-2.649224057265891,83.87773838026588,"{'brokerage_entry': 20.0, 'brokerage_exit': 20.0, 'exchange_entry': np.float64(1.4702453297318023), 'exchange_exit': np.float64(1.4333955213112977), 'sebi_entry': np.float64(0.04950320975527954), 'sebi_exit': np.float64(0.048262475465026856), 'ipft_entry': np.float64(0.04950320975527954), 'ipft_exit': np.float64(0.048262475465026856), 'stamp_buy': np.float64(1.4850962926583862), 'stt_sell': np.float64(12.065618866256715), 'dp_sell': 16.5, 'gst': np.float64(10.72785099986707), 'fees_total': np.float64(83.87773838026588)}",Time,10,5610_rsi_enabled=False_rsi_min=50_rsi_exit_enabled=False_adx_enabled=False_adx_min=18_bb_enabled=True_bb_length=20_bb_stddev=2.0_sma_enabled=True_sma_length=50_macd_enabled=False_macd_fast=12_macd_slow=26_macd_signal=9_combination_mode=all_protective_exit=False_use_hard_stop=True_hard_stop_pct=5.0_use_trailing_stop=True_trailing_stop_pct=10.0
BAJAJFINSV.NS,2015-05-11,2015-05-25,348,143.3672332763672,147.27908325195312,143.43891689300537,147.20544371032716,49916.74307876587,51227.49441119385,1310.7513324279862,1225.9935551852752,2.6258751104007185,2.4560768182545987,2.4519871103705504,84.75777724271087,"{'brokerage_entry': 20.0, 'brokerage_exit': 20.0, 'exchange_entry': np.float64(1.4825272694393463), 'exchange_exit': np.float64(1.5214565840124574), 'sebi_entry': np.float64(0.04991674307876586), 'sebi_exit': np.float64(0.05122749441119385), 'ipft_entry': np.float64(0.04991674307876586), 'ipft_exit': np.float64(0.05122749441119385), 'stamp_buy': np.float64(1.497502292362976), 'stt_sell': np.float64(12.806873602798463), 'dp_sell': 16.5, 'gst': np.float64(10.74712901911771), 'fees_total': np.float64(84.75777724271087)}",Time,10,5610_rsi_enabled=False_rsi_min=50_rsi_exit_enabled=False_adx_enabled=False_adx_min=18_bb_enabled=True_bb_length=20_bb_stddev=2.0_sma_enabled=True_sma_length=50_macd_enabled=False_macd_fast=12_macd_slow=26_macd_signal=9_combination_mode=all_protective_exit=False_use_hard_stop=True_hard_stop_pct=5.0_use_trailing_stop=True_trailing_stop_pct=10.0
BAJAJFINSV.NS,2015-07-02,2015-07-16,313,159.28807067871094,173.22898864746094,159.3677147140503,173.1423741531372,49882.094705497744,54193.56310993195,4311.468404434207,4225.860496759315,8.643318669532576,8.471698154836233,8.45172099351863,85.60790767489188,"{'brokerage_entry': 20.0, 'brokerage_exit': 20.0, 'exchange_entry': np.float64(1.481498212753283), 'exchange_exit': np.float64(1.609548824364979), 'sebi_entry': np.float64(0.04988209470549774), 'sebi_exit': np.float64(0.054193563109931946), 'ipft_entry': np.float64(0.04988209470549774), 'ipft_exit': np.float64(0.054193563109931946), 'stamp_buy': np.float64(1.4964628411649323), 'stt_sell': np.float64(13.548390777482988), 'dp_sell': 16.5, 'gst': np.float64(10.76385570349484), 'fees_total': np.float64(85.60790767489188)}",Time,10,5610_rsi_enabled=False_rsi_min=50_rsi_exit_enabled=False_adx_enabled=False_adx_min=18_bb_enabled=True_bb_length=20_bb_stddev=2.0_sma_enabled=True_sma_length=50_macd_enabled=False_macd_fast=12_macd_slow=26_macd_signal=9_combination_mode=all_protective_exit=False_use_hard_stop=True_hard_stop_pct=5.0_use_trailing_stop=True_trailing_stop_pct=10.0
BAJAJFINSV.NS,2015-12-02,2015-12-07,246,202.98779296875,192.8384033203125,203.08928686523436,192.74198411865234,49959.96456884765,47414.52809318848,-2545.436475659175,-2629.1012968920536,-5.0949525237381215,-5.262416255858236,-5.258202593784107,83.66482123287868,"{'brokerage_entry': 20.0, 'brokerage_exit': 20.0, 'exchange_entry': np.float64(1.4838109476947752), 'exchange_exit': np.float64(1.4082114843676978), 'sebi_entry': np.float64(0.04995996456884765), 'sebi_exit': np.float64(0.047414528093188475), 'ipft_entry': np.float64(0.04995996456884765), 'ipft_exit': np.float64(0.047414528093188475), 'stamp_buy': np.float64(1.4987989370654295), 'stt_sell': np.float64(11.85363202329712), 'dp_sell': 16.5, 'gst': np.float64(10.725618855129577), 'fees_total': np.float64(83.66482123287868)}",HSL,3,5610_rsi_enabled=False_rsi_min=50_rsi_exit_enabled=False_adx_enabled=False_adx_min=18_bb_enabled=True_bb_length=20_bb_stddev=2.0_sma_enabled=True_sma_length=50_macd_enabled=False_macd_fast=12_macd_slow=26_macd_signal=9_combination_mode=all_protective_exit=False_use_hard_stop=True_hard_stop_pct=5.0_use_trailing_stop=True_trailing_stop_pct=10.0
BAJAJFINSV.NS,2015-12-31,2016-01-07,252,197.81820678710938,191.76295471191406,197.9171158905029,191.6670732345581,49875.113204406734,48300.102455108645,-1575.0107492980896,-1658.9243704249589,-3.1579091216156456,-3.326156601642328,-3.317848740849918,83.9136211268692,"{'brokerage_entry': 20.0, 'brokerage_exit': 20.0, 'exchange_entry': np.float64(1.48129086217088), 'exchange_exit': np.float64(1.4345130429167268), 'sebi_entry': np.float64(0.04987511320440673), 'sebi_exit': np.float64(0.04830010245510864), 'ipft_entry': np.float64(0.04987511320440673), 'ipft_exit': np.float64(0.04830010245510864), 'stamp_buy': np.float64(1.496253396132202), 'stt_sell': np.float64(12.07502561377716), 'dp_sell': 16.5, 'gst': np.float64(10.730187780553194), 'fees_total': np.float64(83.9136211268692)}",TwoRedBelow20,5,5610_rsi_enabled=False_rsi_min=50_rsi_exit_enabled=False_adx_enabled=False_adx_min=18_bb_enabled=True_bb_length=20_bb_stddev=2.0_sma_enabled=True_sma_length=50_macd_enabled=False_macd_fast=12_macd_slow=26_macd_signal=9_combination_mode=all_protective_exit=False_use_hard_stop=True_hard_stop_pct=5.0_use_trailing_stop=True_trailing_stop_pct=10.0
BAJAJFINSV.NS,2016-10-18,2016-11-02,150,331.3230285644531,335.9601745605469,331.4886900787353,335.79219447326665,49723.3035118103,50368.82917099,645.5256591797006,561.0277064664659,1.2982356633371617,1.128299342245453,1.1220554129329319,84.49795271323464,"{'brokerage_entry': 20.0, 'brokerage_exit': 20.0, 'exchange_entry': np.float64(1.476782114300766), 'exchange_exit': np.float64(1.495954226378403), 'sebi_entry': np.float64(0.0497233035118103), 'sebi_exit': np.float64(0.05036882917099), 'ipft_entry': np.float64(0.0497233035118103), 'ipft_exit': np.float64(0.05036882917099), 'stamp_buy': np.float64(1.491699105354309), 'stt_sell': np.float64(12.592207292747501), 'dp_sell': 16.5, 'gst': np.float64(10.74112570908806), 'fees_total': np.float64(84.49795271323464)}",Time,10,5610_rsi_enabled=False_rsi_min=50_rsi_exit_enabled=False_adx_enabled=False_adx_min=18_bb_enabled=True_bb_length=20_bb_stddev=2.0_sma_enabled=True_sma_length=50_macd_enabled=False_macd_fast=12_macd_slow=26_macd_signal=9_combination_mode=all_protective_exit=False_use_hard_stop=True_hard_stop_pct=5.0_use_trailing_stop=True_trailing_stop_pct=10.0
BAJAJFINSV.NS,2017-12-20,2018-01-01,94,529.45361328125,515.416748046875,529.7183400878906,515.1590396728516,49793.52396826172,48424.94972924805,-1368.5742390136656,-1452.5182423921547,-2.7484984591289257,-2.9170826377301324,-2.905036484784309,83.9440033784889,"{'brokerage_entry': 20.0, 'brokerage_exit': 20.0, 'exchange_entry': np.float64(1.478867661857373), 'exchange_exit': np.float64(1.4382210069586672), 'sebi_entry': np.float64(0.04979352396826171), 'sebi_exit': np.float64(0.04842494972924805), 'ipft_entry': np.float64(0.04979352396826171), 'ipft_exit': np.float64(0.04842494972924805), 'stamp_buy': np.float64(1.4938057190478515), 'stt_sell': np.float64(12.106237432312014), 'dp_sell': 16.5, 'gst': np.float64(10.730434610917989), 'fees_total': np.float64(83.9440033784889)}",TwoRedBelow20,7,5610_rsi_enabled=False_rsi_min=50_rsi_exit_enabled=False_adx_enabled=False_adx_min=18_bb_enabled=True_bb_length=20_bb_stddev=2.0_sma_enabled=True_sma_length=50_macd_enabled=False_macd_fast=12_macd_slow=26_macd_signal=9_combination_mode=all_protective_exit=False_use_hard_stop=True_hard_stop_pct=5.0_use_trailing_stop=True_trailing_stop_pct=10.0
BAJAJFINSV.NS,2018-02-12,2018-02-19,95,521.7549438476562,495.6671966552734,522.01582131958,495.4193630569458,49591.5030253601,47064.83949040985,-2526.6635349502467,-2610.203017061755,-5.094952523738113,-5.263407757024322,-5.22040603412351,83.53948211150816,"{'brokerage_entry': 20.0, 'brokerage_exit': 20.0, 'exchange_entry': np.float64(1.472867639853195), 'exchange_exit': np.float64(1.3978257328651726), 'sebi_entry': np.float64(0.0495915030253601), 'sebi_exit': np.float64(0.04706483949040985), 'ipft_entry': np.float64(0.0495915030253601), 'ipft_exit': np.float64(0.04706483949040985), 'stamp_buy': np.float64(1.487745090760803), 'stt_sell': np.float64(11.766209872602463), 'dp_sell': 16.5, 'gst': np.float64(10.721521090394983), 'fees_total': np.float64(83.53948211150816)}",HSL,4,5610_rsi_enabled=False_rsi_min=50_rsi_exit_enabled=False_adx_enabled=False_adx_min=18_bb_enabled=True_bb_length=20_bb_stddev=2.0_sma_enabled=True_sma_length=50_macd_enabled=False_macd_fast=12_macd_slow=26_macd_signal=9_combination_mode=all_protective_exit=False_use_hard_stop=True_hard_stop_pct=5.0_use_trailing_stop=True_trailing_stop_pct=10.0
BAJAJFINSV.NS,2018-03-21,2018-04-06,97,511.3955383300781,546.5499267578125,511.65123609924314,546.2766517944336,49630.169901626585,52988.835224060065,3358.6653224334805,3273.420642024685,6.767386307745449,6.595626508055539,6.54684128404937,85.24468040879526,"{'brokerage_entry': 20.0, 'brokerage_exit': 20.0, 'exchange_entry': np.float64(1.4740160460783096), 'exchange_exit': np.float64(1.573768406154584), 'sebi_entry': np.float64(0.04963016990162658), 'sebi_exit': np.float64(0.05298883522406006), 'ipft_entry': np.float64(0.04963016990162658), 'ipft_exit': np.float64(0.05298883522406006), 'stamp_buy': np.float64(1.4889050970487976), 'stt_sell': np.float64(13.247208806015017), 'dp_sell': 16.5, 'gst': np.float64(10.75554404324717), 'fees_total': np.float64(85.24468040879526)}",Time,10,5610_rsi_enabled=False_rsi_min=50_rsi_exit_enabled=False_adx_enabled=False_adx_min=18_bb_enabled=True_bb_length=20_bb_stddev=2.0_sma_enabled=True_sma_length=50_macd_enabled=False_macd_fast=12_macd_slow=26_macd_signal=9_combination_mode=all_protective_exit=False_use_hard_stop=True_hard_stop_pct=5.0_use_trailing_stop=True_trailing_stop_pct=10.0
BAJAJFINSV.NS,2018-05-18,2018-06-01,87,571.0209350585938,586.2088623046875,571.3064455261231,585.9157578735352,49703.660760772706,50974.670934997564,1271.010174224859,1186.3394229928745,2.5571761813326432,2.386825044341928,2.3726788459857486,84.67075123198457,"{'brokerage_entry': 20.0, 'brokerage_exit': 20.0, 'exchange_entry': np.float64(1.4761987245949493), 'exchange_exit': np.float64(1.5139477267694277), 'sebi_entry': np.float64(0.049703660760772705), 'sebi_exit': np.float64(0.050974670934997565), 'ipft_entry': np.float64(0.049703660760772705), 'ipft_exit': np.float64(0.050974670934997565), 'stamp_buy': np.float64(1.4911098228231812), 'stt_sell': np.float64(12.743667733749392), 'dp_sell': 16.5, 'gst': np.float64(10.744470560656065), 'fees_total': np.float64(84.67075123198457)}",Time,10,5610_rsi_enabled=False_rsi_min=50_rsi_exit_enabled=False_adx_enabled=False_adx_min=18_bb_enabled=True_bb_length=20_bb_stddev=2.0_sma_enabled=True_sma_length=50_macd_enabled=False_macd_fast=12_macd_slow=26_macd_signal=9_combination_mode=all_protective_exit=False_use_hard_stop=True_hard_stop_pct=5.0_use_trailing_stop=True_trailing_stop_pct=10.0
BAJAJFINSV.NS,2019-11-05,2019-11-20,56,882.0944213867188,905.3788452148438,882.5354685974121,904.9261557922364,49421.98624145507,50675.86472436524,1253.8784829101642,1169.3125969286018,2.5370863825347696,2.3659765336339,2.3386251938572036,84.56588598156245,"{'brokerage_entry': 20.0, 'brokerage_exit': 20.0, 'exchange_entry': np.float64(1.4678329913712156), 'exchange_exit': np.float64(1.5050731823136476), 'sebi_entry': np.float64(0.04942198624145507), 'sebi_exit': np.float64(0.050675864724365235), 'ipft_entry': np.float64(0.04942198624145507), 'ipft_exit': np.float64(0.050675864724365235), 'stamp_buy': np.float64(1.4826595872436523), 'stt_sell': np.float64(12.66896618109131), 'dp_sell': 16.5, 'gst': np.float64(10.74115833761097), 'fees_total': np.float64(84.56588598156245)}",Time,10,5610_rsi_enabled=False_rsi_min=50_rsi_exit_enabled=False_adx_enabled=False_adx_min=18_bb_enabled=True_bb_length=20_bb_stddev=2.0_sma_enabled=True_sma_length=50_macd_enabled=False_macd_fast=12_macd_slow=26_macd_signal=9_combination_mode=all_protective_exit=False_use_hard_stop=True_hard_stop_pct=5.0_use_trailing_stop=True_trailing_stop_pct=10.0
BAJAJFINSV.NS,2020-01-17,2020-01-31,51,968.7755737304688,941.4923095703125,969.259961517334,941.0215634155273,49432.25803738403,47992.09973419189,-1440.15830319214,-1523.953551393613,-2.9133977697377174,-3.082913085299676,-3.047907102787226,83.79524820147307,"{'brokerage_entry': 20.0, 'brokerage_exit': 20.0, 'exchange_entry': np.float64(1.4681380637103059), 'exchange_exit': np.float64(1.4253653621054991), 'sebi_entry': np.float64(0.04943225803738403), 'sebi_exit': np.float64(0.04799209973419189), 'ipft_entry': np.float64(0.04943225803738403), 'ipft_exit': np.float64(0.04799209973419189), 'stamp_buy': np.float64(1.482967741121521), 'stt_sell': np.float64(11.998024933547974), 'dp_sell': 16.5, 'gst': np.float64(10.725903385444614), 'fees_total': np.float64(83.79524820147307)}",Time,10,5610_rsi_enabled=False_rsi_min=50_rsi_exit_enabled=False_adx_enabled=False_adx_min=18_bb_enabled=True_bb_length=20_bb_stddev=2.0_sma_enabled=True_sma_length=50_macd_enabled=False_macd_fast=12_macd_slow=26_macd_signal=9_combination_mode=all_protective_exit=False_use_hard_stop=True_hard_stop_pct=5.0_use_trailing_stop=True_trailing_stop_pct=10.0
BAJAJFINSV.NS,2024-08-27,2024-09-10,29,1718.162841796875,1823.611572265625,1719.0219232177733,1822.6997664794924,49851.63577331543,52858.29322790528,3006.6574545898475,2921.435364605452,6.03121122897887,5.860259787441593,5.842870729210905,85.22208998439545,"{'brokerage_entry': 20.0, 'brokerage_exit': 20.0, 'exchange_entry': np.float64(1.4805935824674683), 'exchange_exit': np.float64(1.5698913088687867), 'sebi_entry': np.float64(0.049851635773315424), 'sebi_exit': np.float64(0.05285829322790527), 'ipft_entry': np.float64(0.049851635773315424), 'ipft_exit': np.float64(0.05285829322790527), 'stamp_buy': np.float64(1.495549073199463), 'stt_sell': np.float64(13.21457330697632), 'dp_sell': 16.5, 'gst': np.float64(10.756062854880964), 'fees_total': np.float64(85.22208998439545)}",Time,10,5610_rsi_enabled=False_rsi_min=50_rsi_exit_enabled=False_adx_enabled=False_adx_min=18_bb_enabled=True_bb_length=20_bb_stddev=2.0_sma_enabled=True_sma_length=50_macd_enabled=False_macd_fast=12_macd_slow=26_macd_signal=9_combination_mode=all_protective_exit=False_use_hard_stop=True_hard_stop_pct=5.0_use_trailing_stop=True_trailing_stop_pct=10.0
BDL.NS,2019-02-27,2019-03-05,384,129.8940887451172,127.25465281617392,129.95903578948975,127.19102548976583,49904.26974316406,48841.35378807008,-1062.9159550939803,-1146.9871004271022,-2.129909846520857,-2.2983746808242147,-2.2939742008542043,84.07114533312179,"{'brokerage_entry': 20.0, 'brokerage_exit': 20.0, 'exchange_entry': np.float64(1.4821568113719727), 'exchange_exit': np.float64(1.4505882075056815), 'sebi_entry': np.float64(0.04990426974316406), 'sebi_exit': np.float64(0.04884135378807008), 'ipft_entry': np.float64(0.04990426974316406), 'ipft_exit': np.float64(0.04884135378807008), 'stamp_buy': np.float64(1.497128092294922), 'stt_sell': np.float64(12.21033844701752), 'dp_sell': 16.5, 'gst': np.float64(10.733442527869222), 'fees_total': np.float64(84.07114533312179)}",TSL,3,5610_rsi_enabled=False_rsi_min=50_rsi_exit_enabled=False_adx_enabled=False_adx_min=18_bb_enabled=True_bb_length=20_bb_stddev=2.0_sma_enabled=True_sma_length=50_macd_enabled=False_macd_fast=12_macd_slow=26_macd_signal=9_combination_mode=all_protective_exit=False_use_hard_stop=True_hard_stop_pct=5.0_use_trailing_stop=True_trailing_stop_pct=10.0
BDL.NS,2019-05-24,2019-05-31,355,140.4291534423828,139.61458909723393,140.499368019104,139.54478180268532,49877.27564678192,49538.39753995329,-338.87810682863346,-423.14776715424824,-0.6794238507100535,-0.848377866808268,-0.8462955343084965,84.26966032561478,"{'brokerage_entry': 20.0, 'brokerage_exit': 20.0, 'exchange_entry': np.float64(1.481355086709423), 'exchange_exit': np.float64(1.4712904069366126), 'sebi_entry': np.float64(0.04987727564678192), 'sebi_exit': np.float64(0.04953839753995328), 'ipft_entry': np.float64(0.04987727564678192), 'ipft_exit': np.float64(0.04953839753995328), 'stamp_buy': np.float64(1.4963182694034576), 'stt_sell': np.float64(12.384599384988322), 'dp_sell': 16.5, 'gst': np.float64(10.737265831203509), 'fees_total': np.float64(84.26966032561478)}",TSL,5,5610_rsi_enabled=False_rsi_min=50_rsi_exit_enabled=False_adx_enabled=False_adx_min=18_bb_enabled=True_bb_length=20_bb_stddev=2.0_sma_enabled=True_sma_length=50_macd_enabled=False_macd_fast=12_macd_slow=26_macd_signal=9_combination_mode=all_protective_exit=False_use_hard_stop=True_hard_stop_pct=5.0_use_trailing_stop=True_trailing_stop_pct=10.0
BDL.NS,2019-10-29,2019-11-13,333,150.02249145507812,160.80213928222656,150.09750270080565,160.72173821258545,49982.46839936828,53520.33882479095,3537.870425422676,3452.44924065747,7.07822270231734,6.907320408971848,6.90489848131494,85.4211847652057,"{'brokerage_entry': 20.0, 'brokerage_exit': 20.0, 'exchange_entry': np.float64(1.4844793114612378), 'exchange_exit': np.float64(1.5895540630962914), 'sebi_entry': np.float64(0.04998246839936828), 'sebi_exit': np.float64(0.05352033882479095), 'ipft_entry': np.float64(0.04998246839936828), 'ipft_exit': np.float64(0.05352033882479095), 'stamp_buy': np.float64(1.4994740519810483), 'stt_sell': np.float64(13.380084706197739), 'dp_sell': 16.5, 'gst': np.float64(10.760587018021052), 'fees_total': np.float64(85.4211847652057)}",Time,10,5610_rsi_enabled=False_rsi_min=50_rsi_exit_enabled=False_adx_enabled=False_adx_min=18_bb_enabled=True_bb_length=20_bb_stddev=2.0_sma_enabled=True_sma_length=50_macd_enabled=False_macd_fast=12_macd_slow=26_macd_signal=9_combination_mode=all_protective_exit=False_use_hard_stop=True_hard_stop_pct=5.0_use_trailing_stop=True_trailing_stop_pct=10.0
BDL.NS,2020-08-04,2020-08-12,253,196.98251342773438,195.7197759830539,197.08100468444823,195.62191609506237,49861.4941851654,49492.34477205078,-369.14941311461735,-453.40477383321866,-0.740349680945673,-0.9093284933448983,-0.9068095476664373,84.25536071860128,"{'brokerage_entry': 20.0, 'brokerage_exit': 20.0, 'exchange_entry': np.float64(1.4808863772994123), 'exchange_exit': np.float64(1.4699226397299083), 'sebi_entry': np.float64(0.049861494185165396), 'sebi_exit': np.float64(0.04949234477205078), 'ipft_entry': np.float64(0.049861494185165396), 'ipft_exit': np.float64(0.04949234477205078), 'stamp_buy': np.float64(1.4958448255549621), 'stt_sell': np.float64(12.373086193012696), 'dp_sell': 16.5, 'gst': np.float64(10.736913005089875), 'fees_total': np.float64(84.25536071860128)}",TSL,6,5610_rsi_enabled=False_rsi_min=50_rsi_exit_enabled=False_adx_enabled=False_adx_min=18_bb_enabled=True_bb_length=20_bb_stddev=2.0_sma_enabled=True_sma_length=50_macd_enabled=False_macd_fast=12_macd_slow=26_macd_signal=9_combination_mode=all_protective_exit=False_use_hard_stop=True_hard_stop_pct=5.0_use_trailing_stop=True_trailing_stop_pct=10.0
BDL.NS,2021-01-06,2021-01-13,298,167.49949645996094,159.1245216369629,167.5832462081909,159.04495937614442,49939.807370040886,47395.39789409104,-2544.4094759498475,-2628.0674403325816,-5.094952523738107,-5.262470118996036,-5.256134880665162,83.65796438273411,"{'brokerage_entry': 20.0, 'brokerage_exit': 20.0, 'exchange_entry': np.float64(1.4832122788902142), 'exchange_exit': np.float64(1.4076433174545038), 'sebi_entry': np.float64(0.04993980737004088), 'sebi_exit': np.float64(0.047395397894091036), 'ipft_entry': np.float64(0.04993980737004088), 'ipft_exit': np.float64(0.047395397894091036), 'stamp_buy': np.float64(1.4981942211012267), 'stt_sell': np.float64(11.84884947352276), 'dp_sell': 16.5, 'gst': np.float64(10.725394681237136), 'fees_total': np.float64(83.65796438273411)}",HSL,5,5610_rsi_enabled=False_rsi_min=50_rsi_exit_enabled=False_adx_enabled=False_adx_min=18_bb_enabled=True_bb_length=20_bb_stddev=2.0_sma_enabled=True_sma_length=50_macd_enabled=False_macd_fast=12_macd_slow=26_macd_signal=9_combination_mode=all_protective_exit=False_use_hard_stop=True_hard_stop_pct=5.0_use_trailing_stop=True_trailing_stop_pct=10.0
BDL.NS,2021-02-12,2021-02-26,299,166.6743927001953,165.1655731201172,166.7577298965454,165.08299033355715,49860.56123906708,49359.81410973359,-500.7471293334893,-584.964337058392,-1.0042950117078517,-1.1732004665042894,-1.1699286741167838,84.21720772490266,"{'brokerage_entry': 20.0, 'brokerage_exit': 20.0, 'exchange_entry': np.float64(1.4808586688002923), 'exchange_exit': np.float64(1.4659864790590877), 'sebi_entry': np.float64(0.049860561239067076), 'sebi_exit': np.float64(0.049359814109733585), 'ipft_entry': np.float64(0.049860561239067076), 'ipft_exit': np.float64(0.049359814109733585), 'stamp_buy': np.float64(1.4958168371720124), 'stt_sell': np.float64(12.339953527433398), 'dp_sell': 16.5, 'gst': np.float64(10.736151461740256), 'fees_total': np.float64(84.21720772490266)}",Time,10,5610_rsi_enabled=False_rsi_min=50_rsi_exit_enabled=False_adx_enabled=False_adx_min=18_bb_enabled=True_bb_length=20_bb_stddev=2.0_sma_enabled=True_sma_length=50_macd_enabled=False_macd_fast=12_macd_slow=26_macd_signal=9_combination_mode=all_protective_exit=False_use_hard_stop=True_hard_stop_pct=5.0_use_trailing_stop=True_trailing_stop_pct=10.0
BDL.NS,2021-10-19,2021-10-29,242,206.41990661621094,196.0989112854004,206.52311656951903,196.0008618297577,49978.594209823605,47432.20856280136,-2546.3856470222454,-2630.056805477753,-5.094952523738128,-5.262366513223774,-5.260113610955506,83.67115845550786,"{'brokerage_entry': 20.0, 'brokerage_exit': 20.0, 'exchange_entry': np.float64(1.4843642480317611), 'exchange_exit': np.float64(1.4087365943152004), 'sebi_entry': np.float64(0.049978594209823604), 'sebi_exit': np.float64(0.04743220856280136), 'ipft_entry': np.float64(0.049978594209823604), 'ipft_exit': np.float64(0.04743220856280136), 'stamp_buy': np.float64(1.4993578262947083), 'stt_sell': np.float64(11.85805214070034), 'dp_sell': 16.5, 'gst': np.float64(10.725826040620598), 'fees_total': np.float64(83.67115845550786)}",HSL,8,5610_rsi_enabled=False_rsi_min=50_rsi_exit_enabled=False_adx_enabled=False_adx_min=18_bb_enabled=True_bb_length=20_bb_stddev=2.0_sma_enabled=True_sma_length=50_macd_enabled=False_macd_fast=12_macd_slow=26_macd_signal=9_combination_mode=all_protective_exit=False_use_hard_stop=True_hard_stop_pct=5.0_use_trailing_stop=True_trailing_stop_pct=10.0
BDL.NS,2022-03-11,2022-03-28,207,241.09657287597656,269.6091240380982,241.21712116241454,269.47431947607913,49931.94408061981,55781.18413154838,5849.240050928573,5763.172491299362,11.71442482088105,11.542055086007025,11.526344982598724,86.06755962921005,"{'brokerage_entry': 20.0, 'brokerage_exit': 20.0, 'exchange_entry': np.float64(1.4829787391944085), 'exchange_exit': np.float64(1.656701168706987), 'sebi_entry': np.float64(0.04993194408061981), 'sebi_exit': np.float64(0.05578118413154838), 'ipft_entry': np.float64(0.04993194408061981), 'ipft_exit': np.float64(0.05578118413154838), 'stamp_buy': np.float64(1.4979583224185944), 'stt_sell': np.float64(13.945296032887097), 'dp_sell': 16.5, 'gst': np.float64(10.77319910957863), 'fees_total': np.float64(86.06755962921005)}",TSL,10,5610_rsi_enabled=False_rsi_min=50_rsi_exit_enabled=False_adx_enabled=False_adx_min=18_bb_enabled=True_bb_length=20_bb_stddev=2.0_sma_enabled=True_sma_length=50_macd_enabled=False_macd_fast=12_macd_slow=26_macd_signal=9_combination_mode=all_protective_exit=False_use_hard_stop=True_hard_stop_pct=5.0_use_trailing_stop=True_trailing_stop_pct=10.0
BDL.NS,2022-09-13,2022-09-16,119,417.6298522949219,430.460095096742,417.83866722106933,430.24486504919366,49722.80139930725,51199.13894085405,1476.3375415467963,1391.6009866692395,2.96913588936959,2.7987179875360515,2.783201973338479,84.73655487755681,"{'brokerage_entry': 20.0, 'brokerage_exit': 20.0, 'exchange_entry': np.float64(1.4767672015594253), 'exchange_exit': np.float64(1.5206144265433652), 'sebi_entry': np.float64(0.04972280139930725), 'sebi_exit': np.float64(0.051199138940854046), 'ipft_entry': np.float64(0.04972280139930725), 'ipft_exit': np.float64(0.051199138940854046), 'stamp_buy': np.float64(1.4916840419792177), 'stt_sell': np.float64(12.799784735213512), 'dp_sell': 16.5, 'gst': np.float64(10.745860591580959), 'fees_total': np.float64(84.73655487755681)}",TSL,3,5610_rsi_enabled=False_rsi_min=50_rsi_exit_enabled=False_adx_enabled=False_adx_min=18_bb_enabled=True_bb_length=20_bb_stddev=2.0_sma_enabled=True_sma_length=50_macd_enabled=False_macd_fast=12_macd_slow=26_macd_signal=9_combination_mode=all_protective_exit=False_use_hard_stop=True_hard_stop_pct=5.0_use_trailing_stop=True_trailing_stop_pct=10.0
BDL.NS,2023-11-08,2023-11-23,95,523.337646484375,548.0250244140625,523.5993153076172,547.7510119018555,49741.93495422363,52036.34613067627,2294.4111764526388,2209.4327134890814,4.612629521879543,4.441790846138921,4.418865426978162,84.97846296355755,"{'brokerage_entry': 20.0, 'brokerage_exit': 20.0, 'exchange_entry': np.float64(1.4773354681404418), 'exchange_exit': np.float64(1.5454794800810852), 'sebi_entry': np.float64(0.049741934954223625), 'sebi_exit': np.float64(0.052036346130676266), 'ipft_entry': np.float64(0.049741934954223625), 'ipft_exit': np.float64(0.052036346130676266), 'stamp_buy': np.float64(1.492258048626709), 'stt_sell': np.float64(13.009086532669068), 'dp_sell': 16.5, 'gst': np.float64(10.750746871870438), 'fees_total': np.float64(84.97846296355755)}",Time,10,5610_rsi_enabled=False_rsi_min=50_rsi_exit_enabled=False_adx_enabled=False_adx_min=18_bb_enabled=True_bb_length=20_bb_stddev=2.0_sma_enabled=True_sma_length=50_macd_enabled=False_macd_fast=12_macd_slow=26_macd_signal=9_combination_mode=all_protective_exit=False_use_hard_stop=True_hard_stop_pct=5.0_use_trailing_stop=True_trailing_stop_pct=10.0
BEL.NS,2015-06-26,2015-07-06,1734,28.82028579711914,27.379271507263184,28.8346959400177,27.365581871509555,49999.36275999069,47451.91896519757,-2547.443794793122,-2631.122018061433,-5.094952523738117,-5.262311103226395,-5.262244036122866,83.6782232683115,"{'brokerage_entry': 20.0, 'brokerage_exit': 20.0, 'exchange_entry': np.float64(1.4849810739717235), 'exchange_exit': np.float64(1.4093219932663679), 'sebi_entry': np.float64(0.04999936275999069), 'sebi_exit': np.float64(0.04745191896519756), 'ipft_entry': np.float64(0.04999936275999069), 'ipft_exit': np.float64(0.04745191896519756), 'stamp_buy': np.float64(1.4999808827997207), 'stt_sell': np.float64(11.862979741299393), 'dp_sell': 16.5, 'gst': np.float64(10.726057013523922), 'fees_total': np.float64(83.6782232683115)}",HSL,6,5610_rsi_enabled=False_rsi_min=50_rsi_exit_enabled=False_adx_enabled=False_adx_min=18_bb_enabled=True_bb_length=20_bb_stddev=2.0_sma_enabled=True_sma_length=50_macd_enabled=False_macd_fast=12_macd_slow=26_macd_signal=9_combination_mode=all_protective_exit=False_use_hard_stop=True_hard_stop_pct=5.0_use_trailing_stop=True_trailing_stop_pct=10.0
BEL.NS,2016-11-29,2016-12-13,1386,36.03700256347656,37.73604202270508,36.0550210647583,37.71717400169373,49972.259195755,52276.00316634751,2303.7439705925062,2218.68110352313,4.6100456686741165,4.439825493644283,4.4373622070462595,85.06286706937632,"{'brokerage_entry': 20.0, 'brokerage_exit': 20.0, 'exchange_entry': np.float64(1.4841760981139236), 'exchange_exit': np.float64(1.552597294040521), 'sebi_entry': np.float64(0.049972259195755), 'sebi_exit': np.float64(0.05227600316634751), 'ipft_entry': np.float64(0.049972259195755), 'ipft_exit': np.float64(0.05227600316634751), 'stamp_buy': np.float64(1.49916777587265), 'stt_sell': np.float64(13.069000791586877), 'dp_sell': 16.5, 'gst': np.float64(10.753428585038156), 'fees_total': np.float64(85.06286706937632)}",Time,10,5610_rsi_enabled=False_rsi_min=50_rsi_exit_enabled=False_adx_enabled=False_adx_min=18_bb_enabled=True_bb_length=20_bb_stddev=2.0_sma_enabled=True_sma_length=50_macd_enabled=False_macd_fast=12_macd_slow=26_macd_signal=9_combination_mode=all_protective_exit=False_use_hard_stop=True_hard_stop_pct=5.0_use_trailing_stop=True_trailing_stop_pct=10.0
BEL.NS,2017-01-10,2017-01-24,1290,38.71039581298828,38.92165756225586,38.72975101089477,38.90219673347473,49961.37880405426,50183.833786182404,222.4549821281471,137.99415049532945,0.4452538890101555,0.2762016457482785,0.2759883009906589,84.46083163281763,"{'brokerage_entry': 20.0, 'brokerage_exit': 20.0, 'exchange_entry': np.float64(1.4838529504804114), 'exchange_exit': np.float64(1.4904598634496173), 'sebi_entry': np.float64(0.049961378804054254), 'sebi_exit': np.float64(0.0501838337861824), 'ipft_entry': np.float64(0.049961378804054254), 'ipft_exit': np.float64(0.0501838337861824), 'stamp_buy': np.float64(1.4988413641216278), 'stt_sell': np.float64(12.545958446545601), 'dp_sell': 16.5, 'gst': np.float64(10.741428583039891), 'fees_total': np.float64(84.46083163281763)}",Time,10,5610_rsi_enabled=False_rsi_min=50_rsi_exit_enabled=False_adx_enabled=False_adx_min=18_bb_enabled=True_bb_length=20_bb_stddev=2.0_sma_enabled=True_sma_length=50_macd_enabled=False_macd_fast=12_macd_slow=26_macd_signal=9_combination_mode=all_protective_exit=False_use_hard_stop=True_hard_stop_pct=5.0_use_trailing_stop=True_trailing_stop_pct=10.0
BEL.NS,2017-04-06,2017-04-21,1170,42.703765869140625,46.57419204711914,42.72511775207519,46.55090495109558,49988.38776992798,54464.558792781834,4476.171022853858,4390.47806460344,8.95442166179769,8.782995932596698,8.78095612920688,85.69295825041802,"{'brokerage_entry': 20.0, 'brokerage_exit': 20.0, 'exchange_entry': np.float64(1.484655116766861), 'exchange_exit': np.float64(1.6175973961456205), 'sebi_entry': np.float64(0.04998838776992797), 'sebi_exit': np.float64(0.05446455879278183), 'ipft_entry': np.float64(0.04998838776992797), 'ipft_exit': np.float64(0.05446455879278183), 'stamp_buy': np.float64(1.4996516330978393), 'stt_sell': np.float64(13.61613969819546), 'dp_sell': 16.5, 'gst': np.float64(10.76600851308682), 'fees_total': np.float64(85.69295825041802)}",Time,10,5610_rsi_enabled=False_rsi_min=50_rsi_exit_enabled=False_adx_enabled=False_adx_min=18_bb_enabled=True_bb_length=20_bb_stddev=2.0_sma_enabled=True_sma_length=50_macd_enabled=False_macd_fast=12_macd_slow=26_macd_signal=9_combination_mode=all_protective_exit=False_use_hard_stop=True_hard_stop_pct=5.0_use_trailing_stop=True_trailing_stop_pct=10.0
BEL.NS,2019-03-01,2019-03-18,2023,24.69765853881836,27.414403915405273,24.710007368087766,27.400696713447573,49988.34490564155,55431.60945130444,5443.264545662889,5357.293654140218,10.889067353475383,10.71708548113104,10.714587308280436,85.97089152267127,"{'brokerage_entry': 20.0, 'brokerage_exit': 20.0, 'exchange_entry': np.float64(1.484653843697554), 'exchange_exit': np.float64(1.6463188007037417), 'sebi_entry': np.float64(0.049988344905641545), 'sebi_exit': np.float64(0.05543160945130444), 'ipft_entry': np.float64(0.049988344905641545), 'ipft_exit': np.float64(0.05543160945130444), 'stamp_buy': np.float64(1.4996503471692464), 'stt_sell': np.float64(13.85790236282611), 'dp_sell': 16.5, 'gst': np.float64(10.771526259560732), 'fees_total': np.float64(85.97089152267127)}",Time,10,5610_rsi_enabled=False_rsi_min=50_rsi_exit_enabled=False_adx_enabled=False_adx_min=18_bb_enabled=True_bb_length=20_bb_stddev=2.0_sma_enabled=True_sma_length=50_macd_enabled=False_macd_fast=12_macd_slow=26_macd_signal=9_combination_mode=all_protective_exit=False_use_hard_stop=True_hard_stop_pct=5.0_use_trailing_stop=True_trailing_stop_pct=10.0
BEL.NS,2019-05-20,2019-06-03,1718,29.07293128967285,32.5569953918457,29.087467755317686,32.54071689414978,49972.26960363578,55904.951624149326,5932.682020513545,5846.5761711821515,11.871948317676383,11.699641056040365,11.693152342364304,86.10584933139293,"{'brokerage_entry': 20.0, 'brokerage_exit': 20.0, 'exchange_entry': np.float64(1.4841764072279826), 'exchange_exit': np.float64(1.660377063237235), 'sebi_entry': np.float64(0.04997226960363578), 'sebi_exit': np.float64(0.055904951624149324), 'ipft_entry': np.float64(0.04997226960363578), 'ipft_exit': np.float64(0.055904951624149324), 'stamp_buy': np.float64(1.4991680881090734), 'stt_sell': np.float64(13.976237906037332), 'dp_sell': 16.5, 'gst': np.float64(10.774135424325742), 'fees_total': np.float64(86.10584933139293)}",Time,10,5610_rsi_enabled=False_rsi_min=50_rsi_exit_enabled=False_adx_enabled=False_adx_min=18_bb_enabled=True_bb_length=20_bb_stddev=2.0_sma_enabled=True_sma_length=50_macd_enabled=False_macd_fast=12_macd_slow=26_macd_signal=9_combination_mode=all_protective_exit=False_use_hard_stop=True_hard_stop_pct=5.0_use_trailing_stop=True_trailing_stop_pct=10.0
BEL.NS,2019-08-26,2019-09-11,1641,30.451026916503906,32.16426467895508,30.466252429962157,32.1481825466156,49995.1202375679,52755.1675589962,2760.0473214283047,2674.8451986661103,5.520633430448916,5.3502125526565845,5.34969039733222,85.20212276219438,"{'brokerage_entry': 20.0, 'brokerage_exit': 20.0, 'exchange_entry': np.float64(1.4848550710557666), 'exchange_exit': np.float64(1.5668284765021872), 'sebi_entry': np.float64(0.04999512023756789), 'sebi_exit': np.float64(0.0527551675589962), 'ipft_entry': np.float64(0.04999512023756789), 'ipft_exit': np.float64(0.0527551675589962), 'stamp_buy': np.float64(1.499853607127037), 'stt_sell': np.float64(13.188791889749051), 'dp_sell': 16.5, 'gst': np.float64(10.756293142167197), 'fees_total': np.float64(85.20212276219438)}",Time,10,5610_rsi_enabled=False_rsi_min=50_rsi_exit_enabled=False_adx_enabled=False_adx_min=18_bb_enabled=True_bb_length=20_bb_stddev=2.0_sma_enabled=True_sma_length=50_macd_enabled=False_macd_fast=12_macd_slow=26_macd_signal=9_combination_mode=all_protective_exit=False_use_hard_stop=True_hard_stop_pct=5.0_use_trailing_stop=True_trailing_stop_pct=10.0
BEL.NS,2019-10-18,2019-11-04,1439,34.726688385009766,35.60565185546875,34.74405172920227,35.58784902954102,49996.69043832207,51210.914753509525,1214.2243151874573,1129.4659141061245,2.428609383025809,2.2590813595941497,2.258931828212249,84.75840108133269,"{'brokerage_entry': 20.0, 'brokerage_exit': 20.0, 'exchange_entry': np.float64(1.4849017060181655), 'exchange_exit': np.float64(1.520964168179233), 'sebi_entry': np.float64(0.04999669043832206), 'sebi_exit': np.float64(0.05121091475350952), 'ipft_entry': np.float64(0.04999669043832206), 'ipft_exit': np.float64(0.05121091475350952), 'stamp_buy': np.float64(1.499900713149662), 'stt_sell': np.float64(12.802728688377382), 'dp_sell': 16.5, 'gst': np.float64(10.74749059522459), 'fees_total': np.float64(84.75840108133269)}",Time,10,5610_rsi_enabled=False_rsi_min=50_rsi_exit_enabled=False_adx_enabled=False_adx_min=18_bb_enabled=True_bb_length=20_bb_stddev=2.0_sma_enabled=True_sma_length=50_macd_enabled=False_macd_fast=12_macd_slow=26_macd_signal=9_combination_mode=all_protective_exit=False_use_hard_stop=True_hard_stop_pct=5.0_use_trailing_stop=True_trailing_stop_pct=10.0
BEL.NS,2020-08-04,2020-08-18,1643,30.40684700012207,33.82912826538086,30.422050423622128,33.81221370124817,49983.42884601116,55553.46711115074,5570.038265139585,5484.0326823662435,11.14376983279748,10.971701639880369,10.968065364732487,86.00558277334163,"{'brokerage_entry': 20.0, 'brokerage_exit': 20.0, 'exchange_entry': np.float64(1.4845078367265314), 'exchange_exit': np.float64(1.649937973201177), 'sebi_entry': np.float64(0.04998342884601115), 'sebi_exit': np.float64(0.05555346711115074), 'ipft_entry': np.float64(0.04998342884601115), 'ipft_exit': np.float64(0.05555346711115074), 'stamp_buy': np.float64(1.4995028653803348), 'stt_sell': np.float64(13.888366777787686), 'dp_sell': 16.5, 'gst': np.float64(10.772193528331567), 'fees_total': np.float64(86.00558277334163)}",Time,10,5610_rsi_enabled=False_rsi_min=50_rsi_exit_enabled=False_adx_enabled=False_adx_min=18_bb_enabled=True_bb_length=20_bb_stddev=2.0_sma_enabled=True_sma_length=50_macd_enabled=False_macd_fast=12_macd_slow=26_macd_signal=9_combination_mode=all_protective_exit=False_use_hard_stop=True_hard_stop_pct=5.0_use_trailing_stop=True_trailing_stop_pct=10.0
BEL.NS,2021-08-27,2021-09-13,860,58.072017669677734,61.582035064697266,58.10105367851257,61.55124404716492,49966.90616352081,52934.06988056183,2967.1637170410177,2881.9120784760667,5.938257828753155,5.767641624728119,5.763824156952134,85.25163856495104,"{'brokerage_entry': 20.0, 'brokerage_exit': 20.0, 'exchange_entry': np.float64(1.4840171130565682), 'exchange_exit': np.float64(1.5721418754526864), 'sebi_entry': np.float64(0.04996690616352081), 'sebi_exit': np.float64(0.052934069880561825), 'ipft_entry': np.float64(0.04996690616352081), 'ipft_exit': np.float64(0.052934069880561825), 'stamp_buy': np.float64(1.4990071849056243), 'stt_sell': np.float64(13.233517470140457), 'dp_sell': 16.5, 'gst': np.float64(10.757152969307535), 'fees_total': np.float64(85.25163856495104)}",Time,10,5610_rsi_enabled=False_rsi_min=50_rsi_exit_enabled=False_adx_enabled=False_adx_min=18_bb_enabled=True_bb_length=20_bb_stddev=2.0_sma_enabled=True_sma_length=50_macd_enabled=False_macd_fast=12_macd_slow=26_macd_signal=9_combination_mode=all_protective_exit=False_use_hard_stop=True_hard_stop_pct=5.0_use_trailing_stop=True_trailing_stop_pct=10.0
BEL.NS,2021-12-14,2021-12-17,755,66.15419006347656,63.47394943237305,66.18726715850829,63.442212457656865,49971.38670467376,47898.870405530935,-2072.5162991428224,-2156.32109318281,-4.147406017349891,-4.315111577604333,-4.312642186365619,83.80479403998727,"{'brokerage_entry': 20.0, 'brokerage_exit': 20.0, 'exchange_entry': np.float64(1.4841501851288106), 'exchange_exit': np.float64(1.4225964510442688), 'sebi_entry': np.float64(0.049971386704673756), 'sebi_exit': np.float64(0.04789887040553093), 'ipft_entry': np.float64(0.049971386704673756), 'ipft_exit': np.float64(0.04789887040553093), 'stamp_buy': np.float64(1.4991416011402128), 'stt_sell': np.float64(11.974717601382734), 'dp_sell': 16.5, 'gst': np.float64(10.72844768707083), 'fees_total': np.float64(83.80479403998727)}",TwoRedBelow20,3,5610_rsi_enabled=False_rsi_min=50_rsi_exit_enabled=False_adx_enabled=False_adx_min=18_bb_enabled=True_bb_length=20_bb_stddev=2.0_sma_enabled=True_sma_length=50_macd_enabled=False_macd_fast=12_macd_slow=26_macd_signal=9_combination_mode=all_protective_exit=False_use_hard_stop=True_hard_stop_pct=5.0_use_trailing_stop=True_trailing_stop_pct=10.0
BEL.NS,2022-10-18,2022-11-02,488,102.27501678466797,103.38513946533203,102.3261542930603,103.33344689559937,49935.16329501342,50426.72208505249,491.5587900390674,407.0299179344271,0.9843940774459328,0.8151168256519421,0.8140598358688541,84.52887210464027,"{'brokerage_entry': 20.0, 'brokerage_exit': 20.0, 'exchange_entry': np.float64(1.4830743498618986), 'exchange_exit': np.float64(1.497673645926059), 'sebi_entry': np.float64(0.04993516329501342), 'sebi_exit': np.float64(0.050426722085052486), 'ipft_entry': np.float64(0.04993516329501342), 'ipft_exit': np.float64(0.050426722085052486), 'stamp_buy': np.float64(1.4980548988504028), 'stt_sell': np.float64(12.606680521263122), 'dp_sell': 16.5, 'gst': np.float64(10.742664917978654), 'fees_total': np.float64(84.52887210464027)}",Time,10,5610_rsi_enabled=False_rsi_min=50_rsi_exit_enabled=False_adx_enabled=False_adx_min=18_bb_enabled=True_bb_length=20_bb_stddev=2.0_sma_enabled=True_sma_length=50_macd_enabled=False_macd_fast=12_macd_slow=26_macd_signal=9_combination_mode=all_protective_exit=False_use_hard_stop=True_hard_stop_pct=5.0_use_trailing_stop=True_trailing_stop_pct=10.0
BEL.NS,2024-11-06,2024-11-13,166,299.49261474609375,284.517984008789,299.6423610534668,284.37572501678466,49740.63193487549,47206.37035278625,-2534.261582089239,-2617.851793203054,-5.094952523738142,-5.263004693286889,-5.235703586406109,83.5902111138151,"{'brokerage_entry': 20.0, 'brokerage_exit': 20.0, 'exchange_entry': np.float64(1.477296768465802), 'exchange_exit': np.float64(1.4020291994777516), 'sebi_entry': np.float64(0.04974063193487549), 'sebi_exit': np.float64(0.04720637035278625), 'ipft_entry': np.float64(0.04974063193487549), 'ipft_exit': np.float64(0.04720637035278625), 'stamp_buy': np.float64(1.4922189580462648), 'stt_sell': np.float64(11.801592588196563), 'dp_sell': 16.5, 'gst': np.float64(10.723179595053399), 'fees_total': np.float64(83.5902111138151)}",HSL,5,5610_rsi_enabled=False_rsi_min=50_rsi_exit_enabled=False_adx_enabled=False_adx_min=18_bb_enabled=True_bb_length=20_bb_stddev=2.0_sma_enabled=True_sma_length=50_macd_enabled=False_macd_fast=12_macd_slow=26_macd_signal=9_combination_mode=all_protective_exit=False_use_hard_stop=True_hard_stop_pct=5.0_use_trailing_stop=True_trailing_stop_pct=10.0
BHARTIARTL.NS,2016-04-25,2016-05-09,163,306.4265441894531,313.12786865234375,306.57975746154784,312.9713047180176,49972.5004662323,51014.322669036876,1041.8222028045784,957.1219340171343,2.0847910212308958,1.915297263669818,1.9142438680342686,84.70026878744407,"{'brokerage_entry': 20.0, 'brokerage_exit': 20.0, 'exchange_entry': np.float64(1.4841832638470993), 'exchange_exit': np.float64(1.5151253832703953), 'sebi_entry': np.float64(0.04997250046623229), 'sebi_exit': np.float64(0.051014322669036875), 'ipft_entry': np.float64(0.04997250046623229), 'ipft_exit': np.float64(0.051014322669036875), 'stamp_buy': np.float64(1.499175013986969), 'stt_sell': np.float64(12.75358066725922), 'dp_sell': 16.5, 'gst': np.float64(10.746230812809847), 'fees_total': np.float64(84.70026878744407)}",Time,10,5610_rsi_enabled=False_rsi_min=50_rsi_exit_enabled=False_adx_enabled=False_adx_min=18_bb_enabled=True_bb_length=20_bb_stddev=2.0_sma_enabled=True_sma_length=50_macd_enabled=False_macd_fast=12_macd_slow=26_macd_signal=9_combination_mode=all_protective_exit=False_use_hard_stop=True_hard_stop_pct=5.0_use_trailing_stop=True_trailing_stop_pct=10.0
BHARTIARTL.NS,2017-06-29,2017-07-13,152,327.7745361328125,346.38751220703125,327.9384234008789,346.21431845092775,49846.64035693359,52624.57640454102,2777.936047607429,2692.781465961406,5.572965455075093,5.402132313591008,5.385562931922812,85.15458164602296,"{'brokerage_entry': 20.0, 'brokerage_exit': 20.0, 'exchange_entry': np.float64(1.4804452186009276), 'exchange_exit': np.float64(1.5629499192148681), 'sebi_entry': np.float64(0.049846640356933584), 'sebi_exit': np.float64(0.05262457640454102), 'ipft_entry': np.float64(0.049846640356933584), 'ipft_exit': np.float64(0.05262457640454102), 'stamp_buy': np.float64(1.4953992107080076), 'stt_sell': np.float64(13.156144101135254), 'dp_sell': 16.5, 'gst': np.float64(10.754700762840972), 'fees_total': np.float64(85.15458164602296)}",Time,10,5610_rsi_enabled=False_rsi_min=50_rsi_exit_enabled=False_adx_enabled=False_adx_min=18_bb_enabled=True_bb_length=20_bb_stddev=2.0_sma_enabled=True_sma_length=50_macd_enabled=False_macd_fast=12_macd_slow=26_macd_signal=9_combination_mode=all_protective_exit=False_use_hard_stop=True_hard_stop_pct=5.0_use_trailing_stop=True_trailing_stop_pct=10.0
BHARTIARTL.NS,2017-10-16,2017-10-31,128,389.4765625,427.1955871582031,389.67130078124995,426.98198936462404,49877.926499999994,54653.69463867188,4775.768138671883,4690.028267396902,9.574913140528976,9.403013710678014,9.380056534793804,85.73987127498114,"{'brokerage_entry': 20.0, 'brokerage_exit': 20.0, 'exchange_entry': np.float64(1.4813744170499998), 'exchange_exit': np.float64(1.6232147307685547), 'sebi_entry': np.float64(0.04987792649999999), 'sebi_exit': np.float64(0.054653694638671875), 'ipft_entry': np.float64(0.04987792649999999), 'ipft_exit': np.float64(0.054653694638671875), 'stamp_buy': np.float64(1.4963377949999999), 'stt_sell': np.float64(13.66342365966797), 'dp_sell': 16.5, 'gst': np.float64(10.766457430217262), 'fees_total': np.float64(85.73987127498114)}",Time,10,5610_rsi_enabled=False_rsi_min=50_rsi_exit_enabled=False_adx_enabled=False_adx_min=18_bb_enabled=True_bb_length=20_bb_stddev=2.0_sma_enabled=True_sma_length=50_macd_enabled=False_macd_fast=12_macd_slow=26_macd_signal=9_combination_mode=all_protective_exit=False_use_hard_stop=True_hard_stop_pct=5.0_use_trailing_stop=True_trailing_stop_pct=10.0
BHARTIARTL.NS,2017-12-08,2017-12-18,110,451.2103271484375,428.6498107910156,451.4359323120117,428.43548588562015,49657.95255432129,47127.90344741822,-2530.0491069030686,-2613.611193071154,-5.094952523738116,-5.263227859046546,-5.227222386142308,83.56208616808527,"{'brokerage_entry': 20.0, 'brokerage_exit': 20.0, 'exchange_entry': np.float64(1.4748411908633423), 'exchange_exit': np.float64(1.3996987323883212), 'sebi_entry': np.float64(0.04965795255432129), 'sebi_exit': np.float64(0.04712790344741822), 'ipft_entry': np.float64(0.04965795255432129), 'ipft_exit': np.float64(0.04712790344741822), 'stamp_buy': np.float64(1.4897385766296387), 'stt_sell': np.float64(11.781975861854555), 'dp_sell': 16.5, 'gst': np.float64(10.722260094345925), 'fees_total': np.float64(83.56208616808527)}",HSL,6,5610_rsi_enabled=False_rsi_min=50_rsi_exit_enabled=False_adx_enabled=False_adx_min=18_bb_enabled=True_bb_length=20_bb_stddev=2.0_sma_enabled=True_sma_length=50_macd_enabled=False_macd_fast=12_macd_slow=26_macd_signal=9_combination_mode=all_protective_exit=False_use_hard_stop=True_hard_stop_pct=5.0_use_trailing_stop=True_trailing_stop_pct=10.0
BHARTIARTL.NS,2018-08-31,2018-09-05,149,334.11700439453125,323.8458557128906,334.28406289672847,323.6839327850342,49808.32537161254,48228.90598497009,-1579.4193866424466,-1663.3080435759618,-3.1709947581225277,-3.3394177201627775,-3.3266160871519235,83.88865693351524,"{'brokerage_entry': 20.0, 'brokerage_exit': 20.0, 'exchange_entry': np.float64(1.4793072635368925), 'exchange_exit': np.float64(1.4323985077536119), 'sebi_entry': np.float64(0.04980832537161254), 'sebi_exit': np.float64(0.048228905984970094), 'ipft_entry': np.float64(0.04980832537161254), 'ipft_exit': np.float64(0.048228905984970094), 'stamp_buy': np.float64(1.4942497611483763), 'stt_sell': np.float64(12.057226496242524), 'dp_sell': 16.5, 'gst': np.float64(10.729400442120662), 'fees_total': np.float64(83.88865693351524)}",TwoRedBelow20,3,5610_rsi_enabled=False_rsi_min=50_rsi_exit_enabled=False_adx_enabled=False_adx_min=18_bb_enabled=True_bb_length=20_bb_stddev=2.0_sma_enabled=True_sma_length=50_macd_enabled=False_macd_fast=12_macd_slow=26_macd_signal=9_combination_mode=all_protective_exit=False_use_hard_stop=True_hard_stop_pct=5.0_use_trailing_stop=True_trailing_stop_pct=10.0
BHARTIARTL.NS,2019-12-30,2020-01-07,113,440.19903564453125,425.47796630859375,440.4191351623535,425.26522732543947,49767.36227334594,48054.97068777466,-1712.391585571284,-1796.2274912981716,-3.440792333268574,-3.6092479272508733,-3.592454982596343,83.8359057268877,"{'brokerage_entry': 20.0, 'brokerage_exit': 20.0, 'exchange_entry': np.float64(1.4780906595183745), 'exchange_exit': np.float64(1.4272326294269073), 'sebi_entry': np.float64(0.04976736227334594), 'sebi_exit': np.float64(0.04805497068777465), 'ipft_entry': np.float64(0.04976736227334594), 'ipft_exit': np.float64(0.04805497068777465), 'stamp_buy': np.float64(1.4930208682003783), 'stt_sell': np.float64(12.013742671943664), 'dp_sell': 16.5, 'gst': np.float64(10.728174231876151), 'fees_total': np.float64(83.8359057268877)}",TwoRedBelow20,6,5610_rsi_enabled=False_rsi_min=50_rsi_exit_enabled=False_adx_enabled=False_adx_min=18_bb_enabled=True_bb_length=20_bb_stddev=2.0_sma_enabled=True_sma_length=50_macd_enabled=False_macd_fast=12_macd_slow=26_macd_signal=9_combination_mode=all_protective_exit=False_use_hard_stop=True_hard_stop_pct=5.0_use_trailing_stop=True_trailing_stop_pct=10.0
BHARTIARTL.NS,2020-04-13,2020-04-21,102,489.6199035644531,465.13890838623047,489.8647135162353,464.9063389320374,49966.200778656006,47420.44657106781,-2545.754207588194,-2629.421150185084,-5.094952523738127,-5.262399600548158,-5.258842300370168,83.66694259689041,"{'brokerage_entry': 20.0, 'brokerage_exit': 20.0, 'exchange_entry': np.float64(1.4839961631260834), 'exchange_exit': np.float64(1.408387263160714), 'sebi_entry': np.float64(0.049966200778656), 'sebi_exit': np.float64(0.04742044657106781), 'ipft_entry': np.float64(0.049966200778656), 'ipft_exit': np.float64(0.04742044657106781), 'stamp_buy': np.float64(1.4989860233596801), 'stt_sell': np.float64(11.855111642766953), 'dp_sell': 16.5, 'gst': np.float64(10.725688209777523), 'fees_total': np.float64(83.66694259689041)}",HSL,5,5610_rsi_enabled=False_rsi_min=50_rsi_exit_enabled=False_adx_enabled=False_adx_min=18_bb_enabled=True_bb_length=20_bb_stddev=2.0_sma_enabled=True_sma_length=50_macd_enabled=False_macd_fast=12_macd_slow=26_macd_signal=9_combination_mode=all_protective_exit=False_use_hard_stop=True_hard_stop_pct=5.0_use_trailing_stop=True_trailing_stop_pct=10.0
BHARTIARTL.NS,2024-04-19,2024-05-06,39,1271.2291259765625,1265.706298828125,1271.8647405395507,1265.073445678711,49602.72488104248,49337.864381469735,-264.8604995727437,-349.05401909649595,-0.5339636082653395,-0.7036992825164327,-0.6981080381929918,84.19351952375223,"{'brokerage_entry': 20.0, 'brokerage_exit': 20.0, 'exchange_entry': np.float64(1.4732009289669616), 'exchange_exit': np.float64(1.4653345721296511), 'sebi_entry': np.float64(0.049602724881042476), 'sebi_exit': np.float64(0.04933786438146973), 'ipft_entry': np.float64(0.049602724881042476), 'ipft_exit': np.float64(0.04933786438146973), 'stamp_buy': np.float64(1.4880817464312743), 'stt_sell': np.float64(12.334466095367434), 'dp_sell': 16.5, 'gst': np.float64(10.734555002331893), 'fees_total': np.float64(84.19351952375223)}",Time,10,5610_rsi_enabled=False_rsi_min=50_rsi_exit_enabled=False_adx_enabled=False_adx_min=18_bb_enabled=True_bb_length=20_bb_stddev=2.0_sma_enabled=True_sma_length=50_macd_enabled=False_macd_fast=12_macd_slow=26_macd_signal=9_combination_mode=all_protective_exit=False_use_hard_stop=True_hard_stop_pct=5.0_use_trailing_stop=True_trailing_stop_pct=10.0
BHARTIARTL.NS,2024-05-23,2024-06-04,36,1355.1065673828125,1287.3512390136718,1355.784120666504,1286.7075633941652,48808.22834399414,46321.47228218995,-2486.75606180419,-2570.02909830668,-5.094952523738112,-5.2655652243581645,-5.14005819661336,83.27303650249034,"{'brokerage_entry': 20.0, 'brokerage_exit': 20.0, 'exchange_entry': np.float64(1.449604381816626), 'exchange_exit': np.float64(1.3757477267810414), 'sebi_entry': np.float64(0.048808228343994134), 'sebi_exit': np.float64(0.04632147228218995), 'ipft_entry': np.float64(0.048808228343994134), 'ipft_exit': np.float64(0.04632147228218995), 'stamp_buy': np.float64(1.4642468503198243), 'stt_sell': np.float64(11.580368070547488), 'dp_sell': 16.5, 'gst': np.float64(10.712810071773005), 'fees_total': np.float64(83.27303650249034)}",HSL,8,5610_rsi_enabled=False_rsi_min=50_rsi_exit_enabled=False_adx_enabled=False_adx_min=18_bb_enabled=True_bb_length=20_bb_stddev=2.0_sma_enabled=True_sma_length=50_macd_enabled=False_macd_fast=12_macd_slow=26_macd_signal=9_combination_mode=all_protective_exit=False_use_hard_stop=True_hard_stop_pct=5.0_use_trailing_stop=True_trailing_stop_pct=10.0
BHARTIARTL.NS,2024-08-23,2024-09-06,33,1494.2581787109375,1526.48876953125,1495.005307800293,1525.7255251464844,49335.17515740967,50348.94232983398,1013.7671724243119,929.3010974884032,2.054856741036732,1.8836481162240915,1.8586021949768063,84.46607493590861,"{'brokerage_entry': 20.0, 'brokerage_exit': 20.0, 'exchange_entry': np.float64(1.4652547021750673), 'exchange_exit': np.float64(1.4953635871960693), 'sebi_entry': np.float64(0.04933517515740967), 'sebi_exit': np.float64(0.05034894232983398), 'ipft_entry': np.float64(0.04933517515740967), 'ipft_exit': np.float64(0.05034894232983398), 'stamp_buy': np.float64(1.48005525472229), 'stt_sell': np.float64(12.587235582458495), 'dp_sell': 16.5, 'gst': np.float64(10.738797574382211), 'fees_total': np.float64(84.46607493590861)}",Time,10,5610_rsi_enabled=False_rsi_min=50_rsi_exit_enabled=False_adx_enabled=False_adx_min=18_bb_enabled=True_bb_length=20_bb_stddev=2.0_sma_enabled=True_sma_length=50_macd_enabled=False_macd_fast=12_macd_slow=26_macd_signal=9_combination_mode=all_protective_exit=False_use_hard_stop=True_hard_stop_pct=5.0_use_trailing_stop=True_trailing_stop_pct=10.0
CHOLAFIN.NS,2016-02-04,2016-02-12,386,129.39796447753906,122.92806625366211,129.46266345977781,122.86660222053528,49972.58809547424,47426.50845712662,-2546.079638347619,-2629.7487537104116,-5.094952523738118,-5.262382545979392,-5.259497507420823,83.66911536279247,"{'brokerage_entry': 20.0, 'brokerage_exit': 20.0, 'exchange_entry': np.float64(1.484185866435585), 'exchange_exit': np.float64(1.4085673011766606), 'sebi_entry': np.float64(0.04997258809547424), 'sebi_exit': np.float64(0.04742650845712662), 'ipft_entry': np.float64(0.04997258809547424), 'ipft_exit': np.float64(0.04742650845712662), 'stamp_buy': np.float64(1.4991776428642272), 'stt_sell': np.float64(11.856627114281656), 'dp_sell': 16.5, 'gst': np.float64(10.72575924492914), 'fees_total': np.float64(83.66911536279247)}",HSL,6,5610_rsi_enabled=False_rsi_min=50_rsi_exit_enabled=False_adx_enabled=False_adx_min=18_bb_enabled=True_bb_length=20_bb_stddev=2.0_sma_enabled=True_sma_length=50_macd_enabled=False_macd_fast=12_macd_slow=26_macd_signal=9_combination_mode=all_protective_exit=False_use_hard_stop=True_hard_stop_pct=5.0_use_trailing_stop=True_trailing_stop_pct=10.0
CHOLAFIN.NS,2018-01-01,2018-01-15,194,256.3350830078125,256.0044250488281,256.4632505493164,255.87642283630373,49753.87060656738,49640.02603024292,-113.84457632445992,-198.1351270478142,-0.22881551713774148,-0.3982305791132979,-0.3962702540956283,84.29055072335427,"{'brokerage_entry': 20.0, 'brokerage_exit': 20.0, 'exchange_entry': np.float64(1.4776899570150512), 'exchange_exit': np.float64(1.4743087730982147), 'sebi_entry': np.float64(0.04975387060656738), 'sebi_exit': np.float64(0.04964002603024292), 'ipft_entry': np.float64(0.04975387060656738), 'ipft_exit': np.float64(0.04964002603024292), 'stamp_buy': np.float64(1.4926161181970214), 'stt_sell': np.float64(12.41000650756073), 'dp_sell': 16.5, 'gst': np.float64(10.737141574209637), 'fees_total': np.float64(84.29055072335427)}",Time,10,5610_rsi_enabled=False_rsi_min=50_rsi_exit_enabled=False_adx_enabled=False_adx_min=18_bb_enabled=True_bb_length=20_bb_stddev=2.0_sma_enabled=True_sma_length=50_macd_enabled=False_macd_fast=12_macd_slow=26_macd_signal=9_combination_mode=all_protective_exit=False_use_hard_stop=True_hard_stop_pct=5.0_use_trailing_stop=True_trailing_stop_pct=10.0
CHOLAFIN.NS,2018-02-14,2018-02-19,184,271.2945556640625,257.7298278808594,271.4302029418945,257.600962966919,49943.157341308586,47398.57718591309,-2544.5801553954952,-2628.239259333938,-5.094952523738107,-5.2624611643447095,-5.256478518667876,83.6591039384428,"{'brokerage_entry': 20.0, 'brokerage_exit': 20.0, 'exchange_entry': np.float64(1.483311773036865), 'exchange_exit': np.float64(1.4077377424216189), 'sebi_entry': np.float64(0.04994315734130858), 'sebi_exit': np.float64(0.04739857718591309), 'ipft_entry': np.float64(0.04994315734130858), 'ipft_exit': np.float64(0.04739857718591309), 'stamp_buy': np.float64(1.4982947202392576), 'stt_sell': np.float64(11.849644296478273), 'dp_sell': 16.5, 'gst': np.float64(10.725431937212328), 'fees_total': np.float64(83.6591039384428)}",HSL,3,5610_rsi_enabled=False_rsi_min=50_rsi_exit_enabled=False_adx_enabled=False_adx_min=18_bb_enabled=True_bb_length=20_bb_stddev=2.0_sma_enabled=True_sma_length=50_macd_enabled=False_macd_fast=12_macd_slow=26_macd_signal=9_combination_mode=all_protective_exit=False_use_hard_stop=True_hard_stop_pct=5.0_use_trailing_stop=True_trailing_stop_pct=10.0
CHOLAFIN.NS,2018-06-07,2018-06-21,162,308.1158752441406,314.0201110839844,308.26993318176267,313.8631010284424,49939.72917544555,50845.82236660767,906.0931911621155,821.4435593542182,1.8143734580115125,1.6448698719778139,1.6428871187084364,84.64963180789734,"{'brokerage_entry': 20.0, 'brokerage_exit': 20.0, 'exchange_entry': np.float64(1.4832099565107328), 'exchange_exit': np.float64(1.5101209242882476), 'sebi_entry': np.float64(0.04993972917544555), 'sebi_exit': np.float64(0.05084582236660767), 'ipft_entry': np.float64(0.04993972917544555), 'ipft_exit': np.float64(0.05084582236660767), 'stamp_buy': np.float64(1.4981918752633665), 'stt_sell': np.float64(12.711455591651918), 'dp_sell': 16.5, 'gst': np.float64(10.745082357098957), 'fees_total': np.float64(84.64963180789734)}",Time,10,5610_rsi_enabled=False_rsi_min=50_rsi_exit_enabled=False_adx_enabled=False_adx_min=18_bb_enabled=True_bb_length=20_bb_stddev=2.0_sma_enabled=True_sma_length=50_macd_enabled=False_macd_fast=12_macd_slow=26_macd_signal=9_combination_mode=all_protective_exit=False_use_hard_stop=True_hard_stop_pct=5.0_use_trailing_stop=True_trailing_stop_pct=10.0
CHOLAFIN.NS,2019-02-07,2019-02-12,204,244.591064453125,232.36151123046875,244.71335998535156,232.24533047485352,49921.52543701172,47378.04741687012,-2543.4780201415997,-2627.1297655811,-5.094952523738127,-5.262519008750785,-5.2542595311622,83.65174543950019,"{'brokerage_entry': 20.0, 'brokerage_exit': 20.0, 'exchange_entry': np.float64(1.4826693054792481), 'exchange_exit': np.float64(1.4071280082810425), 'sebi_entry': np.float64(0.04992152543701171), 'sebi_exit': np.float64(0.047378047416870114), 'ipft_entry': np.float64(0.04992152543701171), 'ipft_exit': np.float64(0.047378047416870114), 'stamp_buy': np.float64(1.4976457631103517), 'stt_sell': np.float64(11.84451185421753), 'dp_sell': 16.5, 'gst': np.float64(10.725191362704251), 'fees_total': np.float64(83.65174543950019)}",HSL,3,5610_rsi_enabled=False_rsi_min=50_rsi_exit_enabled=False_adx_enabled=False_adx_min=18_bb_enabled=True_bb_length=20_bb_stddev=2.0_sma_enabled=True_sma_length=50_macd_enabled=False_macd_fast=12_macd_slow=26_macd_signal=9_combination_mode=all_protective_exit=False_use_hard_stop=True_hard_stop_pct=5.0_use_trailing_stop=True_trailing_stop_pct=10.0
CHOLAFIN.NS,2019-03-06,2019-03-20,194,256.4866943359375,269.255126953125,256.61493768310544,269.12049938964844,49783.29791052246,52209.3768815918,2426.0789710693425,2341.047989918355,4.873278936702492,4.702476710414034,4.682095979836711,85.03098115098744,"{'brokerage_entry': 20.0, 'brokerage_exit': 20.0, 'exchange_entry': np.float64(1.478563947942517), 'exchange_exit': np.float64(1.5506184933832765), 'sebi_entry': np.float64(0.04978329791052245), 'sebi_exit': np.float64(0.0522093768815918), 'ipft_entry': np.float64(0.04978329791052245), 'ipft_exit': np.float64(0.0522093768815918), 'stamp_buy': np.float64(1.4934989373156737), 'stt_sell': np.float64(13.05234422039795), 'dp_sell': 16.5, 'gst': np.float64(10.751970202363804), 'fees_total': np.float64(85.03098115098744)}",Time,10,5610_rsi_enabled=False_rsi_min=50_rsi_exit_enabled=False_adx_enabled=False_adx_min=18_bb_enabled=True_bb_length=20_bb_stddev=2.0_sma_enabled=True_sma_length=50_macd_enabled=False_macd_fast=12_macd_slow=26_macd_signal=9_combination_mode=all_protective_exit=False_use_hard_stop=True_hard_stop_pct=5.0_use_trailing_stop=True_trailing_stop_pct=10.0
CHOLAFIN.NS,2019-10-30,2019-11-14,165,301.6216735839844,303.438720703125,301.7724844207763,303.28700134277346,49792.45992942809,50042.35522155762,249.89529212952766,165.48650843071766,0.5018737625811409,0.33235254627962785,0.3309730168614353,84.40878369881,"{'brokerage_entry': 20.0, 'brokerage_exit': 20.0, 'exchange_entry': np.float64(1.4788360599040145), 'exchange_exit': np.float64(1.4862579500802613), 'sebi_entry': np.float64(0.04979245992942809), 'sebi_exit': np.float64(0.050042355221557616), 'ipft_entry': np.float64(0.04979245992942809), 'ipft_exit': np.float64(0.050042355221557616), 'stamp_buy': np.float64(1.4937737978828427), 'stt_sell': np.float64(12.510588805389405), 'dp_sell': 16.5, 'gst': np.float64(10.739657455251523), 'fees_total': np.float64(84.40878369881)}",Time,10,5610_rsi_enabled=False_rsi_min=50_rsi_exit_enabled=False_adx_enabled=False_adx_min=18_bb_enabled=True_bb_length=20_bb_stddev=2.0_sma_enabled=True_sma_length=50_macd_enabled=False_macd_fast=12_macd_slow=26_macd_signal=9_combination_mode=all_protective_exit=False_use_hard_stop=True_hard_stop_pct=5.0_use_trailing_stop=True_trailing_stop_pct=10.0
CHOLAFIN.NS,2020-01-14,2020-01-28,158,315.8119812011719,321.0344543457031,315.96988719177244,320.8739371185303,49923.242176300046,50698.08206472779,774.8398884277412,690.2338293917104,1.55206243555147,1.382590151004623,1.3804676587834208,84.60605903603081,"{'brokerage_entry': 20.0, 'brokerage_exit': 20.0, 'exchange_entry': np.float64(1.4827202926361114), 'exchange_exit': np.float64(1.5057330373224154), 'sebi_entry': np.float64(0.049923242176300044), 'sebi_exit': np.float64(0.050698082064727784), 'ipft_entry': np.float64(0.049923242176300044), 'ipft_exit': np.float64(0.050698082064727784), 'stamp_buy': np.float64(1.4976972652890015), 'stt_sell': np.float64(12.674520516181946), 'dp_sell': 16.5, 'gst': np.float64(10.744145276119303), 'fees_total': np.float64(84.60605903603081)}",Time,10,5610_rsi_enabled=False_rsi_min=50_rsi_exit_enabled=False_adx_enabled=False_adx_min=18_bb_enabled=True_bb_length=20_bb_stddev=2.0_sma_enabled=True_sma_length=50_macd_enabled=False_macd_fast=12_macd_slow=26_macd_signal=9_combination_mode=all_protective_exit=False_use_hard_stop=True_hard_stop_pct=5.0_use_trailing_stop=True_trailing_stop_pct=10.0
CHOLAFIN.NS,2020-09-25,2020-10-12,211,235.74746704101562,245.8706512451172,235.86534077453612,245.74771591949465,49767.58690342712,51852.768059013375,2085.1811555862514,2000.2537249666702,4.189837774599154,4.019189696394397,4.00050744993334,84.9274306195812,"{'brokerage_entry': 20.0, 'brokerage_exit': 20.0, 'exchange_entry': np.float64(1.4780973310317855), 'exchange_exit': np.float64(1.5400272113526972), 'sebi_entry': np.float64(0.04976758690342712), 'sebi_exit': np.float64(0.05185276805901337), 'ipft_entry': np.float64(0.04976758690342712), 'ipft_exit': np.float64(0.05185276805901337), 'stamp_buy': np.float64(1.4930276071028137), 'stt_sell': np.float64(12.963192014753345), 'dp_sell': 16.5, 'gst': np.float64(10.749845745415685), 'fees_total': np.float64(84.9274306195812)}",Time,10,5610_rsi_enabled=False_rsi_min=50_rsi_exit_enabled=False_adx_enabled=False_adx_min=18_bb_enabled=True_bb_length=20_bb_stddev=2.0_sma_enabled=True_sma_length=50_macd_enabled=False_macd_fast=12_macd_slow=26_macd_signal=9_combination_mode=all_protective_exit=False_use_hard_stop=True_hard_stop_pct=5.0_use_trailing_stop=True_trailing_stop_pct=10.0
CHOLAFIN.NS,2020-11-02,2020-11-14,172,289.4252014160156,308.4371032714844,289.5699140167236,308.28288471984865,49806.02521087646,53024.65617181397,3218.6309609375094,3133.364131670429,6.462332513606479,6.291134693852614,6.266728263340858,85.26682926708071,"{'brokerage_entry': 20.0, 'brokerage_exit': 20.0, 'exchange_entry': np.float64(1.4792389487630309), 'exchange_exit': np.float64(1.574832288302875), 'sebi_entry': np.float64(0.04980602521087646), 'sebi_exit': np.float64(0.05302465617181397), 'ipft_entry': np.float64(0.04980602521087646), 'ipft_exit': np.float64(0.05302465617181397), 'stamp_buy': np.float64(1.4941807563262939), 'stt_sell': np.float64(13.256164042953493), 'dp_sell': 16.5, 'gst': np.float64(10.756751867969632), 'fees_total': np.float64(85.26682926708071)}",Time,10,5610_rsi_enabled=False_rsi_min=50_rsi_exit_enabled=False_adx_enabled=False_adx_min=18_bb_enabled=True_bb_length=20_bb_stddev=2.0_sma_enabled=True_sma_length=50_macd_enabled=False_macd_fast=12_macd_slow=26_macd_signal=9_combination_mode=all_protective_exit=False_use_hard_stop=True_hard_stop_pct=5.0_use_trailing_stop=True_trailing_stop_pct=10.0
CHOLAFIN.NS,2021-04-29,2021-05-03,85,586.827392578125,557.4860229492188,587.120806274414,557.2072799377441,49905.268533325194,47362.61879470825,-2542.649738616943,-2626.2959539650124,-5.09495252373813,-5.2625625132369604,-5.252591907930024,83.64621534806923,"{'brokerage_entry': 20.0, 'brokerage_exit': 20.0, 'exchange_entry': np.float64(1.4821864754397582), 'exchange_exit': np.float64(1.406669778202835), 'sebi_entry': np.float64(0.04990526853332519), 'sebi_exit': np.float64(0.047362618794708246), 'ipft_entry': np.float64(0.04990526853332519), 'ipft_exit': np.float64(0.047362618794708246), 'stamp_buy': np.float64(1.497158055999756), 'stt_sell': np.float64(11.840654698677064), 'dp_sell': 16.5, 'gst': np.float64(10.725010565093758), 'fees_total': np.float64(83.64621534806923)}",HSL,2,5610_rsi_enabled=False_rsi_min=50_rsi_exit_enabled=False_adx_enabled=False_adx_min=18_bb_enabled=True_bb_length=20_bb_stddev=2.0_sma_enabled=True_sma_length=50_macd_enabled=False_macd_fast=12_macd_slow=26_macd_signal=9_combination_mode=all_protective_exit=False_use_hard_stop=True_hard_stop_pct=5.0_use_trailing_stop=True_trailing_stop_pct=10.0
CHOLAFIN.NS,2021-08-31,2021-09-15,90,549.5302734375,575.2686157226562,549.8050385742188,574.980981414795,49482.45347167969,51748.28832733155,2265.8348556518613,2180.956672838144,4.5790673191834905,4.407535438974083,4.361913345676288,84.8781828137171,"{'brokerage_entry': 20.0, 'brokerage_exit': 20.0, 'exchange_entry': np.float64(1.469628868108887), 'exchange_exit': np.float64(1.5369241633217472), 'sebi_entry': np.float64(0.04948245347167969), 'sebi_exit': np.float64(0.05174828832733155), 'ipft_entry': np.float64(0.04948245347167969), 'ipft_exit': np.float64(0.05174828832733155), 'stamp_buy': np.float64(1.4844736041503908), 'stt_sell': np.float64(12.937072081832888), 'dp_sell': 16.5, 'gst': np.float64(10.74762261270516), 'fees_total': np.float64(84.8781828137171)}",Time,10,5610_rsi_enabled=False_rsi_min=50_rsi_exit_enabled=False_adx_enabled=False_adx_min=18_bb_enabled=True_bb_length=20_bb_stddev=2.0_sma_enabled=True_sma_length=50_macd_enabled=False_macd_fast=12_macd_slow=26_macd_signal=9_combination_mode=all_protective_exit=False_use_hard_stop=True_hard_stop_pct=5.0_use_trailing_stop=True_trailing_stop_pct=10.0
CHOLAFIN.NS,2022-01-07,2022-01-21,87,570.1605224609375,648.8137817382812,570.4456027221679,648.4893748474121,49628.76743682861,56418.57561172485,6789.808174896243,6703.577861056133,13.681194447431814,13.507443781651386,13.407155722112266,86.23031384011024,"{'brokerage_entry': 20.0, 'brokerage_exit': 20.0, 'exchange_entry': np.float64(1.4739743928738098), 'exchange_exit': np.float64(1.6756316956682282), 'sebi_entry': np.float64(0.049628767436828605), 'sebi_exit': np.float64(0.05641857561172485), 'ipft_entry': np.float64(0.049628767436828605), 'ipft_exit': np.float64(0.05641857561172485), 'stamp_buy': np.float64(1.4888630231048583), 'stt_sell': np.float64(14.104643902931214), 'dp_sell': 16.5, 'gst': np.float64(10.775106139435044), 'fees_total': np.float64(86.23031384011024)}",Time,10,5610_rsi_enabled=False_rsi_min=50_rsi_exit_enabled=False_adx_enabled=False_adx_min=18_bb_enabled=True_bb_length=20_bb_stddev=2.0_sma_enabled=True_sma_length=50_macd_enabled=False_macd_fast=12_macd_slow=26_macd_signal=9_combination_mode=all_protective_exit=False_use_hard_stop=True_hard_stop_pct=5.0_use_trailing_stop=True_trailing_stop_pct=10.0
CHOLAFIN.NS,2022-12-05,2022-12-16,68,733.8417358398438,726.0327758789062,734.2086567077637,725.6697594909668,49926.18865612793,49345.54364538575,-580.6450107421842,-664.8625407316849,-1.1630068835044471,-1.3316909594501558,-1.3297250814633699,84.21752998950069,"{'brokerage_entry': 20.0, 'brokerage_exit': 20.0, 'exchange_entry': np.float64(1.4828078030869996), 'exchange_exit': np.float64(1.4655626462679567), 'sebi_entry': np.float64(0.049926188656127926), 'sebi_exit': np.float64(0.049345543645385744), 'ipft_entry': np.float64(0.049926188656127926), 'ipft_exit': np.float64(0.049345543645385744), 'stamp_buy': np.float64(1.497785659683838), 'stt_sell': np.float64(12.336385911346436), 'dp_sell': 16.5, 'gst': np.float64(10.736444504512438), 'fees_total': np.float64(84.21752998950069)}",TwoRedBelow20,9,5610_rsi_enabled=False_rsi_min=50_rsi_exit_enabled=False_adx_enabled=False_adx_min=18_bb_enabled=True_bb_length=20_bb_stddev=2.0_sma_enabled=True_sma_length=50_macd_enabled=False_macd_fast=12_macd_slow=26_macd_signal=9_combination_mode=all_protective_exit=False_use_hard_stop=True_hard_stop_pct=5.0_use_trailing_stop=True_trailing_stop_pct=10.0
CHOLAFIN.NS,2023-04-06,2023-04-24,59,838.3682861328125,837.3221435546875,838.7874702758788,836.9034824829102,49488.460746276854,49377.30546649171,-111.15527978514729,-195.35243282511334,-0.22460848066184758,-0.39474340054072143,-0.39070486565022666,84.19715303996605,"{'brokerage_entry': 20.0, 'brokerage_exit': 20.0, 'exchange_entry': np.float64(1.4698072841644225), 'exchange_exit': np.float64(1.4665059723548037), 'sebi_entry': np.float64(0.04948846074627685), 'sebi_exit': np.float64(0.0493773054664917), 'ipft_entry': np.float64(0.04948846074627685), 'ipft_exit': np.float64(0.0493773054664917), 'stamp_buy': np.float64(1.4846538223883057), 'stt_sell': np.float64(12.344326366622926), 'dp_sell': 16.5, 'gst': np.float64(10.734128062010058), 'fees_total': np.float64(84.19715303996605)}",Time,10,5610_rsi_enabled=False_rsi_min=50_rsi_exit_enabled=False_adx_enabled=False_adx_min=18_bb_enabled=True_bb_length=20_bb_stddev=2.0_sma_enabled=True_sma_length=50_macd_enabled=False_macd_fast=12_macd_slow=26_macd_signal=9_combination_mode=all_protective_exit=False_use_hard_stop=True_hard_stop_pct=5.0_use_trailing_stop=True_trailing_stop_pct=10.0
CHOLAFIN.NS,2023-08-30,2023-09-13,44,1112.7587890625,1156.7265625,1113.3151684570312,1156.14819921875,48985.86741210937,50870.520765625,1884.6533535156268,1800.060919245681,3.847340984411635,3.6746535569169145,3.600121838491362,84.59243426994587,"{'brokerage_entry': 20.0, 'brokerage_exit': 20.0, 'exchange_entry': np.float64(1.4548802621396484), 'exchange_exit': np.float64(1.5108544667390624), 'sebi_entry': np.float64(0.04898586741210937), 'sebi_exit': np.float64(0.050870520765624996), 'ipft_entry': np.float64(0.04898586741210937), 'ipft_exit': np.float64(0.050870520765624996), 'stamp_buy': np.float64(1.4695760223632812), 'stt_sell': np.float64(12.71763019140625), 'dp_sell': 16.5, 'gst': np.float64(10.739780550942152), 'fees_total': np.float64(84.59243426994587)}",Time,10,5610_rsi_enabled=False_rsi_min=50_rsi_exit_enabled=False_adx_enabled=False_adx_min=18_bb_enabled=True_bb_length=20_bb_stddev=2.0_sma_enabled=True_sma_length=50_macd_enabled=False_macd_fast=12_macd_slow=26_macd_signal=9_combination_mode=all_protective_exit=False_use_hard_stop=True_hard_stop_pct=5.0_use_trailing_stop=True_trailing_stop_pct=10.0
CHOLAFIN.NS,2023-12-11,2023-12-26,42,1171.6817626953125,1241.5718994140625,1172.2676035766601,1240.9511134643556,49235.23935021972,52119.94676550294,2884.707415283214,2799.739079319487,5.859029941468823,5.6864536788465765,5.5994781586389735,84.96833596372704,"{'brokerage_entry': 20.0, 'brokerage_exit': 20.0, 'exchange_entry': np.float64(1.4622866087015258), 'exchange_exit': np.float64(1.5479624189354373), 'sebi_entry': np.float64(0.04923523935021972), 'sebi_exit': np.float64(0.05211994676550293), 'ipft_entry': np.float64(0.04923523935021972), 'ipft_exit': np.float64(0.05211994676550293), 'stamp_buy': np.float64(1.4770571805065917), 'stt_sell': np.float64(13.029986691375735), 'dp_sell': 16.5, 'gst': np.float64(10.74833269197631), 'fees_total': np.float64(84.96833596372704)}",Time,10,5610_rsi_enabled=False_rsi_min=50_rsi_exit_enabled=False_adx_enabled=False_adx_min=18_bb_enabled=True_bb_length=20_bb_stddev=2.0_sma_enabled=True_sma_length=50_macd_enabled=False_macd_fast=12_macd_slow=26_macd_signal=9_combination_mode=all_protective_exit=False_use_hard_stop=True_hard_stop_pct=5.0_use_trailing_stop=True_trailing_stop_pct=10.0
CHOLAFIN.NS,2024-01-15,2024-01-23,39,1274.4232177734375,1210.7020568847656,1275.0604293823242,1210.0967058563233,49727.35674591064,47193.77152839661,-2533.5852175140317,-2617.1709128227367,-5.094952523738119,-5.263040475277145,-5.2343418256454735,83.58569530870521,"{'brokerage_entry': 20.0, 'brokerage_exit': 20.0, 'exchange_entry': np.float64(1.4769024953535461), 'exchange_exit': np.float64(1.4016550143933793), 'sebi_entry': np.float64(0.04972735674591064), 'sebi_exit': np.float64(0.04719377152839661), 'ipft_entry': np.float64(0.04972735674591064), 'ipft_exit': np.float64(0.04719377152839661), 'stamp_buy': np.float64(1.4918207023773193), 'stt_sell': np.float64(11.798442882099152), 'dp_sell': 16.5, 'gst': np.float64(10.723031957933198), 'fees_total': np.float64(83.58569530870521)}",HSL,5,5610_rsi_enabled=False_rsi_min=50_rsi_exit_enabled=False_adx_enabled=False_adx_min=18_bb_enabled=True_bb_length=20_bb_stddev=2.0_sma_enabled=True_sma_length=50_macd_enabled=False_macd_fast=12_macd_slow=26_macd_signal=9_combination_mode=all_protective_exit=False_use_hard_stop=True_hard_stop_pct=5.0_use_trailing_stop=True_trailing_stop_pct=10.0
CHOLAFIN.NS,2024-08-27,2024-09-10,34,1441.79296875,1505.5042724609375,1442.5138652343749,1504.7515203247071,49045.47141796874,51161.55169104004,2116.0802730712967,2031.400177099582,4.314527339411056,4.141871040014797,4.062800354199164,84.68009597171465,"{'brokerage_entry': 20.0, 'brokerage_exit': 20.0, 'exchange_entry': np.float64(1.4566505011136717), 'exchange_exit': np.float64(1.5194980852238893), 'sebi_entry': np.float64(0.04904547141796874), 'sebi_exit': np.float64(0.05116155169104004), 'ipft_entry': np.float64(0.04904547141796874), 'ipft_exit': np.float64(0.05116155169104004), 'stamp_buy': np.float64(1.4713641425390624), 'stt_sell': np.float64(12.79038792276001), 'dp_sell': 16.5, 'gst': np.float64(10.741781273860003), 'fees_total': np.float64(84.68009597171465)}",Time,10,5610_rsi_enabled=False_rsi_min=50_rsi_exit_enabled=False_adx_enabled=False_adx_min=18_bb_enabled=True_bb_length=20_bb_stddev=2.0_sma_enabled=True_sma_length=50_macd_enabled=False_macd_fast=12_macd_slow=26_macd_signal=9_combination_mode=all_protective_exit=False_use_hard_stop=True_hard_stop_pct=5.0_use_trailing_stop=True_trailing_stop_pct=10.0
COFORGE.NS,2015-07-14,2015-07-28,629,79.32544708251953,82.39979553222656,79.36510980606079,82.35859563446046,49920.654068012234,51803.556654075626,1882.902586063392,1797.9789814515623,3.771790697089251,3.601673525755459,3.595957962903124,84.9236046118297,"{'brokerage_entry': 20.0, 'brokerage_exit': 20.0, 'exchange_entry': np.float64(1.4826434258199634), 'exchange_exit': np.float64(1.5385656326260462), 'sebi_entry': np.float64(0.04992065406801223), 'sebi_exit': np.float64(0.05180355665407562), 'ipft_entry': np.float64(0.04992065406801223), 'ipft_exit': np.float64(0.05180355665407562), 'stamp_buy': np.float64(1.497619622040367), 'stt_sell': np.float64(12.950889163518907), 'dp_sell': 16.5, 'gst': np.float64(10.750438346380234), 'fees_total': np.float64(84.9236046118297)}",Time,10,5610_rsi_enabled=False_rsi_min=50_rsi_exit_enabled=False_adx_enabled=False_adx_min=18_bb_enabled=True_bb_length=20_bb_stddev=2.0_sma_enabled=True_sma_length=50_macd_enabled=False_macd_fast=12_macd_slow=26_macd_signal=9_combination_mode=all_protective_exit=False_use_hard_stop=True_hard_stop_pct=5.0_use_trailing_stop=True_trailing_stop_pct=10.0
COFORGE.NS,2017-04-26,2017-05-11,611,81.7649154663086,90.89448547363281,81.80579792404174,90.849038230896,49983.3425315895,55508.76235907745,5525.419827487953,5439.427098946695,11.054522462150034,10.88247968912638,10.87885419789339,85.99272854125732,"{'brokerage_entry': 20.0, 'brokerage_exit': 20.0, 'exchange_entry': np.float64(1.4845052731882082), 'exchange_exit': np.float64(1.6486102420646003), 'sebi_entry': np.float64(0.049983342531589495), 'sebi_exit': np.float64(0.05550876235907745), 'ipft_entry': np.float64(0.049983342531589495), 'ipft_exit': np.float64(0.05550876235907745), 'stamp_buy': np.float64(1.499500275947685), 'stt_sell': np.float64(13.877190589769363), 'dp_sell': 16.5, 'gst': np.float64(10.771937950506144), 'fees_total': np.float64(85.99272854125732)}",Time,10,5610_rsi_enabled=False_rsi_min=50_rsi_exit_enabled=False_adx_enabled=False_adx_min=18_bb_enabled=True_bb_length=20_bb_stddev=2.0_sma_enabled=True_sma_length=50_macd_enabled=False_macd_fast=12_macd_slow=26_macd_signal=9_combination_mode=all_protective_exit=False_use_hard_stop=True_hard_stop_pct=5.0_use_trailing_stop=True_trailing_stop_pct=10.0
COFORGE.NS,2017-06-05,2017-06-19,504,99.13249969482422,101.78045654296875,99.18206594467162,101.72956631469727,49987.7612361145,51271.701422607424,1283.940186492924,1199.1649168399767,2.5685090805093305,2.398917029261994,2.3983298336799534,84.77526965294744,"{'brokerage_entry': 20.0, 'brokerage_exit': 20.0, 'exchange_entry': np.float64(1.4846365087126008), 'exchange_exit': np.float64(1.5227695322514405), 'sebi_entry': np.float64(0.049987761236114495), 'sebi_exit': np.float64(0.051271701422607424), 'ipft_entry': np.float64(0.049987761236114495), 'ipft_exit': np.float64(0.051271701422607424), 'stamp_buy': np.float64(1.499632837083435), 'stt_sell': np.float64(12.817925355651857), 'dp_sell': 16.5, 'gst': np.float64(10.747786493930667), 'fees_total': np.float64(84.77526965294744)}",Time,10,5610_rsi_enabled=False_rsi_min=50_rsi_exit_enabled=False_adx_enabled=False_adx_min=18_bb_enabled=True_bb_length=20_bb_stddev=2.0_sma_enabled=True_sma_length=50_macd_enabled=False_macd_fast=12_macd_slow=26_macd_signal=9_combination_mode=all_protective_exit=False_use_hard_stop=True_hard_stop_pct=5.0_use_trailing_stop=True_trailing_stop_pct=10.0
COFORGE.NS,2017-07-11,2017-07-14,476,104.97221374511719,100.37178039550781,105.02469985198974,100.32159450531006,49991.75712954711,47753.07898452759,-2238.6781450195267,-2322.442410819228,-4.478094537101955,-4.645650691574856,-4.644884821638455,83.76426579970138,"{'brokerage_entry': 20.0, 'brokerage_exit': 20.0, 'exchange_entry': np.float64(1.4847551867475492), 'exchange_exit': np.float64(1.4182664458404692), 'sebi_entry': np.float64(0.049991757129547114), 'sebi_exit': np.float64(0.04775307898452758), 'ipft_entry': np.float64(0.049991757129547114), 'ipft_exit': np.float64(0.04775307898452758), 'stamp_buy': np.float64(1.4997527138864135), 'stt_sell': np.float64(11.938269746131898), 'dp_sell': 16.5, 'gst': np.float64(10.727732034866909), 'fees_total': np.float64(83.76426579970138)}",TwoRedBelow20,3,5610_rsi_enabled=False_rsi_min=50_rsi_exit_enabled=False_adx_enabled=False_adx_min=18_bb_enabled=True_bb_length=20_bb_stddev=2.0_sma_enabled=True_sma_length=50_macd_enabled=False_macd_fast=12_macd_slow=26_macd_signal=9_combination_mode=all_protective_exit=False_use_hard_stop=True_hard_stop_pct=5.0_use_trailing_stop=True_trailing_stop_pct=10.0
COFORGE.NS,2017-12-28,2018-01-11,420,118.78807067871094,131.2419891357422,118.84746471405029,131.17636814117432,49915.93517990112,55094.07461929321,5178.139439392093,5092.270438255324,10.373720177193222,10.201692946155099,10.184540876510647,85.869001136769,"{'brokerage_entry': 20.0, 'brokerage_exit': 20.0, 'exchange_entry': np.float64(1.4825032748430633), 'exchange_exit': np.float64(1.6362940161930084), 'sebi_entry': np.float64(0.049915935179901116), 'sebi_exit': np.float64(0.055094074619293214), 'ipft_entry': np.float64(0.049915935179901116), 'ipft_exit': np.float64(0.055094074619293214), 'stamp_buy': np.float64(1.4974780553970337), 'stt_sell': np.float64(13.773518654823304), 'dp_sell': 16.5, 'gst': np.float64(10.769187115914201), 'fees_total': np.float64(85.869001136769)}",Time,10,5610_rsi_enabled=False_rsi_min=50_rsi_exit_enabled=False_adx_enabled=False_adx_min=18_bb_enabled=True_bb_length=20_bb_stddev=2.0_sma_enabled=True_sma_length=50_macd_enabled=False_macd_fast=12_macd_slow=26_macd_signal=9_combination_mode=all_protective_exit=False_use_hard_stop=True_hard_stop_pct=5.0_use_trailing_stop=True_trailing_stop_pct=10.0
COFORGE.NS,2019-07-01,2019-07-08,200,249.8524627685547,242.51800537109375,249.97738899993894,242.39674636840823,49995.477799987784,48479.34927368165,-1516.1285263061363,-1600.101777340074,-3.0325313268763416,-3.2004930200716375,-3.2002035546801477,83.97325103393773,"{'brokerage_entry': 20.0, 'brokerage_exit': 20.0, 'exchange_entry': np.float64(1.4848656906596371), 'exchange_exit': np.float64(1.439836673428345), 'sebi_entry': np.float64(0.04999547779998778), 'sebi_exit': np.float64(0.048479349273681645), 'ipft_entry': np.float64(0.04999547779998778), 'ipft_exit': np.float64(0.048479349273681645), 'stamp_buy': np.float64(1.4998643339996336), 'stt_sell': np.float64(12.119837318420412), 'dp_sell': 16.5, 'gst': np.float64(10.731897363282359), 'fees_total': np.float64(83.97325103393773)}",TwoRedBelow20,5,5610_rsi_enabled=False_rsi_min=50_rsi_exit_enabled=False_adx_enabled=False_adx_min=18_bb_enabled=True_bb_length=20_bb_stddev=2.0_sma_enabled=True_sma_length=50_macd_enabled=False_macd_fast=12_macd_slow=26_macd_signal=9_combination_mode=all_protective_exit=False_use_hard_stop=True_hard_stop_pct=5.0_use_trailing_stop=True_trailing_stop_pct=10.0
COFORGE.NS,2019-08-20,2019-09-04,196,254.35675048828125,270.5055236816406,254.48392886352536,270.3702709197998,49878.85005725097,52992.57310028076,3113.723043029786,3028.4605257983676,6.242571830456903,6.071632610459742,6.056921051596735,85.26251723141836,"{'brokerage_entry': 20.0, 'brokerage_exit': 20.0, 'exchange_entry': np.float64(1.4814018467003538), 'exchange_exit': np.float64(1.5738794210783384), 'sebi_entry': np.float64(0.04987885005725097), 'sebi_exit': np.float64(0.05299257310028076), 'ipft_entry': np.float64(0.04987885005725097), 'ipft_exit': np.float64(0.05299257310028076), 'stamp_buy': np.float64(1.4963655017175292), 'stt_sell': np.float64(13.24814327507019), 'dp_sell': 16.5, 'gst': np.float64(10.756984340536878), 'fees_total': np.float64(85.26251723141836)}",Time,10,5610_rsi_enabled=False_rsi_min=50_rsi_exit_enabled=False_adx_enabled=False_adx_min=18_bb_enabled=True_bb_length=20_bb_stddev=2.0_sma_enabled=True_sma_length=50_macd_enabled=False_macd_fast=12_macd_slow=26_macd_signal=9_combination_mode=all_protective_exit=False_use_hard_stop=True_hard_stop_pct=5.0_use_trailing_stop=True_trailing_stop_pct=10.0
COFORGE.NS,2021-11-16,2021-11-22,45,1089.1842041015625,1034.7249938964844,1089.7287962036132,1034.2076313995362,49037.7958291626,46539.34341297913,-2498.4524161834706,-2581.803544382082,-5.0949525237381295,-5.2649257592583165,-5.163607088764163,83.35112819861122,"{'brokerage_entry': 20.0, 'brokerage_exit': 20.0, 'exchange_entry': np.float64(1.4564225361261292), 'exchange_exit': np.float64(1.38221849936548), 'sebi_entry': np.float64(0.049037795829162595), 'sebi_exit': np.float64(0.04653934341297913), 'ipft_entry': np.float64(0.049037795829162595), 'ipft_exit': np.float64(0.04653934341297913), 'stamp_buy': np.float64(1.471133874874878), 'stt_sell': np.float64(11.634835853244782), 'dp_sell': 16.5, 'gst': np.float64(10.71536315651566), 'fees_total': np.float64(83.35112819861122)}",HSL,3,5610_rsi_enabled=False_rsi_min=50_rsi_exit_enabled=False_adx_enabled=False_adx_min=18_bb_enabled=True_bb_length=20_bb_stddev=2.0_sma_enabled=True_sma_length=50_macd_enabled=False_macd_fast=12_macd_slow=26_macd_signal=9_combination_mode=all_protective_exit=False_use_hard_stop=True_hard_stop_pct=5.0_use_trailing_stop=True_trailing_stop_pct=10.0
COFORGE.NS,2023-08-08,2023-08-23,51,973.06103515625,952.9410110734696,973.5475656738281,952.4645405679329,49650.92584936523,48575.691568964576,-1075.2342804006548,-1159.211995919527,-2.1655875736593164,-2.3347238265736125,-2.318423991839054,83.97771551887215,"{'brokerage_entry': 20.0, 'brokerage_exit': 20.0, 'exchange_entry': np.float64(1.4746324977261474), 'exchange_exit': np.float64(1.4426980395982478), 'sebi_entry': np.float64(0.04965092584936523), 'sebi_exit': np.float64(0.048575691568964574), 'ipft_entry': np.float64(0.04965092584936523), 'ipft_exit': np.float64(0.048575691568964574), 'stamp_buy': np.float64(1.489527775480957), 'stt_sell': np.float64(12.143922892241145), 'dp_sell': 16.5, 'gst': np.float64(10.730481078988989), 'fees_total': np.float64(83.97771551887215)}",TSL,10,5610_rsi_enabled=False_rsi_min=50_rsi_exit_enabled=False_adx_enabled=False_adx_min=18_bb_enabled=True_bb_length=20_bb_stddev=2.0_sma_enabled=True_sma_length=50_macd_enabled=False_macd_fast=12_macd_slow=26_macd_signal=9_combination_mode=all_protective_exit=False_use_hard_stop=True_hard_stop_pct=5.0_use_trailing_stop=True_trailing_stop_pct=10.0
COFORGE.NS,2024-05-27,2024-05-30,48,1039.583984375,987.6047851562499,1040.1037763671875,987.1109827636718,49924.981265625,47381.327172656245,-2543.6540929687544,-2627.3070139733295,-5.094952523738139,-5.262509764389871,-5.254614027946658,83.65292100457516,"{'brokerage_entry': 20.0, 'brokerage_exit': 20.0, 'exchange_entry': np.float64(1.4827719435890625), 'exchange_exit': np.float64(1.4072254170278904), 'sebi_entry': np.float64(0.049924981265624994), 'sebi_exit': np.float64(0.047381327172656244), 'ipft_entry': np.float64(0.049924981265624994), 'ipft_exit': np.float64(0.047381327172656244), 'stamp_buy': np.float64(1.49774943796875), 'stt_sell': np.float64(11.845331793164062), 'dp_sell': 16.5, 'gst': np.float64(10.725229795948833), 'fees_total': np.float64(83.65292100457516)}",HSL,3,5610_rsi_enabled=False_rsi_min=50_rsi_exit_enabled=False_adx_enabled=False_adx_min=18_bb_enabled=True_bb_length=20_bb_stddev=2.0_sma_enabled=True_sma_length=50_macd_enabled=False_macd_fast=12_macd_slow=26_macd_signal=9_combination_mode=all_protective_exit=False_use_hard_stop=True_hard_stop_pct=5.0_use_trailing_stop=True_trailing_stop_pct=10.0
COFORGE.NS,2024-08-28,2024-09-11,40,1239.22412109375,1355.243408203125,1239.8437331542968,1354.5657864990235,49593.74932617188,54182.63145996094,4588.882133789062,4503.296804144601,9.252944566881926,9.080371751139408,9.006593608289203,85.58532964446147,"{'brokerage_entry': 20.0, 'brokerage_exit': 20.0, 'exchange_entry': np.float64(1.4729343549873049), 'exchange_exit': np.float64(1.6092241543608399), 'sebi_entry': np.float64(0.049593749326171874), 'sebi_exit': np.float64(0.05418263145996094), 'ipft_entry': np.float64(0.049593749326171874), 'ipft_exit': np.float64(0.05418263145996094), 'stamp_buy': np.float64(1.4878124797851564), 'stt_sell': np.float64(13.545657864990234), 'dp_sell': 16.5, 'gst': np.float64(10.762148028765672), 'fees_total': np.float64(85.58532964446147)}",Time,10,5610_rsi_enabled=False_rsi_min=50_rsi_exit_enabled=False_adx_enabled=False_adx_min=18_bb_enabled=True_bb_length=20_bb_stddev=2.0_sma_enabled=True_sma_length=50_macd_enabled=False_macd_fast=12_macd_slow=26_macd_signal=9_combination_mode=all_protective_exit=False_use_hard_stop=True_hard_stop_pct=5.0_use_trailing_stop=True_trailing_stop_pct=10.0
DIVISLAB.NS,2016-08-17,2016-08-31,41,1190.765625,1235.9512939453125,1191.3610078125,1235.33331829834,48845.8013203125,50648.666050231936,1802.8647299194345,1718.3454993208045,3.690930809174205,3.5178980646720017,3.436690998641609,84.51923059862993,"{'brokerage_entry': 20.0, 'brokerage_exit': 20.0, 'exchange_entry': np.float64(1.4507202992132813), 'exchange_exit': np.float64(1.5042653816918885), 'sebi_entry': np.float64(0.0488458013203125), 'sebi_exit': np.float64(0.05064866605023193), 'ipft_entry': np.float64(0.0488458013203125), 'ipft_exit': np.float64(0.05064866605023193), 'stamp_buy': np.float64(1.465374039609375), 'stt_sell': np.float64(12.662166512557985), 'dp_sell': 16.5, 'gst': np.float64(10.737715430816325), 'fees_total': np.float64(84.51923059862993)}",Time,10,5610_rsi_enabled=False_rsi_min=50_rsi_exit_enabled=False_adx_enabled=False_adx_min=18_bb_enabled=True_bb_length=20_bb_stddev=2.0_sma_enabled=True_sma_length=50_macd_enabled=False_macd_fast=12_macd_slow=26_macd_signal=9_combination_mode=all_protective_exit=False_use_hard_stop=True_hard_stop_pct=5.0_use_trailing_stop=True_trailing_stop_pct=10.0
DIVISLAB.NS,2017-06-08,2017-06-22,82,608.2095947265625,598.536865234375,608.5136995239258,598.2375968017578,49898.123360961916,49055.48293774414,-842.6404232177738,-926.7726962502481,-1.688721672200238,-1.8573297627768386,-1.853545392500496,84.1322730324743,"{'brokerage_entry': 20.0, 'brokerage_exit': 20.0, 'exchange_entry': np.float64(1.4819742638205688), 'exchange_exit': np.float64(1.456947843251001), 'sebi_entry': np.float64(0.049898123360961916), 'sebi_exit': np.float64(0.04905548293774414), 'ipft_entry': np.float64(0.049898123360961916), 'ipft_exit': np.float64(0.04905548293774414), 'stamp_buy': np.float64(1.4969437008288575), 'stt_sell': np.float64(12.263870734436036), 'dp_sell': 16.5, 'gst': np.float64(10.734629277540417), 'fees_total': np.float64(84.1322730324743)}",Time,10,5610_rsi_enabled=False_rsi_min=50_rsi_exit_enabled=False_adx_enabled=False_adx_min=18_bb_enabled=True_bb_length=20_bb_stddev=2.0_sma_enabled=True_sma_length=50_macd_enabled=False_macd_fast=12_macd_slow=26_macd_signal=9_combination_mode=all_protective_exit=False_use_hard_stop=True_hard_stop_pct=5.0_use_trailing_stop=True_trailing_stop_pct=10.0
DIVISLAB.NS,2018-12-19,2018-12-24,34,1444.5074462890625,1372.2820739746094,1445.2297000122069,1371.5959329376221,49137.80980041503,46634.261719879156,-2503.5480805358748,-2586.933230367145,-5.094952523738104,-5.264649036810132,-5.173866460734289,83.38514983127035,"{'brokerage_entry': 20.0, 'brokerage_exit': 20.0, 'exchange_entry': np.float64(1.4593929510723265), 'exchange_exit': np.float64(1.385037573080411), 'sebi_entry': np.float64(0.04913780980041503), 'sebi_exit': np.float64(0.04663426171987915), 'ipft_entry': np.float64(0.04913780980041503), 'ipft_exit': np.float64(0.04663426171987915), 'stamp_buy': np.float64(1.4741342940124509), 'stt_sell': np.float64(11.658565429969789), 'dp_sell': 16.5, 'gst': np.float64(10.716475440094797), 'fees_total': np.float64(83.38514983127035)}",HSL,3,5610_rsi_enabled=False_rsi_min=50_rsi_exit_enabled=False_adx_enabled=False_adx_min=18_bb_enabled=True_bb_length=20_bb_stddev=2.0_sma_enabled=True_sma_length=50_macd_enabled=False_macd_fast=12_macd_slow=26_macd_signal=9_combination_mode=all_protective_exit=False_use_hard_stop=True_hard_stop_pct=5.0_use_trailing_stop=True_trailing_stop_pct=10.0
DIVISLAB.NS,2019-02-04,2019-02-19,32,1533.3988037109375,1456.7288635253906,1534.165503112793,1456.000499093628,49093.296099609375,46592.01597099609,-2501.2801286132817,-2584.650136272332,-5.094952523738132,-5.264772059769883,-5.169300272544664,83.37000765905036,"{'brokerage_entry': 20.0, 'brokerage_exit': 20.0, 'exchange_entry': np.float64(1.4580708941583984), 'exchange_exit': np.float64(1.383782874338584), 'sebi_entry': np.float64(0.04909329609960937), 'sebi_exit': np.float64(0.04659201597099609), 'ipft_entry': np.float64(0.04909329609960937), 'ipft_exit': np.float64(0.04659201597099609), 'stamp_buy': np.float64(1.4727988829882812), 'stt_sell': np.float64(11.648003992749024), 'dp_sell': 16.5, 'gst': np.float64(10.715980390674872), 'fees_total': np.float64(83.37000765905036)}",HSL,10,5610_rsi_enabled=False_rsi_min=50_rsi_exit_enabled=False_adx_enabled=False_adx_min=18_bb_enabled=True_bb_length=20_bb_stddev=2.0_sma_enabled=True_sma_length=50_macd_enabled=False_macd_fast=12_macd_slow=26_macd_signal=9_combination_mode=all_protective_exit=False_use_hard_stop=True_hard_stop_pct=5.0_use_trailing_stop=True_trailing_stop_pct=10.0
DIVISLAB.NS,2019-08-07,2019-08-13,32,1556.6934814453125,1478.8588073730468,1557.471828186035,1478.1193779693604,49839.09850195312,47299.82009501953,-2539.2784069335903,-2622.902113301442,-5.094952523738124,-5.2627398812172625,-5.245804226602884,83.62370636785184,"{'brokerage_entry': 20.0, 'brokerage_exit': 20.0, 'exchange_entry': np.float64(1.4802212255080078), 'exchange_exit': np.float64(1.40480465682208), 'sebi_entry': np.float64(0.049839098501953116), 'sebi_exit': np.float64(0.047299820095019526), 'ipft_entry': np.float64(0.049839098501953116), 'ipft_exit': np.float64(0.047299820095019526), 'stamp_buy': np.float64(1.4951729550585937), 'stt_sell': np.float64(11.824955023754883), 'dp_sell': 16.5, 'gst': np.float64(10.724274669514328), 'fees_total': np.float64(83.62370636785184)}",HSL,3,5610_rsi_enabled=False_rsi_min=50_rsi_exit_enabled=False_adx_enabled=False_adx_min=18_bb_enabled=True_bb_length=20_bb_stddev=2.0_sma_enabled=True_sma_length=50_macd_enabled=False_macd_fast=12_macd_slow=26_macd_signal=9_combination_mode=all_protective_exit=False_use_hard_stop=True_hard_stop_pct=5.0_use_trailing_stop=True_trailing_stop_pct=10.0
DIVISLAB.NS,2019-09-03,2019-09-18,31,1578.5498046875,1556.115234375,1579.3390795898435,1555.3371767578126,48959.51146728515,48215.45247949219,-744.0589877929597,-827.8865629582444,-1.5197434890463348,-1.6909616500390123,-1.655773125916489,83.82757516528476,"{'brokerage_entry': 20.0, 'brokerage_exit': 20.0, 'exchange_entry': np.float64(1.454097490578369), 'exchange_exit': np.float64(1.431998938640918), 'sebi_entry': np.float64(0.048959511467285145), 'sebi_exit': np.float64(0.04821545247949219), 'ipft_entry': np.float64(0.048959511467285145), 'ipft_exit': np.float64(0.04821545247949219), 'stamp_buy': np.float64(1.4687853440185545), 'stt_sell': np.float64(12.053863119873048), 'dp_sell': 16.5, 'gst': np.float64(10.72448034428031), 'fees_total': np.float64(83.82757516528476)}",Time,10,5610_rsi_enabled=False_rsi_min=50_rsi_exit_enabled=False_adx_enabled=False_adx_min=18_bb_enabled=True_bb_length=20_bb_stddev=2.0_sma_enabled=True_sma_length=50_macd_enabled=False_macd_fast=12_macd_slow=26_macd_signal=9_combination_mode=all_protective_exit=False_use_hard_stop=True_hard_stop_pct=5.0_use_trailing_stop=True_trailing_stop_pct=10.0
DIVISLAB.NS,2019-11-26,2019-12-10,29,1717.970703125,1746.278564453125,1718.8296884765623,1745.4054251708985,49846.0609658203,50616.75732995606,770.6963641357579,686.1188807931225,1.5461529942440755,1.3764756281616668,1.3722377615862449,84.57748334263543,"{'brokerage_entry': 20.0, 'brokerage_exit': 20.0, 'exchange_entry': np.float64(1.480428010684863), 'exchange_exit': np.float64(1.503317692699695), 'sebi_entry': np.float64(0.0498460609658203), 'sebi_exit': np.float64(0.05061675732995606), 'ipft_entry': np.float64(0.0498460609658203), 'ipft_exit': np.float64(0.05061675732995606), 'stamp_buy': np.float64(1.495381828974609), 'stt_sell': np.float64(12.654189332489015), 'dp_sell': 16.5, 'gst': np.float64(10.743240841195698), 'fees_total': np.float64(84.57748334263543)}",Time,10,5610_rsi_enabled=False_rsi_min=50_rsi_exit_enabled=False_adx_enabled=False_adx_min=18_bb_enabled=True_bb_length=20_bb_stddev=2.0_sma_enabled=True_sma_length=50_macd_enabled=False_macd_fast=12_macd_slow=26_macd_signal=9_combination_mode=all_protective_exit=False_use_hard_stop=True_hard_stop_pct=5.0_use_trailing_stop=True_trailing_stop_pct=10.0
DIVISLAB.NS,2020-01-07,2020-01-21,28,1775.40478515625,1801.3057861328125,1776.292487548828,1800.4051332397462,49736.18965136718,50411.34373071289,675.1540793457098,590.6430390898004,1.357470453764748,1.1875518475178655,1.1812860781796009,84.51104025590934,"{'brokerage_entry': 20.0, 'brokerage_exit': 20.0, 'exchange_entry': np.float64(1.4771648326456053), 'exchange_exit': np.float64(1.497216908802173), 'sebi_entry': np.float64(0.04973618965136718), 'sebi_exit': np.float64(0.05041134373071289), 'ipft_entry': np.float64(0.04973618965136718), 'ipft_exit': np.float64(0.05041134373071289), 'stamp_buy': np.float64(1.4920856895410155), 'stt_sell': np.float64(12.602835932678223), 'dp_sell': 16.5, 'gst': np.float64(10.74144182547815), 'fees_total': np.float64(84.51104025590934)}",Time,10,5610_rsi_enabled=False_rsi_min=50_rsi_exit_enabled=False_adx_enabled=False_adx_min=18_bb_enabled=True_bb_length=20_bb_stddev=2.0_sma_enabled=True_sma_length=50_macd_enabled=False_macd_fast=12_macd_slow=26_macd_signal=9_combination_mode=all_protective_exit=False_use_hard_stop=True_hard_stop_pct=5.0_use_trailing_stop=True_trailing_stop_pct=10.0
DIVISLAB.NS,2020-04-09,2020-04-27,22,2241.65869140625,2353.16455078125,2242.779520751953,2351.9879685058595,49341.14945654297,51743.73530712891,2402.5858505859433,2317.718501075995,4.869334981143907,4.697333820966852,4.635437002151989,84.86734950994843,"{'brokerage_entry': 20.0, 'brokerage_exit': 20.0, 'exchange_entry': np.float64(1.465432138859326), 'exchange_exit': np.float64(1.5367889386217286), 'sebi_entry': np.float64(0.049341149456542964), 'sebi_exit': np.float64(0.05174373530712891), 'ipft_entry': np.float64(0.049341149456542964), 'ipft_exit': np.float64(0.05174373530712891), 'stamp_buy': np.float64(1.480234483696289), 'stt_sell': np.float64(12.935933826782229), 'dp_sell': 16.5, 'gst': np.float64(10.746790352461511), 'fees_total': np.float64(84.86734950994843)}",Time,10,5610_rsi_enabled=False_rsi_min=50_rsi_exit_enabled=False_adx_enabled=False_adx_min=18_bb_enabled=True_bb_length=20_bb_stddev=2.0_sma_enabled=True_sma_length=50_macd_enabled=False_macd_fast=12_macd_slow=26_macd_signal=9_combination_mode=all_protective_exit=False_use_hard_stop=True_hard_stop_pct=5.0_use_trailing_stop=True_trailing_stop_pct=10.0
DIVISLAB.NS,2021-07-02,2021-07-16,11,4384.228515625,4615.04931640625,4386.420629882812,4612.741791748047,48250.62692871093,50740.159709228516,2489.532780517584,2405.0273724174367,5.159586390858309,4.984447924315685,4.810054744834873,84.50540810014722,"{'brokerage_entry': 20.0, 'brokerage_exit': 20.0, 'exchange_entry': np.float64(1.4330436197827148), 'exchange_exit': np.float64(1.506982743364087), 'sebi_entry': np.float64(0.04825062692871093), 'sebi_exit': np.float64(0.050740159709228516), 'ipft_entry': np.float64(0.04825062692871093), 'ipft_exit': np.float64(0.050740159709228516), 'stamp_buy': np.float64(1.447518807861328), 'stt_sell': np.float64(12.685039927307129), 'dp_sell': 16.5, 'gst': np.float64(10.734841428556082), 'fees_total': np.float64(84.50540810014722)}",Time,10,5610_rsi_enabled=False_rsi_min=50_rsi_exit_enabled=False_adx_enabled=False_adx_min=18_bb_enabled=True_bb_length=20_bb_stddev=2.0_sma_enabled=True_sma_length=50_macd_enabled=False_macd_fast=12_macd_slow=26_macd_signal=9_combination_mode=all_protective_exit=False_use_hard_stop=True_hard_stop_pct=5.0_use_trailing_stop=True_trailing_stop_pct=10.0
DIVISLAB.NS,2021-08-31,2021-09-15,9,5039.15673828125,5024.83837890625,5041.676316650391,5022.325959716797,45375.08684985351,45200.93363745118,-174.15321240233607,-256.8727850395426,-0.38380799794083104,-0.5661097374635039,-0.5137455700790852,82.71957263720653,"{'brokerage_entry': 20.0, 'brokerage_exit': 20.0, 'exchange_entry': np.float64(1.3476400794406493), 'exchange_exit': np.float64(1.3424677290323), 'sebi_entry': np.float64(0.04537508684985351), 'sebi_exit': np.float64(0.045200933637451174), 'ipft_entry': np.float64(0.04537508684985351), 'ipft_exit': np.float64(0.045200933637451174), 'stamp_buy': np.float64(1.3612526054956053), 'stt_sell': np.float64(11.300233409362795), 'dp_sell': 16.5, 'gst': np.float64(10.686826772900561), 'fees_total': np.float64(82.71957263720653)}",Time,10,5610_rsi_enabled=False_rsi_min=50_rsi_exit_enabled=False_adx_enabled=False_adx_min=18_bb_enabled=True_bb_length=20_bb_stddev=2.0_sma_enabled=True_sma_length=50_macd_enabled=False_macd_fast=12_macd_slow=26_macd_signal=9_combination_mode=all_protective_exit=False_use_hard_stop=True_hard_stop_pct=5.0_use_trailing_stop=True_trailing_stop_pct=10.0
DIVISLAB.NS,2023-09-12,2023-09-27,13,3747.62939453125,3728.039306640625,3749.5032092285155,3726.175286987305,48743.5417199707,48440.278730834965,-303.26298913573555,-387.14062305782625,-0.6221603487041767,-0.7942398303388178,-0.7742812461156525,83.87763392209071,"{'brokerage_entry': 20.0, 'brokerage_exit': 20.0, 'exchange_entry': np.float64(1.4476831890831299), 'exchange_exit': np.float64(1.4386762783057985), 'sebi_entry': np.float64(0.048743541719970696), 'sebi_exit': np.float64(0.048440278730834965), 'ipft_entry': np.float64(0.048743541719970696), 'ipft_exit': np.float64(0.048440278730834965), 'stamp_buy': np.float64(1.462306251599121), 'stt_sell': np.float64(12.110069682708742), 'dp_sell': 16.5, 'gst': np.float64(10.724530879492297), 'fees_total': np.float64(83.87763392209071)}",Time,10,5610_rsi_enabled=False_rsi_min=50_rsi_exit_enabled=False_adx_enabled=False_adx_min=18_bb_enabled=True_bb_length=20_bb_stddev=2.0_sma_enabled=True_sma_length=50_macd_enabled=False_macd_fast=12_macd_slow=26_macd_signal=9_combination_mode=all_protective_exit=False_use_hard_stop=True_hard_stop_pct=5.0_use_trailing_stop=True_trailing_stop_pct=10.0
DIVISLAB.NS,2024-04-05,2024-04-23,13,3708.399658203125,3728.68212890625,3710.253858032226,3726.817787841797,48233.30015441894,48448.63124194336,215.33108752442058,131.48544638348983,0.44643656319397174,0.2726030480239567,0.26297089276697966,83.84564114093075,"{'brokerage_entry': 20.0, 'brokerage_exit': 20.0, 'exchange_entry': np.float64(1.4325290145862426), 'exchange_exit': np.float64(1.4389243478857179), 'sebi_entry': np.float64(0.048233300154418936), 'sebi_exit': np.float64(0.04844863124194336), 'ipft_entry': np.float64(0.048233300154418936), 'ipft_exit': np.float64(0.04844863124194336), 'stamp_buy': np.float64(1.4469990046325683), 'stt_sell': np.float64(12.11215781048584), 'dp_sell': 16.5, 'gst': np.float64(10.721667100547645), 'fees_total': np.float64(83.84564114093075)}",Time,10,5610_rsi_enabled=False_rsi_min=50_rsi_exit_enabled=False_adx_enabled=False_adx_min=18_bb_enabled=True_bb_length=20_bb_stddev=2.0_sma_enabled=True_sma_length=50_macd_enabled=False_macd_fast=12_macd_slow=26_macd_signal=9_combination_mode=all_protective_exit=False_use_hard_stop=True_hard_stop_pct=5.0_use_trailing_stop=True_trailing_stop_pct=10.0
DIVISLAB.NS,2024-05-24,2024-06-07,12,4078.6806640625,4476.07080078125,4080.720004394531,4473.832765380859,48968.64005273437,53685.99318457031,4717.353131835938,4631.952675127339,9.63341666575959,9.45901840471613,9.263905350254678,85.40045670859924,"{'brokerage_entry': 20.0, 'brokerage_exit': 20.0, 'exchange_entry': np.float64(1.454368609566211), 'exchange_exit': np.float64(1.5944739975817381), 'sebi_entry': np.float64(0.04896864005273437), 'sebi_exit': np.float64(0.053685993184570305), 'ipft_entry': np.float64(0.04896864005273437), 'ipft_exit': np.float64(0.053685993184570305), 'stamp_buy': np.float64(1.4690592015820312), 'stt_sell': np.float64(13.421498296142579), 'dp_sell': 16.5, 'gst': np.float64(10.75574733725206), 'fees_total': np.float64(85.40045670859924)}",Time,10,5610_rsi_enabled=False_rsi_min=50_rsi_exit_enabled=False_adx_enabled=False_adx_min=18_bb_enabled=True_bb_length=20_bb_stddev=2.0_sma_enabled=True_sma_length=50_macd_enabled=False_macd_fast=12_macd_slow=26_macd_signal=9_combination_mode=all_protective_exit=False_use_hard_stop=True_hard_stop_pct=5.0_use_trailing_stop=True_trailing_stop_pct=10.0
DIVISLAB.NS,2024-07-26,2024-08-09,10,4739.79443359375,4808.05712890625,4742.164330810547,4805.653100341797,47421.64330810547,48056.53100341797,634.8876953125,551.2094566741055,1.3388142017507496,1.1623584047748317,1.102418913348211,83.6782386383945,"{'brokerage_entry': 20.0, 'brokerage_exit': 20.0, 'exchange_entry': np.float64(1.4084228062507325), 'exchange_exit': np.float64(1.4272789708015137), 'sebi_entry': np.float64(0.04742164330810547), 'sebi_exit': np.float64(0.04805653100341797), 'ipft_entry': np.float64(0.04742164330810547), 'ipft_exit': np.float64(0.04805653100341797), 'stamp_buy': np.float64(1.422649299243164), 'stt_sell': np.float64(12.014132750854493), 'dp_sell': 16.5, 'gst': np.float64(10.714798462621554), 'fees_total': np.float64(83.6782386383945)}",Time,10,5610_rsi_enabled=False_rsi_min=50_rsi_exit_enabled=False_adx_enabled=False_adx_min=18_bb_enabled=True_bb_length=20_bb_stddev=2.0_sma_enabled=True_sma_length=50_macd_enabled=False_macd_fast=12_macd_slow=26_macd_signal=9_combination_mode=all_protective_exit=False_use_hard_stop=True_hard_stop_pct=5.0_use_trailing_stop=True_trailing_stop_pct=10.0
DIVISLAB.NS,2024-10-09,2024-10-23,8,5962.60009765625,5701.63818359375,5965.5813977050775,5698.787364501954,47724.65118164062,45590.29891601563,-2134.3522656249916,-2217.3421189127976,-4.47222182410851,-4.646114877767395,-4.4346842378255955,82.98985328780606,"{'brokerage_entry': 20.0, 'brokerage_exit': 20.0, 'exchange_entry': np.float64(1.4174221400947264), 'exchange_exit': np.float64(1.3540318778056641), 'sebi_entry': np.float64(0.04772465118164062), 'sebi_exit': np.float64(0.045590298916015626), 'ipft_entry': np.float64(0.04772465118164062), 'ipft_exit': np.float64(0.045590298916015626), 'stamp_buy': np.float64(1.4317395354492186), 'stt_sell': np.float64(11.397574729003907), 'dp_sell': 16.5, 'gst': np.float64(10.702455105257227), 'fees_total': np.float64(82.98985328780606)}",Time,10,5610_rsi_enabled=False_rsi_min=50_rsi_exit_enabled=False_adx_enabled=False_adx_min=18_bb_enabled=True_bb_length=20_bb_stddev=2.0_sma_enabled=True_sma_length=50_macd_enabled=False_macd_fast=12_macd_slow=26_macd_signal=9_combination_mode=all_protective_exit=False_use_hard_stop=True_hard_stop_pct=5.0_use_trailing_stop=True_trailing_stop_pct=10.0
DIXON.NS,2019-07-04,2019-07-08,106,467.1025085449219,443.7473831176758,467.3360597991943,443.52550942611697,49537.622338714595,47013.7039991684,-2523.918339546195,-2607.4394931291436,-5.094952523738114,-5.263553981861943,-5.214878986258287,83.52115358294839,"{'brokerage_entry': 20.0, 'brokerage_exit': 20.0, 'exchange_entry': np.float64(1.4712673834598236), 'exchange_exit': np.float64(1.3963070087753016), 'sebi_entry': np.float64(0.049537622338714594), 'sebi_exit': np.float64(0.0470137039991684), 'ipft_entry': np.float64(0.049537622338714594), 'ipft_exit': np.float64(0.0470137039991684), 'stamp_buy': np.float64(1.4861286701614378), 'stt_sell': np.float64(11.7534259997921), 'dp_sell': 16.5, 'gst': np.float64(10.720921868083959), 'fees_total': np.float64(83.52115358294839)}",HSL,2,5610_rsi_enabled=False_rsi_min=50_rsi_exit_enabled=False_adx_enabled=False_adx_min=18_bb_enabled=True_bb_length=20_bb_stddev=2.0_sma_enabled=True_sma_length=50_macd_enabled=False_macd_fast=12_macd_slow=26_macd_signal=9_combination_mode=all_protective_exit=False_use_hard_stop=True_hard_stop_pct=5.0_use_trailing_stop=True_trailing_stop_pct=10.0
DIXON.NS,2020-05-27,2020-06-05,55,908.3504028320312,1001.3177715851675,908.8045780334472,1000.817112699375,49984.2517918396,55044.941198465625,5060.689406626028,4974.829921779661,10.124567689242141,9.952794617187505,9.949659843559322,85.85948484636694,"{'brokerage_entry': 20.0, 'brokerage_exit': 20.0, 'exchange_entry': np.float64(1.484532278217636), 'exchange_exit': np.float64(1.634834753594429), 'sebi_entry': np.float64(0.049984251791839594), 'sebi_exit': np.float64(0.055044941198465626), 'ipft_entry': np.float64(0.049984251791839594), 'ipft_exit': np.float64(0.055044941198465626), 'stamp_buy': np.float64(1.499527553755188), 'stt_sell': np.float64(13.761235299616407), 'dp_sell': 16.5, 'gst': np.float64(10.76929657520268), 'fees_total': np.float64(85.85948484636694)}",TSL,7,5610_rsi_enabled=False_rsi_min=50_rsi_exit_enabled=False_adx_enabled=False_adx_min=18_bb_enabled=True_bb_length=20_bb_stddev=2.0_sma_enabled=True_sma_length=50_macd_enabled=False_macd_fast=12_macd_slow=26_macd_signal=9_combination_mode=all_protective_exit=False_use_hard_stop=True_hard_stop_pct=5.0_use_trailing_stop=True_trailing_stop_pct=10.0
DIXON.NS,2020-10-19,2020-10-28,26,1906.5849609375,1811.2557128906249,1907.5382534179687,1810.3500850341798,49595.99458886719,47069.102210888675,-2526.892377978511,-2610.433387979791,-5.0949525237381215,-5.263395581879822,-5.220866775959582,83.54101000127986,"{'brokerage_entry': 20.0, 'brokerage_exit': 20.0, 'exchange_entry': np.float64(1.4730010392893556), 'exchange_exit': np.float64(1.3979523356633936), 'sebi_entry': np.float64(0.04959599458886718), 'sebi_exit': np.float64(0.047069102210888676), 'ipft_entry': np.float64(0.04959599458886718), 'ipft_exit': np.float64(0.047069102210888676), 'stamp_buy': np.float64(1.4878798376660156), 'stt_sell': np.float64(11.76727555272217), 'dp_sell': 16.5, 'gst': np.float64(10.721571042339407), 'fees_total': np.float64(83.54101000127986)}",HSL,7,5610_rsi_enabled=False_rsi_min=50_rsi_exit_enabled=False_adx_enabled=False_adx_min=18_bb_enabled=True_bb_length=20_bb_stddev=2.0_sma_enabled=True_sma_length=50_macd_enabled=False_macd_fast=12_macd_slow=26_macd_signal=9_combination_mode=all_protective_exit=False_use_hard_stop=True_hard_stop_pct=5.0_use_trailing_stop=True_trailing_stop_pct=10.0
DIXON.NS,2021-02-08,2021-02-22,14,3449.9013671875,3734.930419921875,3451.6263178710938,3733.0629547119142,48322.76845019531,52262.8813659668,3940.1129157714895,3855.1650055594687,8.15374003215986,7.977947309730113,7.710330011118938,84.94791021202093,"{'brokerage_entry': 20.0, 'brokerage_exit': 20.0, 'exchange_entry': np.float64(1.4351862229708008), 'exchange_exit': np.float64(1.552207576569214), 'sebi_entry': np.float64(0.04832276845019531), 'sebi_exit': np.float64(0.052262881365966796), 'ipft_entry': np.float64(0.04832276845019531), 'ipft_exit': np.float64(0.052262881365966796), 'stamp_buy': np.float64(1.4496830535058594), 'stt_sell': np.float64(13.065720341491701), 'dp_sell': 16.5, 'gst': np.float64(10.743941717851023), 'fees_total': np.float64(84.94791021202093)}",Time,10,5610_rsi_enabled=False_rsi_min=50_rsi_exit_enabled=False_adx_enabled=False_adx_min=18_bb_enabled=True_bb_length=20_bb_stddev=2.0_sma_enabled=True_sma_length=50_macd_enabled=False_macd_fast=12_macd_slow=26_macd_signal=9_combination_mode=all_protective_exit=False_use_hard_stop=True_hard_stop_pct=5.0_use_trailing_stop=True_trailing_stop_pct=10.0
DIXON.NS,2021-06-02,2021-06-16,11,4227.63671875,4184.23095703125,4229.750537109375,4182.138841552734,46527.25590820312,46003.52725708008,-523.7286511230413,-606.756557089638,-1.1256383831368484,-1.3040884213905726,-1.213513114179276,83.02790596659669,"{'brokerage_entry': 20.0, 'brokerage_exit': 20.0, 'exchange_entry': np.float64(1.3818595004736327), 'exchange_exit': np.float64(1.3663047595352784), 'sebi_entry': np.float64(0.04652725590820312), 'sebi_exit': np.float64(0.04600352725708008), 'ipft_entry': np.float64(0.04652725590820312), 'ipft_exit': np.float64(0.04600352725708008), 'stamp_buy': np.float64(1.3958176772460937), 'stt_sell': np.float64(11.50088181427002), 'dp_sell': 16.5, 'gst': np.float64(10.697980648741103), 'fees_total': np.float64(83.02790596659669)}",Time,10,5610_rsi_enabled=False_rsi_min=50_rsi_exit_enabled=False_adx_enabled=False_adx_min=18_bb_enabled=True_bb_length=20_bb_stddev=2.0_sma_enabled=True_sma_length=50_macd_enabled=False_macd_fast=12_macd_slow=26_macd_signal=9_combination_mode=all_protective_exit=False_use_hard_stop=True_hard_stop_pct=5.0_use_trailing_stop=True_trailing_stop_pct=10.0
DIXON.NS,2021-12-13,2021-12-17,8,5697.42822265625,5412.556811523437,5700.276936767578,5409.850533117676,45602.215494140626,43278.804264941406,-2323.4112291992205,-2405.5936801553885,-5.094952523738135,-5.27516844102559,-4.811187360310777,82.1824509561678,"{'brokerage_entry': 20.0, 'brokerage_exit': 20.0, 'exchange_entry': np.float64(1.3543858001759765), 'exchange_exit': np.float64(1.2853804866687597), 'sebi_entry': np.float64(0.045602215494140626), 'sebi_exit': np.float64(0.043278804264941406), 'ipft_entry': np.float64(0.045602215494140626), 'ipft_exit': np.float64(0.043278804264941406), 'stamp_buy': np.float64(1.368066464824219), 'stt_sell': np.float64(10.819701066235352), 'dp_sell': 16.5, 'gst': np.float64(10.677155098745322), 'fees_total': np.float64(82.1824509561678)}",HSL,4,5610_rsi_enabled=False_rsi_min=50_rsi_exit_enabled=False_adx_enabled=False_adx_min=18_bb_enabled=True_bb_length=20_bb_stddev=2.0_sma_enabled=True_sma_length=50_macd_enabled=False_macd_fast=12_macd_slow=26_macd_signal=9_combination_mode=all_protective_exit=False_use_hard_stop=True_hard_stop_pct=5.0_use_trailing_stop=True_trailing_stop_pct=10.0
DIXON.NS,2023-08-08,2023-08-16,10,4852.8984375,4610.253515625,4855.324886718749,4607.9483888671875,48553.248867187496,46079.48388867188,-2473.7649785156173,-2556.9512789552664,-5.094952523738115,-5.26628256319067,-5.113902557910533,83.18630043964926,"{'brokerage_entry': 20.0, 'brokerage_exit': 20.0, 'exchange_entry': np.float64(1.4420314913554686), 'exchange_exit': np.float64(1.3685606714935548), 'sebi_entry': np.float64(0.048553248867187496), 'sebi_exit': np.float64(0.04607948388867188), 'ipft_entry': np.float64(0.048553248867187496), 'ipft_exit': np.float64(0.04607948388867188), 'stamp_buy': np.float64(1.456597466015625), 'stt_sell': np.float64(11.51987097216797), 'dp_sell': 16.5, 'gst': np.float64(10.709974373104933), 'fees_total': np.float64(83.18630043964926)}",HSL,5,5610_rsi_enabled=False_rsi_min=50_rsi_exit_enabled=False_adx_enabled=False_adx_min=18_bb_enabled=True_bb_length=20_bb_stddev=2.0_sma_enabled=True_sma_length=50_macd_enabled=False_macd_fast=12_macd_slow=26_macd_signal=9_combination_mode=all_protective_exit=False_use_hard_stop=True_hard_stop_pct=5.0_use_trailing_stop=True_trailing_stop_pct=10.0
NYKAA.NS,2023-02-09,2023-02-14,329,151.85000610351562,144.25750579833985,151.92593110656736,144.18537704544067,49983.631334060665,47436.98904794998,-2546.642286110684,-2630.3151580387025,-5.094952523738125,-5.26235307006658,-5.260630316077405,83.6728719280188,"{'brokerage_entry': 20.0, 'brokerage_exit': 20.0, 'exchange_entry': np.float64(1.4845138506216018), 'exchange_exit': np.float64(1.4088785747241144), 'sebi_entry': np.float64(0.04998363133406066), 'sebi_exit': np.float64(0.047436989047949976), 'ipft_entry': np.float64(0.04998363133406066), 'ipft_exit': np.float64(0.047436989047949976), 'stamp_buy': np.float64(1.49950894002182), 'stt_sell': np.float64(11.859247261987495), 'dp_sell': 16.5, 'gst': np.float64(10.725882059899753), 'fees_total': np.float64(83.6728719280188)}",HSL,3,5610_rsi_enabled=False_rsi_min=50_rsi_exit_enabled=False_adx_enabled=False_adx_min=18_bb_enabled=True_bb_length=20_bb_stddev=2.0_sma_enabled=True_sma_length=50_macd_enabled=False_macd_fast=12_macd_slow=26_macd_signal=9_combination_mode=all_protective_exit=False_use_hard_stop=True_hard_stop_pct=5.0_use_trailing_stop=True_trailing_stop_pct=10.0
NYKAA.NS,2023-06-02,2023-06-16,368,135.75,144.35000610351562,135.817875,144.27783110046389,49980.977999999996,53094.24184497071,3113.2638449707156,3027.9652234959517,6.228897411672729,6.058235242007373,6.055930446991904,85.29862147476366,"{'brokerage_entry': 20.0, 'brokerage_exit': 20.0, 'exchange_entry': np.float64(1.4844350465999998), 'exchange_exit': np.float64(1.5768989827956301), 'sebi_entry': np.float64(0.049980977999999995), 'sebi_exit': np.float64(0.05309424184497071), 'ipft_entry': np.float64(0.049980977999999995), 'ipft_exit': np.float64(0.05309424184497071), 'stamp_buy': np.float64(1.4994293399999998), 'stt_sell': np.float64(13.273560461242678), 'dp_sell': 16.5, 'gst': np.float64(10.758147204435405), 'fees_total': np.float64(85.29862147476366)}",Time,10,5610_rsi_enabled=False_rsi_min=50_rsi_exit_enabled=False_adx_enabled=False_adx_min=18_bb_enabled=True_bb_length=20_bb_stddev=2.0_sma_enabled=True_sma_length=50_macd_enabled=False_macd_fast=12_macd_slow=26_macd_signal=9_combination_mode=all_protective_exit=False_use_hard_stop=True_hard_stop_pct=5.0_use_trailing_stop=True_trailing_stop_pct=10.0
NYKAA.NS,2023-09-07,2023-09-22,346,144.35000610351562,143.5,144.42218110656736,143.42825000000002,49970.07466287231,49626.17450000001,-343.9001628722981,-428.20130603337066,-0.6882122254018072,-0.8569154817603737,-0.8564026120667413,84.30114316107257,"{'brokerage_entry': 20.0, 'brokerage_exit': 20.0, 'exchange_entry': np.float64(1.4841112174873075), 'exchange_exit': np.float64(1.4738973826500004), 'sebi_entry': np.float64(0.0499700746628723), 'sebi_exit': np.float64(0.04962617450000001), 'ipft_entry': np.float64(0.0499700746628723), 'ipft_exit': np.float64(0.04962617450000001), 'stamp_buy': np.float64(1.4991022398861693), 'stt_sell': np.float64(12.406543625000003), 'dp_sell': 16.5, 'gst': np.float64(10.738296197723349), 'fees_total': np.float64(84.30114316107257)}",Time,10,5610_rsi_enabled=False_rsi_min=50_rsi_exit_enabled=False_adx_enabled=False_adx_min=18_bb_enabled=True_bb_length=20_bb_stddev=2.0_sma_enabled=True_sma_length=50_macd_enabled=False_macd_fast=12_macd_slow=26_macd_signal=9_combination_mode=all_protective_exit=False_use_hard_stop=True_hard_stop_pct=5.0_use_trailing_stop=True_trailing_stop_pct=10.0
NYKAA.NS,2024-01-05,2024-01-16,288,173.39999389648438,175.95000000000002,173.4866938934326,175.86202500000002,49964.16784130859,50648.2632,684.0953586914111,599.5008592606406,1.36917192509674,1.1998615911401105,1.1990017185212813,84.59449943077047,"{'brokerage_entry': 20.0, 'brokerage_exit': 20.0, 'exchange_entry': np.float64(1.483935784886865), 'exchange_exit': np.float64(1.5042534170400002), 'sebi_entry': np.float64(0.04996416784130859), 'sebi_exit': np.float64(0.0506482632), 'ipft_entry': np.float64(0.04996416784130859), 'ipft_exit': np.float64(0.0506482632), 'stamp_buy': np.float64(1.4989250352392578), 'stt_sell': np.float64(12.6620658), 'dp_sell': 16.5, 'gst': np.float64(10.744094531521707), 'fees_total': np.float64(84.59449943077047)}",TSL,7,5610_rsi_enabled=False_rsi_min=50_rsi_exit_enabled=False_adx_enabled=False_adx_min=18_bb_enabled=True_bb_length=20_bb_stddev=2.0_sma_enabled=True_sma_length=50_macd_enabled=False_macd_fast=12_macd_slow=26_macd_signal=9_combination_mode=all_protective_exit=False_use_hard_stop=True_hard_stop_pct=5.0_use_trailing_stop=True_trailing_stop_pct=10.0
HDFCBANK.NS,2015-05-21,2015-06-03,224,222.36773681640625,218.2120361328125,222.47892068481445,218.1029301147461,49835.278233398436,48855.056345703124,-980.221887695312,-1064.2923207840056,-1.9669236782516653,-2.135620304555141,-2.128584641568011,84.07043308869359,"{'brokerage_entry': 20.0, 'brokerage_exit': 20.0, 'exchange_entry': np.float64(1.4801077635319335), 'exchange_exit': np.float64(1.4509951734673827), 'sebi_entry': np.float64(0.049835278233398436), 'sebi_exit': np.float64(0.04885505634570312), 'ipft_entry': np.float64(0.049835278233398436), 'ipft_exit': np.float64(0.04885505634570312), 'stamp_buy': np.float64(1.4950583470019532), 'stt_sell': np.float64(12.213764086425781), 'dp_sell': 16.5, 'gst': np.float64(10.73312704910835), 'fees_total': np.float64(84.07043308869359)}",TwoRedBelow20,9,5610_rsi_enabled=False_rsi_min=50_rsi_exit_enabled=False_adx_enabled=False_adx_min=18_bb_enabled=True_bb_length=20_bb_stddev=2.0_sma_enabled=True_sma_length=50_macd_enabled=False_macd_fast=12_macd_slow=26_macd_signal=9_combination_mode=all_protective_exit=False_use_hard_stop=True_hard_stop_pct=5.0_use_trailing_stop=True_trailing_stop_pct=10.0
HDFCBANK.NS,2018-06-28,2018-07-12,103,482.6622619628906,490.61279296875,482.903593093872,490.36748657226565,49739.07008866882,50507.85111694336,768.7810282745413,684.2420570580283,1.545628068446095,1.3756631473773917,1.3684841141160566,84.53897121651302,"{'brokerage_entry': 20.0, 'brokerage_exit': 20.0, 'exchange_entry': np.float64(1.477250381633464), 'exchange_exit': np.float64(1.5000831781732178), 'sebi_entry': np.float64(0.04973907008866882), 'sebi_exit': np.float64(0.05050785111694336), 'ipft_entry': np.float64(0.04973907008866882), 'ipft_exit': np.float64(0.05050785111694336), 'stamp_buy': np.float64(1.4921721026600647), 'stt_sell': np.float64(12.626962779235841), 'dp_sell': 16.5, 'gst': np.float64(10.742008932399221), 'fees_total': np.float64(84.53897121651302)}",Time,10,5610_rsi_enabled=False_rsi_min=50_rsi_exit_enabled=False_adx_enabled=False_adx_min=18_bb_enabled=True_bb_length=20_bb_stddev=2.0_sma_enabled=True_sma_length=50_macd_enabled=False_macd_fast=12_macd_slow=26_macd_signal=9_combination_mode=all_protective_exit=False_use_hard_stop=True_hard_stop_pct=5.0_use_trailing_stop=True_trailing_stop_pct=10.0
HDFCBANK.NS,2018-11-16,2018-12-03,110,453.9972229003906,478.68695068359375,454.22422151184077,478.44760720825195,49964.66436630249,52629.236792907715,2664.5724266052275,2579.40855000925,5.3329136909049,5.162465479801907,5.1588171000185,85.16387659597743,"{'brokerage_entry': 20.0, 'brokerage_exit': 20.0, 'exchange_entry': np.float64(1.483950531679184), 'exchange_exit': np.float64(1.5630883327493592), 'sebi_entry': np.float64(0.04996466436630249), 'sebi_exit': np.float64(0.052629236792907715), 'ipft_entry': np.float64(0.04996466436630249), 'ipft_exit': np.float64(0.052629236792907715), 'stamp_buy': np.float64(1.4989399309890747), 'stt_sell': np.float64(13.15730919822693), 'dp_sell': 16.5, 'gst': np.float64(10.755400800014453), 'fees_total': np.float64(85.16387659597743)}",Time,10,5610_rsi_enabled=False_rsi_min=50_rsi_exit_enabled=False_adx_enabled=False_adx_min=18_bb_enabled=True_bb_length=20_bb_stddev=2.0_sma_enabled=True_sma_length=50_macd_enabled=False_macd_fast=12_macd_slow=26_macd_signal=9_combination_mode=all_protective_exit=False_use_hard_stop=True_hard_stop_pct=5.0_use_trailing_stop=True_trailing_stop_pct=10.0
HDFCBANK.NS,2019-05-02,2019-05-09,93,533.6161499023438,518.9154052734375,533.8829579772948,518.6559475708008,49651.11509188842,48235.00312408447,-1416.111967803954,-1499.9917801757185,-2.8521252044051404,-3.021063630493919,-2.999983560351437,83.87981237176447,"{'brokerage_entry': 20.0, 'brokerage_exit': 20.0, 'exchange_entry': np.float64(1.4746381182290862), 'exchange_exit': np.float64(1.4325795927853087), 'sebi_entry': np.float64(0.04965111509188842), 'sebi_exit': np.float64(0.04823500312408447), 'ipft_entry': np.float64(0.04965111509188842), 'ipft_exit': np.float64(0.04823500312408447), 'stamp_buy': np.float64(1.4895334527566528), 'stt_sell': np.float64(12.058750781021118), 'dp_sell': 16.5, 'gst': np.float64(10.728538190540341), 'fees_total': np.float64(83.87981237176447)}",TwoRedBelow20,5,5610_rsi_enabled=False_rsi_min=50_rsi_exit_enabled=False_adx_enabled=False_adx_min=18_bb_enabled=True_bb_length=20_bb_stddev=2.0_sma_enabled=True_sma_length=50_macd_enabled=False_macd_fast=12_macd_slow=26_macd_signal=9_combination_mode=all_protective_exit=False_use_hard_stop=True_hard_stop_pct=5.0_use_trailing_stop=True_trailing_stop_pct=10.0
HDFCBANK.NS,2019-06-26,2019-07-08,88,562.4824829101562,549.1947631835938,562.7637241516113,548.920165802002,49523.207725341796,48304.974590576174,-1218.2331347656218,-1302.1244356327354,-2.459923722069871,-2.629321676524637,-2.604248871265471,83.89130086711351,"{'brokerage_entry': 20.0, 'brokerage_exit': 20.0, 'exchange_entry': np.float64(1.4708392694426513), 'exchange_exit': np.float64(1.4346577453401124), 'sebi_entry': np.float64(0.04952320772534179), 'sebi_exit': np.float64(0.04830497459057617), 'ipft_entry': np.float64(0.04952320772534179), 'ipft_exit': np.float64(0.04830497459057617), 'stamp_buy': np.float64(1.485696231760254), 'stt_sell': np.float64(12.076243647644043), 'dp_sell': 16.5, 'gst': np.float64(10.728207608294628), 'fees_total': np.float64(83.89130086711351)}",TwoRedBelow20,8,5610_rsi_enabled=False_rsi_min=50_rsi_exit_enabled=False_adx_enabled=False_adx_min=18_bb_enabled=True_bb_length=20_bb_stddev=2.0_sma_enabled=True_sma_length=50_macd_enabled=False_macd_fast=12_macd_slow=26_macd_signal=9_combination_mode=all_protective_exit=False_use_hard_stop=True_hard_stop_pct=5.0_use_trailing_stop=True_trailing_stop_pct=10.0
HDFCBANK.NS,2020-06-03,2020-06-11,107,465.98138427734375,442.68231506347655,466.2143749694824,442.46097390594485,49884.938121734616,47343.3242079361,-2541.6139137985156,-2625.2532133748555,-5.094952523738117,-5.262616958586635,-5.250506426749711,83.63929957633972,"{'brokerage_entry': 20.0, 'brokerage_exit': 20.0, 'exchange_entry': np.float64(1.4815826622155182), 'exchange_exit': np.float64(1.4060967289757023), 'sebi_entry': np.float64(0.04988493812173461), 'sebi_exit': np.float64(0.0473433242079361), 'ipft_entry': np.float64(0.04988493812173461), 'ipft_exit': np.float64(0.0473433242079361), 'stamp_buy': np.float64(1.4965481436520385), 'stt_sell': np.float64(11.835831051984025), 'dp_sell': 16.5, 'gst': np.float64(10.724784464853101), 'fees_total': np.float64(83.63929957633972)}",HSL,6,5610_rsi_enabled=False_rsi_min=50_rsi_exit_enabled=False_adx_enabled=False_adx_min=18_bb_enabled=True_bb_length=20_bb_stddev=2.0_sma_enabled=True_sma_length=50_macd_enabled=False_macd_fast=12_macd_slow=26_macd_signal=9_combination_mode=all_protective_exit=False_use_hard_stop=True_hard_stop_pct=5.0_use_trailing_stop=True_trailing_stop_pct=10.0
HDFCBANK.NS,2020-08-21,2020-09-04,100,494.88153076171875,510.2205505371094,495.12897152709957,509.96544026184085,49512.89715270996,50996.544026184085,1483.6468734741284,1398.9826943962632,2.996485681090719,2.8254914877662207,2.7979653887925267,84.66417907786504,"{'brokerage_entry': 20.0, 'brokerage_exit': 20.0, 'exchange_entry': np.float64(1.4705330454354857), 'exchange_exit': np.float64(1.5145973575776672), 'sebi_entry': np.float64(0.049512897152709956), 'sebi_exit': np.float64(0.05099654402618408), 'ipft_entry': np.float64(0.049512897152709956), 'ipft_exit': np.float64(0.05099654402618408), 'stamp_buy': np.float64(1.4853869145812988), 'stt_sell': np.float64(12.74913600654602), 'dp_sell': 16.5, 'gst': np.float64(10.743506871366769), 'fees_total': np.float64(84.66417907786504)}",Time,10,5610_rsi_enabled=False_rsi_min=50_rsi_exit_enabled=False_adx_enabled=False_adx_min=18_bb_enabled=True_bb_length=20_bb_stddev=2.0_sma_enabled=True_sma_length=50_macd_enabled=False_macd_fast=12_macd_slow=26_macd_signal=9_combination_mode=all_protective_exit=False_use_hard_stop=True_hard_stop_pct=5.0_use_trailing_stop=True_trailing_stop_pct=10.0
HDFCBANK.NS,2020-10-07,2020-10-21,94,529.7987670898438,568.29443359375,530.0636664733886,568.0102863769531,49825.984648498525,53392.966919433595,3566.98227093507,3481.608241563407,7.15887964101189,6.987535251184089,6.963216483126813,85.37402937166343,"{'brokerage_entry': 20.0, 'brokerage_exit': 20.0, 'exchange_entry': np.float64(1.4798317440604063), 'exchange_exit': np.float64(1.5857711175071778), 'sebi_entry': np.float64(0.04982598464849852), 'sebi_exit': np.float64(0.05339296691943359), 'ipft_entry': np.float64(0.04982598464849852), 'ipft_exit': np.float64(0.05339296691943359), 'stamp_buy': np.float64(1.4947795394549557), 'stt_sell': np.float64(13.3482417298584), 'dp_sell': 16.5, 'gst': np.float64(10.75896733764662), 'fees_total': np.float64(85.37402937166343)}",Time,10,5610_rsi_enabled=False_rsi_min=50_rsi_exit_enabled=False_adx_enabled=False_adx_min=18_bb_enabled=True_bb_length=20_bb_stddev=2.0_sma_enabled=True_sma_length=50_macd_enabled=False_macd_fast=12_macd_slow=26_macd_signal=9_combination_mode=all_protective_exit=False_use_hard_stop=True_hard_stop_pct=5.0_use_trailing_stop=True_trailing_stop_pct=10.0
HDFCBANK.NS,2020-12-29,2021-01-12,76,650.5733032226562,675.0974731445312,650.8985898742675,674.759924407959,49468.29283044433,51281.75425500489,1813.4614245605626,1728.7182809506196,3.665906625838727,3.4945986247714464,3.4574365619012393,84.74314360994289,"{'brokerage_entry': 20.0, 'brokerage_exit': 20.0, 'exchange_entry': np.float64(1.4692082970641964), 'exchange_exit': np.float64(1.5230681013736451), 'sebi_entry': np.float64(0.04946829283044432), 'sebi_exit': np.float64(0.051281754255004884), 'ipft_entry': np.float64(0.04946829283044432), 'ipft_exit': np.float64(0.051281754255004884), 'stamp_buy': np.float64(1.48404878491333), 'stt_sell': np.float64(12.820438563751223), 'dp_sell': 16.5, 'gst': np.float64(10.744879768669575), 'fees_total': np.float64(84.74314360994289)}",Time,10,5610_rsi_enabled=False_rsi_min=50_rsi_exit_enabled=False_adx_enabled=False_adx_min=18_bb_enabled=True_bb_length=20_bb_stddev=2.0_sma_enabled=True_sma_length=50_macd_enabled=False_macd_fast=12_macd_slow=26_macd_signal=9_combination_mode=all_protective_exit=False_use_hard_stop=True_hard_stop_pct=5.0_use_trailing_stop=True_trailing_stop_pct=10.0
HDFCBANK.NS,2022-07-28,2022-08-12,75,659.044921875,690.8145141601562,659.3744443359375,690.4691069030762,49453.08332519531,51785.18301773071,2332.0996925354048,2247.212885690393,4.715782183286535,4.5441309916170285,4.494425771380786,84.88680684501202,"{'brokerage_entry': 20.0, 'brokerage_exit': 20.0, 'exchange_entry': np.float64(1.4687565747583007), 'exchange_exit': np.float64(1.5380199356266022), 'sebi_entry': np.float64(0.0494530833251953), 'sebi_exit': np.float64(0.05178518301773071), 'ipft_entry': np.float64(0.0494530833251953), 'ipft_exit': np.float64(0.05178518301773071), 'stamp_buy': np.float64(1.4835924997558594), 'stt_sell': np.float64(12.946295754432679), 'dp_sell': 16.5, 'gst': np.float64(10.747665547752735), 'fees_total': np.float64(84.88680684501202)}",Time,10,5610_rsi_enabled=False_rsi_min=50_rsi_exit_enabled=False_adx_enabled=False_adx_min=18_bb_enabled=True_bb_length=20_bb_stddev=2.0_sma_enabled=True_sma_length=50_macd_enabled=False_macd_fast=12_macd_slow=26_macd_signal=9_combination_mode=all_protective_exit=False_use_hard_stop=True_hard_stop_pct=5.0_use_trailing_stop=True_trailing_stop_pct=10.0
HDFCBANK.NS,2023-01-24,2023-01-27,63,788.6583862304688,749.2254669189452,789.0527154235839,748.8508541854858,49710.32107168579,47177.60381368561,-2532.717258000179,-2616.297158304013,-5.094952523738123,-5.263086421290919,-5.232594316608026,83.57990030383418,"{'brokerage_entry': 20.0, 'brokerage_exit': 20.0, 'exchange_entry': np.float64(1.4763965358290678), 'exchange_exit': np.float64(1.4011748332664626), 'sebi_entry': np.float64(0.049710321071685784), 'sebi_exit': np.float64(0.047177603813685604), 'ipft_entry': np.float64(0.049710321071685784), 'ipft_exit': np.float64(0.047177603813685604), 'stamp_buy': np.float64(1.4913096321505737), 'stt_sell': np.float64(11.794400953421402), 'dp_sell': 16.5, 'gst': np.float64(10.722842499395929), 'fees_total': np.float64(83.57990030383418)}",HSL,2,5610_rsi_enabled=False_rsi_min=50_rsi_exit_enabled=False_adx_enabled=False_adx_min=18_bb_enabled=True_bb_length=20_bb_stddev=2.0_sma_enabled=True_sma_length=50_macd_enabled=False_macd_fast=12_macd_slow=26_macd_signal=9_combination_mode=all_protective_exit=False_use_hard_stop=True_hard_stop_pct=5.0_use_trailing_stop=True_trailing_stop_pct=10.0
HDFCBANK.NS,2023-04-05,2023-04-21,64,769.2384643554688,778.936767578125,769.6230835876464,778.547299194336,49255.87734960937,49827.027148437504,571.1497988281335,486.8390705948819,1.1595566449344001,0.9883877758168544,0.9736781411897637,84.31072823325161,"{'brokerage_entry': 20.0, 'brokerage_exit': 20.0, 'exchange_entry': np.float64(1.4628995572833983), 'exchange_exit': np.float64(1.4798627063085938), 'sebi_entry': np.float64(0.049255877349609366), 'sebi_exit': np.float64(0.0498270271484375), 'ipft_entry': np.float64(0.049255877349609366), 'ipft_exit': np.float64(0.0498270271484375), 'stamp_buy': np.float64(1.4776763204882812), 'stt_sell': np.float64(12.456756787109377), 'dp_sell': 16.5, 'gst': np.float64(10.735367053065856), 'fees_total': np.float64(84.31072823325161)}",Time,10,5610_rsi_enabled=False_rsi_min=50_rsi_exit_enabled=False_adx_enabled=False_adx_min=18_bb_enabled=True_bb_length=20_bb_stddev=2.0_sma_enabled=True_sma_length=50_macd_enabled=False_macd_fast=12_macd_slow=26_macd_signal=9_combination_mode=all_protective_exit=False_use_hard_stop=True_hard_stop_pct=5.0_use_trailing_stop=True_trailing_stop_pct=10.0
HDFCBANK.NS,2024-05-27,2024-06-10,66,747.2264404296875,763.660888671875,747.6000536499023,763.279058227539,49341.60354089355,50376.417843017574,1034.8143021240248,950.339897249157,2.0972449775905377,1.9260417762092596,1.900679794498314,84.47440487486779,"{'brokerage_entry': 20.0, 'brokerage_exit': 20.0, 'exchange_entry': np.float64(1.4654456251645385), 'exchange_exit': np.float64(1.496179609937622), 'sebi_entry': np.float64(0.04934160354089355), 'sebi_exit': np.float64(0.05037641784301757), 'ipft_entry': np.float64(0.04934160354089355), 'ipft_exit': np.float64(0.05037641784301757), 'stamp_buy': np.float64(1.4802481062268065), 'stt_sell': np.float64(12.594104460754394), 'dp_sell': 16.5, 'gst': np.float64(10.738991030016598), 'fees_total': np.float64(84.47440487486779)}",Time,10,5610_rsi_enabled=False_rsi_min=50_rsi_exit_enabled=False_adx_enabled=False_adx_min=18_bb_enabled=True_bb_length=20_bb_stddev=2.0_sma_enabled=True_sma_length=50_macd_enabled=False_macd_fast=12_macd_slow=26_macd_signal=9_combination_mode=all_protective_exit=False_use_hard_stop=True_hard_stop_pct=5.0_use_trailing_stop=True_trailing_stop_pct=10.0
HDFCBANK.NS,2024-10-24,2024-11-07,58,855.786376953125,854.2701416015625,856.2142701416016,853.8430065307617,49660.42766821289,49522.89437878418,-137.53328942871303,-221.78387719794546,-0.27694745270336574,-0.4466008200326212,-0.4435677543958909,84.25058776923241,"{'brokerage_entry': 20.0, 'brokerage_exit': 20.0, 'exchange_entry': np.float64(1.474914701745923), 'exchange_exit': np.float64(1.47082996304989), 'sebi_entry': np.float64(0.04966042766821289), 'sebi_exit': np.float64(0.049522894378784175), 'ipft_entry': np.float64(0.04966042766821289), 'ipft_exit': np.float64(0.049522894378784175), 'stamp_buy': np.float64(1.4898128300463869), 'stt_sell': np.float64(12.380723594696045), 'dp_sell': 16.5, 'gst': np.float64(10.735940035600164), 'fees_total': np.float64(84.25058776923241)}",Time,10,5610_rsi_enabled=False_rsi_min=50_rsi_exit_enabled=False_adx_enabled=False_adx_min=18_bb_enabled=True_bb_length=20_bb_stddev=2.0_sma_enabled=True_sma_length=50_macd_enabled=False_macd_fast=12_macd_slow=26_macd_signal=9_combination_mode=all_protective_exit=False_use_hard_stop=True_hard_stop_pct=5.0_use_trailing_stop=True_trailing_stop_pct=10.0
HDFCLIFE.NS,2018-02-23,2018-03-06,108,459.72637939453125,436.74006042480465,459.9562425842285,436.52169039459227,49675.274199096675,47144.342562615966,-2530.931636480709,-2614.4996149319245,-5.094952523738123,-5.263181043456561,-5.228999229863849,83.56797845121552,"{'brokerage_entry': 20.0, 'brokerage_exit': 20.0, 'exchange_entry': np.float64(1.4753556437131712), 'exchange_exit': np.float64(1.4001869741096942), 'sebi_entry': np.float64(0.049675274199096675), 'sebi_exit': np.float64(0.047144342562615967), 'ipft_entry': np.float64(0.049675274199096675), 'ipft_exit': np.float64(0.047144342562615967), 'stamp_buy': np.float64(1.4902582259729003), 'stt_sell': np.float64(11.786085640653992), 'dp_sell': 16.5, 'gst': np.float64(10.722452733242333), 'fees_total': np.float64(83.56797845121552)}",HSL,6,5610_rsi_enabled=False_rsi_min=50_rsi_exit_enabled=False_adx_enabled=False_adx_min=18_bb_enabled=True_bb_length=20_bb_stddev=2.0_sma_enabled=True_sma_length=50_macd_enabled=False_macd_fast=12_macd_slow=26_macd_signal=9_combination_mode=all_protective_exit=False_use_hard_stop=True_hard_stop_pct=5.0_use_trailing_stop=True_trailing_stop_pct=10.0
HDFCLIFE.NS,2018-04-03,2018-04-17,103,483.9947509765625,481.73956298828125,484.23674835205077,481.49869320678715,49876.38508026123,49594.36540029907,-282.01967996215535,-366.3053657571138,-0.5654372896278037,-0.7344264528547009,-0.7326107315142276,84.28568579495844,"{'brokerage_entry': 20.0, 'brokerage_exit': 20.0, 'exchange_entry': np.float64(1.4813286368837586), 'exchange_exit': np.float64(1.4729526523888825), 'sebi_entry': np.float64(0.049876385080261224), 'sebi_exit': np.float64(0.04959436540029907), 'ipft_entry': np.float64(0.049876385080261224), 'ipft_exit': np.float64(0.04959436540029907), 'stamp_buy': np.float64(1.4962915524078368), 'stt_sell': np.float64(12.398591350074769), 'dp_sell': 16.5, 'gst': np.float64(10.737580102242076), 'fees_total': np.float64(84.28568579495844)}",Time,10,5610_rsi_enabled=False_rsi_min=50_rsi_exit_enabled=False_adx_enabled=False_adx_min=18_bb_enabled=True_bb_length=20_bb_stddev=2.0_sma_enabled=True_sma_length=50_macd_enabled=False_macd_fast=12_macd_slow=26_macd_signal=9_combination_mode=all_protective_exit=False_use_hard_stop=True_hard_stop_pct=5.0_use_trailing_stop=True_trailing_stop_pct=10.0
HDFCLIFE.NS,2019-03-06,2019-03-12,130,382.45977783203125,363.3367889404297,382.65100772094723,363.1551205459595,49744.63100372314,47210.16567097473,-2534.4653327484048,-2618.056904220674,-5.094952523738115,-5.2629939179259875,-5.236113808441348,83.59157147226914,"{'brokerage_entry': 20.0, 'brokerage_exit': 20.0, 'exchange_entry': np.float64(1.4774155408105771), 'exchange_exit': np.float64(1.4021419204279495), 'sebi_entry': np.float64(0.04974463100372314), 'sebi_exit': np.float64(0.04721016567097473), 'ipft_entry': np.float64(0.04974463100372314), 'ipft_exit': np.float64(0.04721016567097473), 'stamp_buy': np.float64(1.4923389301116943), 'stt_sell': np.float64(11.802541417743683), 'dp_sell': 16.5, 'gst': np.float64(10.723224069825827), 'fees_total': np.float64(83.59157147226914)}",HSL,4,5610_rsi_enabled=False_rsi_min=50_rsi_exit_enabled=False_adx_enabled=False_adx_min=18_bb_enabled=True_bb_length=20_bb_stddev=2.0_sma_enabled=True_sma_length=50_macd_enabled=False_macd_fast=12_macd_slow=26_macd_signal=9_combination_mode=all_protective_exit=False_use_hard_stop=True_hard_stop_pct=5.0_use_trailing_stop=True_trailing_stop_pct=10.0
HDFCLIFE.NS,2019-12-19,2020-01-03,83,596.1259155273438,621.1923217773438,596.4239784851073,620.8817256164551,49503.19021426391,51533.18322616578,2029.9930119018682,1945.1752538039862,4.100731696513861,3.9293937327770463,3.8903505076079723,84.81775809788208,"{'brokerage_entry': 20.0, 'brokerage_exit': 20.0, 'exchange_entry': np.float64(1.4702447493636381), 'exchange_exit': np.float64(1.5305355418171236), 'sebi_entry': np.float64(0.04950319021426391), 'sebi_exit': np.float64(0.05153318322616578), 'ipft_entry': np.float64(0.04950319021426391), 'ipft_exit': np.float64(0.05153318322616578), 'stamp_buy': np.float64(1.4850957064279173), 'stt_sell': np.float64(12.883295806541444), 'dp_sell': 16.5, 'gst': np.float64(10.74651354685109), 'fees_total': np.float64(84.81775809788208)}",Time,10,5610_rsi_enabled=False_rsi_min=50_rsi_exit_enabled=False_adx_enabled=False_adx_min=18_bb_enabled=True_bb_length=20_bb_stddev=2.0_sma_enabled=True_sma_length=50_macd_enabled=False_macd_fast=12_macd_slow=26_macd_signal=9_combination_mode=all_protective_exit=False_use_hard_stop=True_hard_stop_pct=5.0_use_trailing_stop=True_trailing_stop_pct=10.0
HDFCLIFE.NS,2022-05-30,2022-06-13,83,601.4907836914062,576.5277099609375,601.7915290832519,576.2394461059571,49948.69691390991,47827.87402679444,-2120.8228871154715,-2204.6057469421953,-4.246002434799968,-4.41374026381907,-4.40921149388439,83.7828598267239,"{'brokerage_entry': 20.0, 'brokerage_exit': 20.0, 'exchange_entry': np.float64(1.4834762983431242), 'exchange_exit': np.float64(1.4204878585957947), 'sebi_entry': np.float64(0.04994869691390991), 'sebi_exit': np.float64(0.047827874026794434), 'ipft_entry': np.float64(0.04994869691390991), 'ipft_exit': np.float64(0.047827874026794434), 'stamp_buy': np.float64(1.4984609074172972), 'stt_sell': np.float64(11.95696850669861), 'dp_sell': 16.5, 'gst': np.float64(10.727913113787658), 'fees_total': np.float64(83.7828598267239)}",Time,10,5610_rsi_enabled=False_rsi_min=50_rsi_exit_enabled=False_adx_enabled=False_adx_min=18_bb_enabled=True_bb_length=20_bb_stddev=2.0_sma_enabled=True_sma_length=50_macd_enabled=False_macd_fast=12_macd_slow=26_macd_signal=9_combination_mode=all_protective_exit=False_use_hard_stop=True_hard_stop_pct=5.0_use_trailing_stop=True_trailing_stop_pct=10.0
HDFCLIFE.NS,2022-11-24,2022-12-08,88,567.1665649414062,572.0700073242188,567.4501482238769,571.7839723205567,49935.61304370117,50316.98956420899,381.37652050782344,296.8791558723087,0.7637365344329741,0.5945239034364008,0.5937583117446174,84.49736463551477,"{'brokerage_entry': 20.0, 'brokerage_exit': 20.0, 'exchange_entry': np.float64(1.4830877073979247), 'exchange_exit': np.float64(1.494414590057007), 'sebi_entry': np.float64(0.049935613043701164), 'sebi_exit': np.float64(0.05031698956420899), 'ipft_entry': np.float64(0.049935613043701164), 'ipft_exit': np.float64(0.05031698956420899), 'stamp_buy': np.float64(1.498068391311035), 'stt_sell': np.float64(12.579247391052247), 'dp_sell': 16.5, 'gst': np.float64(10.742041350480735), 'fees_total': np.float64(84.49736463551477)}",Time,10,5610_rsi_enabled=False_rsi_min=50_rsi_exit_enabled=False_adx_enabled=False_adx_min=18_bb_enabled=True_bb_length=20_bb_stddev=2.0_sma_enabled=True_sma_length=50_macd_enabled=False_macd_fast=12_macd_slow=26_macd_signal=9_combination_mode=all_protective_exit=False_use_hard_stop=True_hard_stop_pct=5.0_use_trailing_stop=True_trailing_stop_pct=10.0
HDFCLIFE.NS,2023-01-06,2023-01-20,82,605.89892578125,584.997314453125,606.2018752441406,584.7048157958985,49708.553770019535,47945.79489526368,-1762.7588747558548,-1846.5594386589448,-3.546188213222607,-3.7147720032294536,-3.69311887731789,83.80056390309008,"{'brokerage_entry': 20.0, 'brokerage_exit': 20.0, 'exchange_entry': np.float64(1.47634404696958), 'exchange_exit': np.float64(1.4239901083893314), 'sebi_entry': np.float64(0.04970855377001953), 'sebi_exit': np.float64(0.047945794895263676), 'ipft_entry': np.float64(0.04970855377001953), 'ipft_exit': np.float64(0.047945794895263676), 'stamp_buy': np.float64(1.491256613100586), 'stt_sell': np.float64(11.98644872381592), 'dp_sell': 16.5, 'gst': np.float64(10.727215713484105), 'fees_total': np.float64(83.80056390309008)}",Time,10,5610_rsi_enabled=False_rsi_min=50_rsi_exit_enabled=False_adx_enabled=False_adx_min=18_bb_enabled=True_bb_length=20_bb_stddev=2.0_sma_enabled=True_sma_length=50_macd_enabled=False_macd_fast=12_macd_slow=26_macd_signal=9_combination_mode=all_protective_exit=False_use_hard_stop=True_hard_stop_pct=5.0_use_trailing_stop=True_trailing_stop_pct=10.0
ICICIBANK.NS,2016-05-25,2016-06-08,250,199.49998474121094,218.7283477783203,199.59973473358153,218.61898360443115,49899.93368339538,54654.74590110779,4754.81221771241,4669.070560882093,9.52869446256321,9.356867266610747,9.338141121764185,85.74165683031674,"{'brokerage_entry': 20.0, 'brokerage_exit': 20.0, 'exchange_entry': np.float64(1.4820280303968427), 'exchange_exit': np.float64(1.6232459532629013), 'sebi_entry': np.float64(0.049899933683395375), 'sebi_exit': np.float64(0.05465474590110778), 'ipft_entry': np.float64(0.049899933683395375), 'ipft_exit': np.float64(0.05465474590110778), 'stamp_buy': np.float64(1.4969980105018614), 'stt_sell': np.float64(13.663686475276947), 'dp_sell': 16.5, 'gst': np.float64(10.766589001709175), 'fees_total': np.float64(85.74165683031674)}",Time,10,5610_rsi_enabled=False_rsi_min=50_rsi_exit_enabled=False_adx_enabled=False_adx_min=18_bb_enabled=True_bb_length=20_bb_stddev=2.0_sma_enabled=True_sma_length=50_macd_enabled=False_macd_fast=12_macd_slow=26_macd_signal=9_combination_mode=all_protective_exit=False_use_hard_stop=True_hard_stop_pct=5.0_use_trailing_stop=True_trailing_stop_pct=10.0
ICICIBANK.NS,2016-10-24,2016-11-02,202,246.53623962402344,234.20942764282225,246.65950774383543,234.09232292900086,49825.220564254756,47286.64923165817,-2538.5713325965844,-2622.1903181230127,-5.094952523738124,-5.262777140627863,-5.244380636246025,83.6189855264281,"{'brokerage_entry': 20.0, 'brokerage_exit': 20.0, 'exchange_entry': np.float64(1.4798090507583663), 'exchange_exit': np.float64(1.4044134821802476), 'sebi_entry': np.float64(0.04982522056425475), 'sebi_exit': np.float64(0.04728664923165817), 'ipft_entry': np.float64(0.04982522056425475), 'ipft_exit': np.float64(0.04728664923165817), 'stamp_buy': np.float64(1.4947566169276427), 'stt_sell': np.float64(11.821662307914544), 'dp_sell': 16.5, 'gst': np.float64(10.724120329055477), 'fees_total': np.float64(83.6189855264281)}",HSL,6,5610_rsi_enabled=False_rsi_min=50_rsi_exit_enabled=False_adx_enabled=False_adx_min=18_bb_enabled=True_bb_length=20_bb_stddev=2.0_sma_enabled=True_sma_length=50_macd_enabled=False_macd_fast=12_macd_slow=26_macd_signal=9_combination_mode=all_protective_exit=False_use_hard_stop=True_hard_stop_pct=5.0_use_trailing_stop=True_trailing_stop_pct=10.0
ICICIBANK.NS,2018-01-15,2018-01-30,157,316.3052673339844,339.3101501464844,316.46341996765136,339.1404950714111,49684.756934921264,53245.05772621155,3560.300791290283,3474.978791503468,7.165780836874543,6.994054124195697,6.9499575830069364,85.32199978681486,"{'brokerage_entry': 20.0, 'brokerage_exit': 20.0, 'exchange_entry': np.float64(1.4756372809671616), 'exchange_exit': np.float64(1.581378214468483), 'sebi_entry': np.float64(0.04968475693492126), 'sebi_exit': np.float64(0.05324505772621155), 'ipft_entry': np.float64(0.04968475693492126), 'ipft_exit': np.float64(0.05324505772621155), 'stamp_buy': np.float64(1.4905427080476379), 'stt_sell': np.float64(13.311264431552887), 'dp_sell': 16.5, 'gst': np.float64(10.757317522456423), 'fees_total': np.float64(85.32199978681486)}",Time,10,5610_rsi_enabled=False_rsi_min=50_rsi_exit_enabled=False_adx_enabled=False_adx_min=18_bb_enabled=True_bb_length=20_bb_stddev=2.0_sma_enabled=True_sma_length=50_macd_enabled=False_macd_fast=12_macd_slow=26_macd_signal=9_combination_mode=all_protective_exit=False_use_hard_stop=True_hard_stop_pct=5.0_use_trailing_stop=True_trailing_stop_pct=10.0
ICICIBANK.NS,2018-06-21,2018-06-27,174,286.1923828125,271.882763671875,286.33547900390624,271.74682229003906,49822.373346679684,47283.947078466794,-2538.42626821289,-2622.0442852047304,-5.09495252373813,-5.262784787388037,-5.244088570409461,83.61801699184012,"{'brokerage_entry': 20.0, 'brokerage_exit': 20.0, 'exchange_entry': np.float64(1.4797244883963867), 'exchange_exit': np.float64(1.4043332282304637), 'sebi_entry': np.float64(0.04982237334667968), 'sebi_exit': np.float64(0.04728394707846679), 'ipft_entry': np.float64(0.04982237334667968), 'ipft_exit': np.float64(0.04728394707846679), 'stamp_buy': np.float64(1.4946712004003906), 'stt_sell': np.float64(11.820986769616699), 'dp_sell': 16.5, 'gst': np.float64(10.724088664345885), 'fees_total': np.float64(83.61801699184012)}",HSL,4,5610_rsi_enabled=False_rsi_min=50_rsi_exit_enabled=False_adx_enabled=False_adx_min=18_bb_enabled=True_bb_length=20_bb_stddev=2.0_sma_enabled=True_sma_length=50_macd_enabled=False_macd_fast=12_macd_slow=26_macd_signal=9_combination_mode=all_protective_exit=False_use_hard_stop=True_hard_stop_pct=5.0_use_trailing_stop=True_trailing_stop_pct=10.0
ICICIBANK.NS,2018-07-27,2018-08-10,177,281.6298828125,315.6329040527344,281.77069775390623,315.47508760070804,49873.413502441406,55839.09050532532,5965.677002883916,5879.596745927597,11.96163764205128,11.789040157918565,11.759193491855195,86.08025695631908,"{'brokerage_entry': 20.0, 'brokerage_exit': 20.0, 'exchange_entry': np.float64(1.4812403810225099), 'exchange_exit': np.float64(1.6584209880081622), 'sebi_entry': np.float64(0.049873413502441406), 'sebi_exit': np.float64(0.05583909050532532), 'ipft_entry': np.float64(0.049873413502441406), 'ipft_exit': np.float64(0.05583909050532532), 'stamp_buy': np.float64(1.4962024050732423), 'stt_sell': np.float64(13.95977262633133), 'dp_sell': 16.5, 'gst': np.float64(10.773195547868314), 'fees_total': np.float64(86.08025695631908)}",Time,10,5610_rsi_enabled=False_rsi_min=50_rsi_exit_enabled=False_adx_enabled=False_adx_min=18_bb_enabled=True_bb_length=20_bb_stddev=2.0_sma_enabled=True_sma_length=50_macd_enabled=False_macd_fast=12_macd_slow=26_macd_signal=9_combination_mode=all_protective_exit=False_use_hard_stop=True_hard_stop_pct=5.0_use_trailing_stop=True_trailing_stop_pct=10.0
ICICIBANK.NS,2019-03-05,2019-03-19,142,350.4745788574219,384.38836669921875,350.6498161468506,384.19617251586914,49792.27389285278,54555.856497253415,4763.582604400632,4677.8766258941605,9.566911153026092,9.394784090319735,9.35575325178832,85.70597850647125,"{'brokerage_entry': 20.0, 'brokerage_exit': 20.0, 'exchange_entry': np.float64(1.4788305346177277), 'exchange_exit': np.float64(1.6203089379684263), 'sebi_entry': np.float64(0.04979227389285278), 'sebi_exit': np.float64(0.05455585649725341), 'ipft_entry': np.float64(0.04979227389285278), 'ipft_exit': np.float64(0.05455585649725341), 'stamp_buy': np.float64(1.4937682167855835), 'stt_sell': np.float64(13.638964124313354), 'dp_sell': 16.5, 'gst': np.float64(10.765410432005945), 'fees_total': np.float64(85.70597850647125)}",Time,10,5610_rsi_enabled=False_rsi_min=50_rsi_exit_enabled=False_adx_enabled=False_adx_min=18_bb_enabled=True_bb_length=20_bb_stddev=2.0_sma_enabled=True_sma_length=50_macd_enabled=False_macd_fast=12_macd_slow=26_macd_signal=9_combination_mode=all_protective_exit=False_use_hard_stop=True_hard_stop_pct=5.0_use_trailing_stop=True_trailing_stop_pct=10.0
ICICIBANK.NS,2019-09-23,2019-10-01,115,431.65576171875,410.0729736328125,431.87158959960936,409.8679371459961,49665.23280395508,47134.812771789555,-2530.4200321655226,-2613.984594847395,-5.0949525237381215,-5.263208178577653,-5.2279691896947895,83.56456268187233,"{'brokerage_entry': 20.0, 'brokerage_exit': 20.0, 'exchange_entry': np.float64(1.4750574142774657), 'exchange_exit': np.float64(1.3999039393221497), 'sebi_entry': np.float64(0.04966523280395507), 'sebi_exit': np.float64(0.047134812771789554), 'ipft_entry': np.float64(0.04966523280395507), 'ipft_exit': np.float64(0.047134812771789554), 'stamp_buy': np.float64(1.4899569841186524), 'stt_sell': np.float64(11.783703192947389), 'dp_sell': 16.5, 'gst': np.float64(10.722341060055196), 'fees_total': np.float64(83.56456268187233)}",HSL,6,5610_rsi_enabled=False_rsi_min=50_rsi_exit_enabled=False_adx_enabled=False_adx_min=18_bb_enabled=True_bb_length=20_bb_stddev=2.0_sma_enabled=True_sma_length=50_macd_enabled=False_macd_fast=12_macd_slow=26_macd_signal=9_combination_mode=all_protective_exit=False_use_hard_stop=True_hard_stop_pct=5.0_use_trailing_stop=True_trailing_stop_pct=10.0
ICICIBANK.NS,2019-10-23,2019-11-06,113,440.1670837402344,464.92706298828125,440.3871672821045,464.69459945678716,49763.749902877804,52510.48973861695,2746.739835739143,2661.6236305993725,5.519559601315939,5.348519023976231,5.323247261198745,85.11620513977033,"{'brokerage_entry': 20.0, 'brokerage_exit': 20.0, 'exchange_entry': np.float64(1.4779833721154707), 'exchange_exit': np.float64(1.5595615452369234), 'sebi_entry': np.float64(0.0497637499028778), 'sebi_exit': np.float64(0.052510489738616946), 'ipft_entry': np.float64(0.0497637499028778), 'ipft_exit': np.float64(0.052510489738616946), 'stamp_buy': np.float64(1.4929124970863341), 'stt_sell': np.float64(13.127622434654237), 'dp_sell': 16.5, 'gst': np.float64(10.75357681139437), 'fees_total': np.float64(85.11620513977033)}",Time,10,5610_rsi_enabled=False_rsi_min=50_rsi_exit_enabled=False_adx_enabled=False_adx_min=18_bb_enabled=True_bb_length=20_bb_stddev=2.0_sma_enabled=True_sma_length=50_macd_enabled=False_macd_fast=12_macd_slow=26_macd_signal=9_combination_mode=all_protective_exit=False_use_hard_stop=True_hard_stop_pct=5.0_use_trailing_stop=True_trailing_stop_pct=10.0
ICICIBANK.NS,2020-10-08,2020-10-22,133,374.78515625,399.3517761230469,374.97254882812496,399.15210023498537,49871.34899414062,53087.22933125305,3215.8803371124304,3130.5911207289532,6.448352414710626,6.277333947988385,6.261182241457906,85.28921638347715,"{'brokerage_entry': 20.0, 'brokerage_exit': 20.0, 'exchange_entry': np.float64(1.4811790651259764), 'exchange_exit': np.float64(1.5766907111382156), 'sebi_entry': np.float64(0.04987134899414062), 'sebi_exit': np.float64(0.05308722933125305), 'ipft_entry': np.float64(0.04987134899414062), 'ipft_exit': np.float64(0.05308722933125305), 'stamp_buy': np.float64(1.4961404698242187), 'stt_sell': np.float64(13.271807332813264), 'dp_sell': 16.5, 'gst': np.float64(10.757481647924696), 'fees_total': np.float64(85.28921638347715)}",Time,10,5610_rsi_enabled=False_rsi_min=50_rsi_exit_enabled=False_adx_enabled=False_adx_min=18_bb_enabled=True_bb_length=20_bb_stddev=2.0_sma_enabled=True_sma_length=50_macd_enabled=False_macd_fast=12_macd_slow=26_macd_signal=9_combination_mode=all_protective_exit=False_use_hard_stop=True_hard_stop_pct=5.0_use_trailing_stop=True_trailing_stop_pct=10.0
ICICIBANK.NS,2021-02-01,2021-02-15,85,583.98779296875,651.8360595703125,584.2797868652343,651.5101415405273,49663.781883544914,55378.36203094482,5714.580147399909,5628.646437000401,11.506534401266205,11.333503457708561,11.257292874000804,85.93371039950796,"{'brokerage_entry': 20.0, 'brokerage_exit': 20.0, 'exchange_entry': np.float64(1.475014321941284), 'exchange_exit': np.float64(1.6447373523190614), 'sebi_entry': np.float64(0.049663781883544915), 'sebi_exit': np.float64(0.055378362030944824), 'ipft_entry': np.float64(0.049663781883544915), 'ipft_exit': np.float64(0.055378362030944824), 'stamp_buy': np.float64(1.4899134565063474), 'stt_sell': np.float64(13.844590507736205), 'dp_sell': 16.5, 'gst': np.float64(10.769370473176076), 'fees_total': np.float64(85.93371039950796)}",Time,10,5610_rsi_enabled=False_rsi_min=50_rsi_exit_enabled=False_adx_enabled=False_adx_min=18_bb_enabled=True_bb_length=20_bb_stddev=2.0_sma_enabled=True_sma_length=50_macd_enabled=False_macd_fast=12_macd_slow=26_macd_signal=9_combination_mode=all_protective_exit=False_use_hard_stop=True_hard_stop_pct=5.0_use_trailing_stop=True_trailing_stop_pct=10.0
ICICIBANK.NS,2021-04-28,2021-05-03,83,600.9619750976562,570.9138763427734,601.262456085205,570.628419404602,49904.78385507202,47362.15881058197,-2542.6250444900506,-2626.2710949657,-5.0949525237381295,-5.262563810701249,-5.2525421899313995,83.6460504756491,"{'brokerage_entry': 20.0, 'brokerage_exit': 20.0, 'exchange_entry': np.float64(1.4821720804956389), 'exchange_exit': np.float64(1.4066561166742844), 'sebi_entry': np.float64(0.049904783855072014), 'sebi_exit': np.float64(0.047362158810581964), 'ipft_entry': np.float64(0.049904783855072014), 'ipft_exit': np.float64(0.047362158810581964), 'stamp_buy': np.float64(1.4971435156521606), 'stt_sell': np.float64(11.840539702645492), 'dp_sell': 16.5, 'gst': np.float64(10.725005174850219), 'fees_total': np.float64(83.6460504756491)}",HSL,3,5610_rsi_enabled=False_rsi_min=50_rsi_exit_enabled=False_adx_enabled=False_adx_min=18_bb_enabled=True_bb_length=20_bb_stddev=2.0_sma_enabled=True_sma_length=50_macd_enabled=False_macd_fast=12_macd_slow=26_macd_signal=9_combination_mode=all_protective_exit=False_use_hard_stop=True_hard_stop_pct=5.0_use_trailing_stop=True_trailing_stop_pct=10.0
ICICIBANK.NS,2021-07-05,2021-07-09,79,626.5924072265625,617.5975952148438,626.9057034301758,617.2887964172363,49525.55057098388,48765.814916961666,-759.7356540222172,-843.7595610860292,-1.534027679174015,-1.703685373223034,-1.6875191221720585,84.02390706381202,"{'brokerage_entry': 20.0, 'brokerage_exit': 20.0, 'exchange_entry': np.float64(1.4709088519582214), 'exchange_exit': np.float64(1.4483447030337615), 'sebi_entry': np.float64(0.04952555057098388), 'sebi_exit': np.float64(0.048765814916961664), 'ipft_entry': np.float64(0.04952555057098388), 'ipft_exit': np.float64(0.048765814916961664), 'stamp_buy': np.float64(1.4857665171295165), 'stt_sell': np.float64(12.191453729240417), 'dp_sell': 16.5, 'gst': np.float64(10.730850531474216), 'fees_total': np.float64(84.02390706381202)}",TwoRedBelow20,4,5610_rsi_enabled=False_rsi_min=50_rsi_exit_enabled=False_adx_enabled=False_adx_min=18_bb_enabled=True_bb_length=20_bb_stddev=2.0_sma_enabled=True_sma_length=50_macd_enabled=False_macd_fast=12_macd_slow=26_macd_signal=9_combination_mode=all_protective_exit=False_use_hard_stop=True_hard_stop_pct=5.0_use_trailing_stop=True_trailing_stop_pct=10.0
ICICIBANK.NS,2022-01-05,2022-01-19,65,764.4238891601562,784.3577270507812,764.8061011047363,783.9655481872559,49712.39657180786,50957.76063217163,1245.3640603637687,1160.6975804081994,2.5051378453760176,2.3348252356564854,2.3213951608163987,84.6664799555692,"{'brokerage_entry': 20.0, 'brokerage_exit': 20.0, 'exchange_entry': np.float64(1.4764581781826935), 'exchange_exit': np.float64(1.5134454907754975), 'sebi_entry': np.float64(0.04971239657180786), 'sebi_exit': np.float64(0.050957760632171625), 'ipft_entry': np.float64(0.04971239657180786), 'ipft_exit': np.float64(0.050957760632171625), 'stamp_buy': np.float64(1.4913718971542358), 'stt_sell': np.float64(12.739440158042909), 'dp_sell': 16.5, 'gst': np.float64(10.744423917005907), 'fees_total': np.float64(84.6664799555692)}",Time,10,5610_rsi_enabled=False_rsi_min=50_rsi_exit_enabled=False_adx_enabled=False_adx_min=18_bb_enabled=True_bb_length=20_bb_stddev=2.0_sma_enabled=True_sma_length=50_macd_enabled=False_macd_fast=12_macd_slow=26_macd_signal=9_combination_mode=all_protective_exit=False_use_hard_stop=True_hard_stop_pct=5.0_use_trailing_stop=True_trailing_stop_pct=10.0
ICICIBANK.NS,2022-07-04,2022-07-18,71,698.510986328125,748.8551025390625,698.860241821289,748.480674987793,49619.077169311524,53142.1279241333,3523.0507548217793,3437.762764887941,7.100194029809003,6.928308547854519,6.8755255297758815,85.28798993383806,"{'brokerage_entry': 20.0, 'brokerage_exit': 20.0, 'exchange_entry': np.float64(1.4736865919285522), 'exchange_exit': np.float64(1.5783211993467592), 'sebi_entry': np.float64(0.04961907716931152), 'sebi_exit': np.float64(0.0531421279241333), 'ipft_entry': np.float64(0.04961907716931152), 'ipft_exit': np.float64(0.0531421279241333), 'stamp_buy': np.float64(1.4885723150793457), 'stt_sell': np.float64(13.285531981033326), 'dp_sell': 16.5, 'gst': np.float64(10.756355436263195), 'fees_total': np.float64(85.28798993383806)}",Time,10,5610_rsi_enabled=False_rsi_min=50_rsi_exit_enabled=False_adx_enabled=False_adx_min=18_bb_enabled=True_bb_length=20_bb_stddev=2.0_sma_enabled=True_sma_length=50_macd_enabled=False_macd_fast=12_macd_slow=26_macd_signal=9_combination_mode=all_protective_exit=False_use_hard_stop=True_hard_stop_pct=5.0_use_trailing_stop=True_trailing_stop_pct=10.0
ICICIBANK.NS,2022-10-18,2022-11-02,57,875.2315063476562,882.8429565429688,875.66912210083,882.4015350646973,49913.139959747314,50296.88749868775,383.74753894043533,299.25746657986076,0.7688306911765326,0.5995564831649509,0.5985149331597215,84.4900723605746,"{'brokerage_entry': 20.0, 'brokerage_exit': 20.0, 'exchange_entry': np.float64(1.4824202568044953), 'exchange_exit': np.float64(1.493817558711026), 'sebi_entry': np.float64(0.04991313995974731), 'sebi_exit': np.float64(0.05029688749868775), 'ipft_entry': np.float64(0.04991313995974731), 'ipft_exit': np.float64(0.05029688749868775), 'stamp_buy': np.float64(1.4973941987924195), 'stt_sell': np.float64(12.574221874671938), 'dp_sell': 16.5, 'gst': np.float64(10.741798416677831), 'fees_total': np.float64(84.4900723605746)}",Time,10,5610_rsi_enabled=False_rsi_min=50_rsi_exit_enabled=False_adx_enabled=False_adx_min=18_bb_enabled=True_bb_length=20_bb_stddev=2.0_sma_enabled=True_sma_length=50_macd_enabled=False_macd_fast=12_macd_slow=26_macd_signal=9_combination_mode=all_protective_exit=False_use_hard_stop=True_hard_stop_pct=5.0_use_trailing_stop=True_trailing_stop_pct=10.0
ICICIBANK.NS,2022-11-17,2022-12-01,55,897.5781860351562,917.4853515625,898.0269751281738,917.0266088867188,49391.48363204956,50436.463488769536,1044.979856719976,960.4848321488207,2.1157085794480985,1.9446365274307598,1.9209696642976413,84.49502457115523,"{'brokerage_entry': 20.0, 'brokerage_exit': 20.0, 'exchange_entry': np.float64(1.4669270638718719), 'exchange_exit': np.float64(1.4979629656164553), 'sebi_entry': np.float64(0.04939148363204956), 'sebi_exit': np.float64(0.05043646348876953), 'ipft_entry': np.float64(0.04939148363204956), 'ipft_exit': np.float64(0.05043646348876953), 'stamp_buy': np.float64(1.481744508961487), 'stt_sell': np.float64(12.609115872192383), 'dp_sell': 16.5, 'gst': np.float64(10.739618266271394), 'fees_total': np.float64(84.49502457115523)}",Time,10,5610_rsi_enabled=False_rsi_min=50_rsi_exit_enabled=False_adx_enabled=False_adx_min=18_bb_enabled=True_bb_length=20_bb_stddev=2.0_sma_enabled=True_sma_length=50_macd_enabled=False_macd_fast=12_macd_slow=26_macd_signal=9_combination_mode=all_protective_exit=False_use_hard_stop=True_hard_stop_pct=5.0_use_trailing_stop=True_trailing_stop_pct=10.0
ICICIBANK.NS,2023-12-05,2023-12-19,50,997.106201171875,999.0739135742188,997.6047542724609,998.5743766174317,49880.23771362305,49928.718830871585,48.481117248535156,-35.900923419094795,0.09719504050257208,-0.07197424283583498,-0.07180184683818959,84.38204066762995,"{'brokerage_entry': 20.0, 'brokerage_exit': 20.0, 'exchange_entry': np.float64(1.4814430600946047), 'exchange_exit': np.float64(1.482882949276886), 'sebi_entry': np.float64(0.04988023771362305), 'sebi_exit': np.float64(0.049928718830871584), 'ipft_entry': np.float64(0.04988023771362305), 'ipft_exit': np.float64(0.049928718830871584), 'stamp_buy': np.float64(1.4964071314086915), 'stt_sell': np.float64(12.482179707717897), 'dp_sell': 16.5, 'gst': np.float64(10.739509906042885), 'fees_total': np.float64(84.38204066762995)}",Time,10,5610_rsi_enabled=False_rsi_min=50_rsi_exit_enabled=False_adx_enabled=False_adx_min=18_bb_enabled=True_bb_length=20_bb_stddev=2.0_sma_enabled=True_sma_length=50_macd_enabled=False_macd_fast=12_macd_slow=26_macd_signal=9_combination_mode=all_protective_exit=False_use_hard_stop=True_hard_stop_pct=5.0_use_trailing_stop=True_trailing_stop_pct=10.0
ICICIBANK.NS,2024-08-26,2024-09-09,41,1204.009765625,1225.5435791015625,1204.6117705078125,1224.930807312012,49389.08259082031,50222.16309979249,833.0805089721762,748.6472374632004,1.6867705680506333,1.5158152332279757,1.4972944749264008,84.43327150897578,"{'brokerage_entry': 20.0, 'brokerage_exit': 20.0, 'exchange_entry': np.float64(1.4668557529473634), 'exchange_exit': np.float64(1.491598244063837), 'sebi_entry': np.float64(0.04938908259082031), 'sebi_exit': np.float64(0.05022216309979249), 'ipft_entry': np.float64(0.04938908259082031), 'ipft_exit': np.float64(0.05022216309979249), 'stamp_buy': np.float64(1.4816724777246093), 'stt_sell': np.float64(12.555540774948122), 'dp_sell': 16.5, 'gst': np.float64(10.738381767910635), 'fees_total': np.float64(84.43327150897578)}",Time,10,5610_rsi_enabled=False_rsi_min=50_rsi_exit_enabled=False_adx_enabled=False_adx_min=18_bb_enabled=True_bb_length=20_bb_stddev=2.0_sma_enabled=True_sma_length=50_macd_enabled=False_macd_fast=12_macd_slow=26_macd_signal=9_combination_mode=all_protective_exit=False_use_hard_stop=True_hard_stop_pct=5.0_use_trailing_stop=True_trailing_stop_pct=10.0
ICICIBANK.NS,2024-10-28,2024-11-08,38,1282.95068359375,1249.2109375,1283.5921589355469,1248.58633203125,48776.50203955078,47446.280617187505,-1330.2214223632764,-1413.8155969868178,-2.727176748518491,-2.898558809814642,-2.8276311939736356,83.59417462354135,"{'brokerage_entry': 20.0, 'brokerage_exit': 20.0, 'exchange_entry': np.float64(1.4486621105746582), 'exchange_exit': np.float64(1.409154534330469), 'sebi_entry': np.float64(0.04877650203955078), 'sebi_exit': np.float64(0.0474462806171875), 'ipft_entry': np.float64(0.04877650203955078), 'ipft_exit': np.float64(0.0474462806171875), 'stamp_buy': np.float64(1.4632950611865234), 'stt_sell': np.float64(11.861570154296876), 'dp_sell': 16.5, 'gst': np.float64(10.719047197839348), 'fees_total': np.float64(83.59417462354135)}",TwoRedBelow20,9,5610_rsi_enabled=False_rsi_min=50_rsi_exit_enabled=False_adx_enabled=False_adx_min=18_bb_enabled=True_bb_length=20_bb_stddev=2.0_sma_enabled=True_sma_length=50_macd_enabled=False_macd_fast=12_macd_slow=26_macd_signal=9_combination_mode=all_protective_exit=False_use_hard_stop=True_hard_stop_pct=5.0_use_trailing_stop=True_trailing_stop_pct=10.0
ICICIBANK.NS,2024-12-02,2024-12-16,38,1294.6602783203125,1335.7928466796875,1295.3076084594725,1335.1249502563478,49221.68912145995,50734.74810974122,1513.0589882812637,1428.4896800891142,3.0739680317504416,2.9021549353256817,2.8569793601782285,84.5693081921494,"{'brokerage_entry': 20.0, 'brokerage_exit': 20.0, 'exchange_entry': np.float64(1.4618841669073606), 'exchange_exit': np.float64(1.5068220188593142), 'sebi_entry': np.float64(0.04922168912145995), 'sebi_exit': np.float64(0.05073474810974121), 'ipft_entry': np.float64(0.04922168912145995), 'ipft_exit': np.float64(0.05073474810974121), 'stamp_buy': np.float64(1.4766506736437985), 'stt_sell': np.float64(12.683687027435305), 'dp_sell': 16.5, 'gst': np.float64(10.740351430841233), 'fees_total': np.float64(84.5693081921494)}",Time,10,5610_rsi_enabled=False_rsi_min=50_rsi_exit_enabled=False_adx_enabled=False_adx_min=18_bb_enabled=True_bb_length=20_bb_stddev=2.0_sma_enabled=True_sma_length=50_macd_enabled=False_macd_fast=12_macd_slow=26_macd_signal=9_combination_mode=all_protective_exit=False_use_hard_stop=True_hard_stop_pct=5.0_use_trailing_stop=True_trailing_stop_pct=10.0
INDHOTEL.NS,2015-03-30,2015-04-15,496,100.61341857910156,95.58274765014647,100.6637252883911,95.53495627632141,49929.20774304199,47385.33831305542,-2543.8694299865674,-2627.523788706897,-5.0949525237381215,-5.262498460278618,-5.255047577413794,83.6543587203295,"{'brokerage_entry': 20.0, 'brokerage_exit': 20.0, 'exchange_entry': np.float64(1.482897469968347), 'exchange_exit': np.float64(1.407344547897746), 'sebi_entry': np.float64(0.049929207743041985), 'sebi_exit': np.float64(0.04738533831305542), 'ipft_entry': np.float64(0.049929207743041985), 'ipft_exit': np.float64(0.04738533831305542), 'stamp_buy': np.float64(1.4978762322912598), 'stt_sell': np.float64(11.846334578263855), 'dp_sell': 16.5, 'gst': np.float64(10.725276799796092), 'fees_total': np.float64(83.6543587203295)}",HSL,9,5610_rsi_enabled=False_rsi_min=50_rsi_exit_enabled=False_adx_enabled=False_adx_min=18_bb_enabled=True_bb_length=20_bb_stddev=2.0_sma_enabled=True_sma_length=50_macd_enabled=False_macd_fast=12_macd_slow=26_macd_signal=9_combination_mode=all_protective_exit=False_use_hard_stop=True_hard_stop_pct=5.0_use_trailing_stop=True_trailing_stop_pct=10.0
INDHOTEL.NS,2015-10-20,2015-11-04,632,79.06596374511719,85.79403686523438,79.10549672698974,85.75113984680176,49994.67393145752,54194.72038317871,4200.046451721195,4114.430622923724,8.400987788178078,8.229737888809098,8.228861245847447,85.6158287974717,"{'brokerage_entry': 20.0, 'brokerage_exit': 20.0, 'exchange_entry': np.float64(1.4848418157642882), 'exchange_exit': np.float64(1.6095831953804078), 'sebi_entry': np.float64(0.04999467393145751), 'sebi_exit': np.float64(0.05419472038317871), 'ipft_entry': np.float64(0.04999467393145751), 'ipft_exit': np.float64(0.05419472038317871), 'stamp_buy': np.float64(1.4998402179437256), 'stt_sell': np.float64(13.548680095794678), 'dp_sell': 16.5, 'gst': np.float64(10.764504683959315), 'fees_total': np.float64(85.6158287974717)}",Time,10,5610_rsi_enabled=False_rsi_min=50_rsi_exit_enabled=False_adx_enabled=False_adx_min=18_bb_enabled=True_bb_length=20_bb_stddev=2.0_sma_enabled=True_sma_length=50_macd_enabled=False_macd_fast=12_macd_slow=26_macd_signal=9_combination_mode=all_protective_exit=False_use_hard_stop=True_hard_stop_pct=5.0_use_trailing_stop=True_trailing_stop_pct=10.0
INDHOTEL.NS,2016-09-07,2016-09-12,419,119.0971908569336,113.1423313140869,119.15673945236206,113.08576014842987,49926.6738305397,47382.933502192114,-2543.740328347587,-2627.3938251099394,-5.0949525237381295,-5.2625052372361045,-5.254787650219879,83.65349676235238,"{'brokerage_entry': 20.0, 'brokerage_exit': 20.0, 'exchange_entry': np.float64(1.4828222127670292), 'exchange_exit': np.float64(1.4072731250151058), 'sebi_entry': np.float64(0.0499266738305397), 'sebi_exit': np.float64(0.04738293350219211), 'ipft_entry': np.float64(0.0499266738305397), 'ipft_exit': np.float64(0.04738293350219211), 'stamp_buy': np.float64(1.497800214916191), 'stt_sell': np.float64(11.84573337554803), 'dp_sell': 16.5, 'gst': np.float64(10.725248619440567), 'fees_total': np.float64(83.65349676235238)}",HSL,3,5610_rsi_enabled=False_rsi_min=50_rsi_exit_enabled=False_adx_enabled=False_adx_min=18_bb_enabled=True_bb_length=20_bb_stddev=2.0_sma_enabled=True_sma_length=50_macd_enabled=False_macd_fast=12_macd_slow=26_macd_signal=9_combination_mode=all_protective_exit=False_use_hard_stop=True_hard_stop_pct=5.0_use_trailing_stop=True_trailing_stop_pct=10.0
INDHOTEL.NS,2017-08-02,2017-08-10,438,113.98420715332031,108.2849967956543,114.04119925689696,108.23085429725647,49950.04527452087,47405.11418219833,-2544.931092322535,-2628.592539320958,-5.094952523738121,-5.2624427563067355,-5.257185078641916,83.66144699842326,"{'brokerage_entry': 20.0, 'brokerage_exit': 20.0, 'exchange_entry': np.float64(1.4835163446532698), 'exchange_exit': np.float64(1.4079318912112906), 'sebi_entry': np.float64(0.04995004527452086), 'sebi_exit': np.float64(0.04740511418219833), 'ipft_entry': np.float64(0.04995004527452086), 'ipft_exit': np.float64(0.04740511418219833), 'stamp_buy': np.float64(1.4985013582356261), 'stt_sell': np.float64(11.851278545549583), 'dp_sell': 16.5, 'gst': np.float64(10.725508539860039), 'fees_total': np.float64(83.66144699842326)}",HSL,6,5610_rsi_enabled=False_rsi_min=50_rsi_exit_enabled=False_adx_enabled=False_adx_min=18_bb_enabled=True_bb_length=20_bb_stddev=2.0_sma_enabled=True_sma_length=50_macd_enabled=False_macd_fast=12_macd_slow=26_macd_signal=9_combination_mode=all_protective_exit=False_use_hard_stop=True_hard_stop_pct=5.0_use_trailing_stop=True_trailing_stop_pct=10.0
INDHOTEL.NS,2017-11-24,2017-12-08,438,114.0604019165039,114.15486907958984,114.11743211746216,114.09779164505005,49983.435267448425,49974.83274053192,-8.602526916503848,-93.00477713276679,-0.017210755664299488,-0.1860711986583601,-0.1860095542655336,84.40225021626294,"{'brokerage_entry': 20.0, 'brokerage_exit': 20.0, 'exchange_entry': np.float64(1.4845080274432183), 'exchange_exit': np.float64(1.484252532393798), 'sebi_entry': np.float64(0.049983435267448424), 'sebi_exit': np.float64(0.04997483274053192), 'ipft_entry': np.float64(0.049983435267448424), 'ipft_exit': np.float64(0.04997483274053192), 'stamp_buy': np.float64(1.4995030580234527), 'stt_sell': np.float64(12.49370818513298), 'dp_sell': 16.5, 'gst': np.float64(10.740361877253536), 'fees_total': np.float64(84.40225021626294)}",Time,10,5610_rsi_enabled=False_rsi_min=50_rsi_exit_enabled=False_adx_enabled=False_adx_min=18_bb_enabled=True_bb_length=20_bb_stddev=2.0_sma_enabled=True_sma_length=50_macd_enabled=False_macd_fast=12_macd_slow=26_macd_signal=9_combination_mode=all_protective_exit=False_use_hard_stop=True_hard_stop_pct=5.0_use_trailing_stop=True_trailing_stop_pct=10.0
INDHOTEL.NS,2018-01-05,2018-01-19,398,125.4428482055664,134.55821228027344,125.50556962966918,134.49093317413332,49951.21671260834,53527.39140330506,3576.1746906967237,3490.7535855293354,7.159334498841248,6.988325440825996,6.981507171058671,85.42110516738838,"{'brokerage_entry': 20.0, 'brokerage_exit': 20.0, 'exchange_entry': np.float64(1.4835511363644676), 'exchange_exit': np.float64(1.5897635246781603), 'sebi_entry': np.float64(0.04995121671260833), 'sebi_exit': np.float64(0.05352739140330506), 'ipft_entry': np.float64(0.04995121671260833), 'ipft_exit': np.float64(0.05352739140330506), 'stamp_buy': np.float64(1.4985365013782501), 'stt_sell': np.float64(13.381847850826265), 'dp_sell': 16.5, 'gst': np.float64(10.760448937909402), 'fees_total': np.float64(85.42110516738838)}",Time,10,5610_rsi_enabled=False_rsi_min=50_rsi_exit_enabled=False_adx_enabled=False_adx_min=18_bb_enabled=True_bb_length=20_bb_stddev=2.0_sma_enabled=True_sma_length=50_macd_enabled=False_macd_fast=12_macd_slow=26_macd_signal=9_combination_mode=all_protective_exit=False_use_hard_stop=True_hard_stop_pct=5.0_use_trailing_stop=True_trailing_stop_pct=10.0
INDHOTEL.NS,2018-08-30,2018-09-05,390,127.82764434814453,121.4362621307373,127.8915581703186,121.37554399967195,49877.707686424255,47336.46215987206,-2541.245526552193,-2624.8823665600244,-5.094952523738117,-5.262636332572409,-5.249764733120048,83.63684000783131,"{'brokerage_entry': 20.0, 'brokerage_exit': 20.0, 'exchange_entry': np.float64(1.4813679182868005), 'exchange_exit': np.float64(1.4058929261482003), 'sebi_entry': np.float64(0.04987770768642425), 'sebi_exit': np.float64(0.04733646215987206), 'ipft_entry': np.float64(0.04987770768642425), 'ipft_exit': np.float64(0.04733646215987206), 'stamp_buy': np.float64(1.4963312305927277), 'stt_sell': np.float64(11.834115539968016), 'dp_sell': 16.5, 'gst': np.float64(10.724704053142966), 'fees_total': np.float64(83.63684000783131)}",HSL,4,5610_rsi_enabled=False_rsi_min=50_rsi_exit_enabled=False_adx_enabled=False_adx_min=18_bb_enabled=True_bb_length=20_bb_stddev=2.0_sma_enabled=True_sma_length=50_macd_enabled=False_macd_fast=12_macd_slow=26_macd_signal=9_combination_mode=all_protective_exit=False_use_hard_stop=True_hard_stop_pct=5.0_use_trailing_stop=True_trailing_stop_pct=10.0
INDHOTEL.NS,2019-09-23,2019-09-24,327,152.5474853515625,144.92011108398438,152.62375909423827,144.84765102844239,49907.96922381591,47365.18188630066,-2542.7873375152485,-2626.4344715539632,-5.094952523738111,-5.262555284057997,-5.252868943107926,83.64713403871467,"{'brokerage_entry': 20.0, 'brokerage_exit': 20.0, 'exchange_entry': np.float64(1.4822666859473326), 'exchange_exit': np.float64(1.4067459020231297), 'sebi_entry': np.float64(0.04990796922381591), 'sebi_exit': np.float64(0.047365181886300664), 'ipft_entry': np.float64(0.04990796922381591), 'ipft_exit': np.float64(0.047365181886300664), 'stamp_buy': np.float64(1.4972390767144774), 'stt_sell': np.float64(11.841295471575165), 'dp_sell': 16.5, 'gst': np.float64(10.725040600234324), 'fees_total': np.float64(83.64713403871467)}",HSL,1,5610_rsi_enabled=False_rsi_min=50_rsi_exit_enabled=False_adx_enabled=False_adx_min=18_bb_enabled=True_bb_length=20_bb_stddev=2.0_sma_enabled=True_sma_length=50_macd_enabled=False_macd_fast=12_macd_slow=26_macd_signal=9_combination_mode=all_protective_exit=False_use_hard_stop=True_hard_stop_pct=5.0_use_trailing_stop=True_trailing_stop_pct=10.0
INDHOTEL.NS,2020-06-01,2020-06-09,624,80.00543975830078,82.57247615955606,80.04544247817992,82.53118992147628,49948.35610638427,51499.4625110012,1551.1064046169267,1466.268331202783,3.105420329176095,2.9355687464063873,2.9325366624055658,84.83807341414375,"{'brokerage_entry': 20.0, 'brokerage_exit': 20.0, 'exchange_entry': np.float64(1.4834661763596129), 'exchange_exit': np.float64(1.5295340365767356), 'sebi_entry': np.float64(0.04994835610638427), 'sebi_exit': np.float64(0.051499462511001196), 'ipft_entry': np.float64(0.04994835610638427), 'ipft_exit': np.float64(0.051499462511001196), 'stamp_buy': np.float64(1.4984506831915283), 'stt_sell': np.float64(12.8748656277503), 'dp_sell': 16.5, 'gst': np.float64(10.748861253030801), 'fees_total': np.float64(84.83807341414375)}",TSL,6,5610_rsi_enabled=False_rsi_min=50_rsi_exit_enabled=False_adx_enabled=False_adx_min=18_bb_enabled=True_bb_length=20_bb_stddev=2.0_sma_enabled=True_sma_length=50_macd_enabled=False_macd_fast=12_macd_slow=26_macd_signal=9_combination_mode=all_protective_exit=False_use_hard_stop=True_hard_stop_pct=5.0_use_trailing_stop=True_trailing_stop_pct=10.0
INDHOTEL.NS,2020-07-20,2020-07-22,639,78.17308044433594,76.45079040527344,78.2121669845581,76.41256501007081,49977.574703132625,48827.62904143525,-1149.9456616973766,-1234.0178036500988,-2.300923301156703,-2.469143032610484,-2.4680356073001977,84.0721419527221,"{'brokerage_entry': 20.0, 'brokerage_exit': 20.0, 'exchange_entry': np.float64(1.484333968683039), 'exchange_exit': np.float64(1.4501805825306269), 'sebi_entry': np.float64(0.049977574703132625), 'sebi_exit': np.float64(0.04882762904143525), 'ipft_entry': np.float64(0.049977574703132625), 'ipft_exit': np.float64(0.04882762904143525), 'stamp_buy': np.float64(1.4993272410939789), 'stt_sell': np.float64(12.206907260358813), 'dp_sell': 16.5, 'gst': np.float64(10.733782492566505), 'fees_total': np.float64(84.0721419527221)}",TwoRedBelow20,2,5610_rsi_enabled=False_rsi_min=50_rsi_exit_enabled=False_adx_enabled=False_adx_min=18_bb_enabled=True_bb_length=20_bb_stddev=2.0_sma_enabled=True_sma_length=50_macd_enabled=False_macd_fast=12_macd_slow=26_macd_signal=9_combination_mode=all_protective_exit=False_use_hard_stop=True_hard_stop_pct=5.0_use_trailing_stop=True_trailing_stop_pct=10.0
INDHOTEL.NS,2020-08-13,2020-08-14,534,93.43453216552734,88.76280555725097,93.4812494316101,88.71842415447234,49918.98719647979,47375.63849848823,-2543.3486979915615,-2626.9995800008237,-5.09495252373813,-5.2625257993737415,-5.253999160001648,83.6508820092624,"{'brokerage_entry': 20.0, 'brokerage_exit': 20.0, 'exchange_entry': np.float64(1.4825939197354498), 'exchange_exit': np.float64(1.4070564634051006), 'sebi_entry': np.float64(0.04991898719647979), 'sebi_exit': np.float64(0.04737563849848823), 'ipft_entry': np.float64(0.04991898719647979), 'ipft_exit': np.float64(0.04737563849848823), 'stamp_buy': np.float64(1.4975696158943939), 'stt_sell': np.float64(11.843909624622059), 'dp_sell': 16.5, 'gst': np.float64(10.725163134215485), 'fees_total': np.float64(83.6508820092624)}",HSL,1,5610_rsi_enabled=False_rsi_min=50_rsi_exit_enabled=False_adx_enabled=False_adx_min=18_bb_enabled=True_bb_length=20_bb_stddev=2.0_sma_enabled=True_sma_length=50_macd_enabled=False_macd_fast=12_macd_slow=26_macd_signal=9_combination_mode=all_protective_exit=False_use_hard_stop=True_hard_stop_pct=5.0_use_trailing_stop=True_trailing_stop_pct=10.0
INDHOTEL.NS,2021-06-22,2021-07-06,371,134.4010467529297,141.4066162109375,134.46824727630616,141.33591290283204,49887.719739509586,52435.62368695068,2547.9039474410965,2462.8009029429636,5.1072768223223335,4.9366876574086005,4.925601805885927,85.10304449813313,"{'brokerage_entry': 20.0, 'brokerage_exit': 20.0, 'exchange_entry': np.float64(1.4816652762634348), 'exchange_exit': np.float64(1.5573380235024352), 'sebi_entry': np.float64(0.04988771973950958), 'sebi_exit': np.float64(0.05243562368695068), 'ipft_entry': np.float64(0.04988771973950958), 'ipft_exit': np.float64(0.05243562368695068), 'stamp_buy': np.float64(1.4966315921852875), 'stt_sell': np.float64(13.108905921737671), 'dp_sell': 16.5, 'gst': np.float64(10.753856997591383), 'fees_total': np.float64(85.10304449813313)}",Time,10,5610_rsi_enabled=False_rsi_min=50_rsi_exit_enabled=False_adx_enabled=False_adx_min=18_bb_enabled=True_bb_length=20_bb_stddev=2.0_sma_enabled=True_sma_length=50_macd_enabled=False_macd_fast=12_macd_slow=26_macd_signal=9_combination_mode=all_protective_exit=False_use_hard_stop=True_hard_stop_pct=5.0_use_trailing_stop=True_trailing_stop_pct=10.0
INDHOTEL.NS,2021-11-15,2021-11-22,233,214.01856994628906,203.3176414489746,214.1255792312622,203.21598262825012,49891.2599608841,47349.32395238228,-2541.9360085018197,-2625.5774585706013,-5.094952523738138,-5.262600023789968,-5.251154917141203,83.64145006878175,"{'brokerage_entry': 20.0, 'brokerage_exit': 20.0, 'exchange_entry': np.float64(1.4817704208382576), 'exchange_exit': np.float64(1.4062749213857537), 'sebi_entry': np.float64(0.049891259960884095), 'sebi_exit': np.float64(0.047349323952382276), 'ipft_entry': np.float64(0.049891259960884095), 'ipft_exit': np.float64(0.047349323952382276), 'stamp_buy': np.float64(1.496737798826523), 'stt_sell': np.float64(11.83733098809557), 'dp_sell': 16.5, 'gst': np.float64(10.724854771809099), 'fees_total': np.float64(83.64145006878175)}",HSL,4,5610_rsi_enabled=False_rsi_min=50_rsi_exit_enabled=False_adx_enabled=False_adx_min=18_bb_enabled=True_bb_length=20_bb_stddev=2.0_sma_enabled=True_sma_length=50_macd_enabled=False_macd_fast=12_macd_slow=26_macd_signal=9_combination_mode=all_protective_exit=False_use_hard_stop=True_hard_stop_pct=5.0_use_trailing_stop=True_trailing_stop_pct=10.0
INDHOTEL.NS,2022-01-11,2022-01-24,256,195.01669311523438,190.61259966045793,195.114201461792,190.51729336062772,49949.23557421875,48772.427100320696,-1176.8084738980542,-1260.8628402543648,-2.3560089766528134,-2.5242885616955424,-2.5217256805087294,84.05436635631054,"{'brokerage_entry': 20.0, 'brokerage_exit': 20.0, 'exchange_entry': np.float64(1.483492296554297), 'exchange_exit': np.float64(1.4485410848795246), 'sebi_entry': np.float64(0.04994923557421875), 'sebi_exit': np.float64(0.048772427100320696), 'ipft_entry': np.float64(0.04994923557421875), 'ipft_exit': np.float64(0.048772427100320696), 'stamp_buy': np.float64(1.4984770672265626), 'stt_sell': np.float64(12.193106775080174), 'dp_sell': 16.5, 'gst': np.float64(10.733305807220919), 'fees_total': np.float64(84.05436635631054)}",TSL,9,5610_rsi_enabled=False_rsi_min=50_rsi_exit_enabled=False_adx_enabled=False_adx_min=18_bb_enabled=True_bb_length=20_bb_stddev=2.0_sma_enabled=True_sma_length=50_macd_enabled=False_macd_fast=12_macd_slow=26_macd_signal=9_combination_mode=all_protective_exit=False_use_hard_stop=True_hard_stop_pct=5.0_use_trailing_stop=True_trailing_stop_pct=10.0
INDHOTEL.NS,2023-04-10,2023-04-25,153,325.20123291015625,335.9586486816406,325.3638335266113,335.7906693572998,49780.66652957153,51375.97241166687,1595.3058820953447,1510.514603760305,3.2046695902467977,3.0343398533304176,3.02102920752061,84.79127833503983,"{'brokerage_entry': 20.0, 'brokerage_exit': 20.0, 'exchange_entry': np.float64(1.4784857959282744), 'exchange_exit': np.float64(1.525866380626506), 'sebi_entry': np.float64(0.04978066652957153), 'sebi_exit': np.float64(0.05137597241166687), 'ipft_entry': np.float64(0.04978066652957153), 'ipft_exit': np.float64(0.05137597241166687), 'stamp_buy': np.float64(1.493419995887146), 'stt_sell': np.float64(12.843993102916718), 'dp_sell': 16.5, 'gst': np.float64(10.747199781798706), 'fees_total': np.float64(84.79127833503983)}",Time,10,5610_rsi_enabled=False_rsi_min=50_rsi_exit_enabled=False_adx_enabled=False_adx_min=18_bb_enabled=True_bb_length=20_bb_stddev=2.0_sma_enabled=True_sma_length=50_macd_enabled=False_macd_fast=12_macd_slow=26_macd_signal=9_combination_mode=all_protective_exit=False_use_hard_stop=True_hard_stop_pct=5.0_use_trailing_stop=True_trailing_stop_pct=10.0
INDHOTEL.NS,2024-01-04,2024-01-18,108,460.0591735839844,460.85443115234375,460.2892031707763,460.6240039367676,49711.23394244384,49747.3924251709,36.15848272706353,-48.1600517754095,0.07273704525002976,-0.09687961443719077,-0.096320103550819,84.31853450247303,"{'brokerage_entry': 20.0, 'brokerage_exit': 20.0, 'exchange_entry': np.float64(1.4764236480905821), 'exchange_exit': np.float64(1.4774975550275757), 'sebi_entry': np.float64(0.04971123394244384), 'sebi_exit': np.float64(0.0497473924251709), 'ipft_entry': np.float64(0.04971123394244384), 'ipft_exit': np.float64(0.0497473924251709), 'stamp_buy': np.float64(1.4913370182733152), 'stt_sell': np.float64(12.436848106292725), 'dp_sell': 16.5, 'gst': np.float64(10.737510922053609), 'fees_total': np.float64(84.31853450247303)}",Time,10,5610_rsi_enabled=False_rsi_min=50_rsi_exit_enabled=False_adx_enabled=False_adx_min=18_bb_enabled=True_bb_length=20_bb_stddev=2.0_sma_enabled=True_sma_length=50_macd_enabled=False_macd_fast=12_macd_slow=26_macd_signal=9_combination_mode=all_protective_exit=False_use_hard_stop=True_hard_stop_pct=5.0_use_trailing_stop=True_trailing_stop_pct=10.0
INDHOTEL.NS,2024-04-03,2024-04-08,81,610.5128784179688,579.9872344970703,610.8181348571777,579.6972408798218,49476.268923431395,46955.476511265566,-2520.792412165829,-2604.2926952310786,-5.094952523738123,-5.263720874469003,-5.208585390462157,83.50028306524962,"{'brokerage_entry': 20.0, 'brokerage_exit': 20.0, 'exchange_entry': np.float64(1.4694451870259124), 'exchange_exit': np.float64(1.3945776523845874), 'sebi_entry': np.float64(0.04947626892343139), 'sebi_exit': np.float64(0.04695547651126556), 'ipft_entry': np.float64(0.04947626892343139), 'ipft_exit': np.float64(0.04695547651126556), 'stamp_buy': np.float64(1.484288067702942), 'stt_sell': np.float64(11.738869127816391), 'dp_sell': 16.5, 'gst': np.float64(10.720239539450382), 'fees_total': np.float64(83.50028306524962)}",HSL,3,5610_rsi_enabled=False_rsi_min=50_rsi_exit_enabled=False_adx_enabled=False_adx_min=18_bb_enabled=True_bb_length=20_bb_stddev=2.0_sma_enabled=True_sma_length=50_macd_enabled=False_macd_fast=12_macd_slow=26_macd_signal=9_combination_mode=all_protective_exit=False_use_hard_stop=True_hard_stop_pct=5.0_use_trailing_stop=True_trailing_stop_pct=10.0
INDHOTEL.NS,2024-05-27,2024-05-29,86,577.6585693359375,562.4988403320312,577.9473986206054,562.2175909118653,49703.476281372066,48350.71281842041,-1352.7634629516542,-1436.6800604421674,-2.7216677064872514,-2.8905021699269113,-2.8733601208843345,83.9165974905131,"{'brokerage_entry': 20.0, 'brokerage_exit': 20.0, 'exchange_entry': np.float64(1.4761932455567504), 'exchange_exit': np.float64(1.4360161707070862), 'sebi_entry': np.float64(0.04970347628137206), 'sebi_exit': np.float64(0.04835071281842041), 'ipft_entry': np.float64(0.04970347628137206), 'ipft_exit': np.float64(0.04835071281842041), 'stamp_buy': np.float64(1.491104288441162), 'stt_sell': np.float64(12.087678204605103), 'dp_sell': 16.5, 'gst': np.float64(10.729497203003415), 'fees_total': np.float64(83.9165974905131)}",TwoRedBelow20,2,5610_rsi_enabled=False_rsi_min=50_rsi_exit_enabled=False_adx_enabled=False_adx_min=18_bb_enabled=True_bb_length=20_bb_stddev=2.0_sma_enabled=True_sma_length=50_macd_enabled=False_macd_fast=12_macd_slow=26_macd_signal=9_combination_mode=all_protective_exit=False_use_hard_stop=True_hard_stop_pct=5.0_use_trailing_stop=True_trailing_stop_pct=10.0
INDHOTEL.NS,2024-06-12,2024-06-27,85,582.7862548828125,622.5693359375,583.0776480102538,622.2580512695313,49561.600080871576,52891.934357910155,3330.334277038579,3245.1220685374583,6.719585872135572,6.547653956374022,6.490244137074917,85.21220850112076,"{'brokerage_entry': 20.0, 'brokerage_exit': 20.0, 'exchange_entry': np.float64(1.471979522401886), 'exchange_exit': np.float64(1.5708904504299317), 'sebi_entry': np.float64(0.04956160008087157), 'sebi_exit': np.float64(0.052891934357910154), 'ipft_entry': np.float64(0.04956160008087157), 'ipft_exit': np.float64(0.052891934357910154), 'stamp_buy': np.float64(1.4868480024261472), 'stt_sell': np.float64(13.22298358947754), 'dp_sell': 16.5, 'gst': np.float64(10.754599867507688), 'fees_total': np.float64(85.21220850112076)}",Time,10,5610_rsi_enabled=False_rsi_min=50_rsi_exit_enabled=False_adx_enabled=False_adx_min=18_bb_enabled=True_bb_length=20_bb_stddev=2.0_sma_enabled=True_sma_length=50_macd_enabled=False_macd_fast=12_macd_slow=26_macd_signal=9_combination_mode=all_protective_exit=False_use_hard_stop=True_hard_stop_pct=5.0_use_trailing_stop=True_trailing_stop_pct=10.0
INDIGO.NS,2017-07-14,2017-07-28,40,1232.94140625,1238.6719970703125,1233.5578769531248,1238.0526610717775,49342.31507812499,49522.106442871096,179.79136474610277,95.56244613162687,0.3643756164692199,0.19367240061663163,0.19112489226325374,84.2289186144759,"{'brokerage_entry': 20.0, 'brokerage_exit': 20.0, 'exchange_entry': np.float64(1.4654667578203122), 'exchange_exit': np.float64(1.4708065613532715), 'sebi_entry': np.float64(0.04934231507812499), 'sebi_exit': np.float64(0.0495221064428711), 'ipft_entry': np.float64(0.04934231507812499), 'ipft_exit': np.float64(0.0495221064428711), 'stamp_buy': np.float64(1.4802694523437498), 'stt_sell': np.float64(12.380526610717775), 'dp_sell': 16.5, 'gst': np.float64(10.734120389198804), 'fees_total': np.float64(84.2289186144759)}",Time,10,5610_rsi_enabled=False_rsi_min=50_rsi_exit_enabled=False_adx_enabled=False_adx_min=18_bb_enabled=True_bb_length=20_bb_stddev=2.0_sma_enabled=True_sma_length=50_macd_enabled=False_macd_fast=12_macd_slow=26_macd_signal=9_combination_mode=all_protective_exit=False_use_hard_stop=True_hard_stop_pct=5.0_use_trailing_stop=True_trailing_stop_pct=10.0
INDIGO.NS,2018-04-04,2018-04-18,36,1371.774658203125,1458.0418701171875,1372.4605455322264,1457.312849182129,49408.579639160154,52463.262570556646,3054.6829313964918,2969.6042402349813,6.182494930446082,6.010300765418762,5.939208480469962,85.07869116151065,"{'brokerage_entry': 20.0, 'brokerage_exit': 20.0, 'exchange_entry': np.float64(1.4674348152830565), 'exchange_exit': np.float64(1.5581588983455323), 'sebi_entry': np.float64(0.04940857963916015), 'sebi_exit': np.float64(0.05246326257055665), 'ipft_entry': np.float64(0.04940857963916015), 'ipft_exit': np.float64(0.05246326257055665), 'stamp_buy': np.float64(1.4822573891748048), 'stt_sell': np.float64(13.115815642639161), 'dp_sell': 16.5, 'gst': np.float64(10.751280731648643), 'fees_total': np.float64(85.07869116151065)}",Time,10,5610_rsi_enabled=False_rsi_min=50_rsi_exit_enabled=False_adx_enabled=False_adx_min=18_bb_enabled=True_bb_length=20_bb_stddev=2.0_sma_enabled=True_sma_length=50_macd_enabled=False_macd_fast=12_macd_slow=26_macd_signal=9_combination_mode=all_protective_exit=False_use_hard_stop=True_hard_stop_pct=5.0_use_trailing_stop=True_trailing_stop_pct=10.0
INDIGO.NS,2021-07-08,2021-07-20,27,1818.876220703125,1727.9324096679686,1819.7856588134764,1727.0684434631348,49134.212787963865,46630.84797350464,-2503.3648144592225,-2586.7487406990813,-5.09495252373812,-5.2646589696309185,-5.1734974813981625,83.38392623985855,"{'brokerage_entry': 20.0, 'brokerage_exit': 20.0, 'exchange_entry': np.float64(1.4592861198025269), 'exchange_exit': np.float64(1.384936184813088), 'sebi_entry': np.float64(0.049134212787963864), 'sebi_exit': np.float64(0.04663084797350464), 'ipft_entry': np.float64(0.049134212787963864), 'ipft_exit': np.float64(0.04663084797350464), 'stamp_buy': np.float64(1.474026383638916), 'stt_sell': np.float64(11.65771199337616), 'dp_sell': 16.5, 'gst': np.float64(10.716435436704938), 'fees_total': np.float64(83.38392623985855)}",HSL,8,5610_rsi_enabled=False_rsi_min=50_rsi_exit_enabled=False_adx_enabled=False_adx_min=18_bb_enabled=True_bb_length=20_bb_stddev=2.0_sma_enabled=True_sma_length=50_macd_enabled=False_macd_fast=12_macd_slow=26_macd_signal=9_combination_mode=all_protective_exit=False_use_hard_stop=True_hard_stop_pct=5.0_use_trailing_stop=True_trailing_stop_pct=10.0
INDIGO.NS,2022-11-23,2022-12-07,26,1890.15576171875,1969.8211669921875,1891.1008395996093,1968.8362564086915,49168.62182958984,51189.74266662598,2021.1208370361346,1936.424337732245,4.110590782961131,3.938333566565208,3.87284867546449,84.69649930388965,"{'brokerage_entry': 20.0, 'brokerage_exit': 20.0, 'exchange_entry': np.float64(1.4603080683388183), 'exchange_exit': np.float64(1.5203353571987916), 'sebi_entry': np.float64(0.049168621829589844), 'sebi_exit': np.float64(0.05118974266662597), 'ipft_entry': np.float64(0.049168621829589844), 'ipft_exit': np.float64(0.05118974266662597), 'stamp_buy': np.float64(1.4750586548876954), 'stt_sell': np.float64(12.797435666656495), 'dp_sell': 16.5, 'gst': np.float64(10.742644827815408), 'fees_total': np.float64(84.69649930388965)}",Time,10,5610_rsi_enabled=False_rsi_min=50_rsi_exit_enabled=False_adx_enabled=False_adx_min=18_bb_enabled=True_bb_length=20_bb_stddev=2.0_sma_enabled=True_sma_length=50_macd_enabled=False_macd_fast=12_macd_slow=26_macd_signal=9_combination_mode=all_protective_exit=False_use_hard_stop=True_hard_stop_pct=5.0_use_trailing_stop=True_trailing_stop_pct=10.0
INDIGO.NS,2024-01-04,2024-01-18,16,2990.7958984375,3047.4501953125,2992.2912963867184,3045.926470214844,47876.660742187494,48734.8235234375,858.1627812500083,774.2589263664433,1.7924449365237805,1.6171949220430681,1.5485178527328867,83.90385488356497,"{'brokerage_entry': 20.0, 'brokerage_exit': 20.0, 'exchange_entry': np.float64(1.4219368240429686), 'exchange_exit': np.float64(1.447424258646094), 'sebi_entry': np.float64(0.04787666074218749), 'sebi_exit': np.float64(0.0487348235234375), 'ipft_entry': np.float64(0.04787666074218749), 'ipft_exit': np.float64(0.0487348235234375), 'stamp_buy': np.float64(1.436299822265625), 'stt_sell': np.float64(12.183705880859376), 'dp_sell': 16.5, 'gst': np.float64(10.721265129219658), 'fees_total': np.float64(83.90385488356497)}",Time,10,5610_rsi_enabled=False_rsi_min=50_rsi_exit_enabled=False_adx_enabled=False_adx_min=18_bb_enabled=True_bb_length=20_bb_stddev=2.0_sma_enabled=True_sma_length=50_macd_enabled=False_macd_fast=12_macd_slow=26_macd_signal=9_combination_mode=all_protective_exit=False_use_hard_stop=True_hard_stop_pct=5.0_use_trailing_stop=True_trailing_stop_pct=10.0
INDIGO.NS,2024-08-26,2024-09-09,10,4712.13720703125,4800.3876953125,4714.493275634765,4797.987501464844,47144.932756347655,47979.87501464844,834.9422583007836,751.3047030049491,1.7710116644261538,1.5936064791688402,1.5026094060098982,83.63755529583442,"{'brokerage_entry': 20.0, 'brokerage_exit': 20.0, 'exchange_entry': np.float64(1.4002045028635253), 'exchange_exit': np.float64(1.4250022879350586), 'sebi_entry': np.float64(0.04714493275634765), 'sebi_exit': np.float64(0.04797987501464843), 'ipft_entry': np.float64(0.04714493275634765), 'ipft_exit': np.float64(0.04797987501464843), 'stamp_buy': np.float64(1.4143479826904297), 'stt_sell': np.float64(11.99496875366211), 'dp_sell': 16.5, 'gst': np.float64(10.712782153141301), 'fees_total': np.float64(83.63755529583442)}",Time,10,5610_rsi_enabled=False_rsi_min=50_rsi_exit_enabled=False_adx_enabled=False_adx_min=18_bb_enabled=True_bb_length=20_bb_stddev=2.0_sma_enabled=True_sma_length=50_macd_enabled=False_macd_fast=12_macd_slow=26_macd_signal=9_combination_mode=all_protective_exit=False_use_hard_stop=True_hard_stop_pct=5.0_use_trailing_stop=True_trailing_stop_pct=10.0
KOTAKBANK.NS,2015-12-21,2016-01-05,71,701.333984375,703.171875,701.6846513671875,702.8202890625,49819.61024707031,49900.240523437504,80.63027636719198,-3.7394928090011064,0.1618444543570742,-0.007506065965702755,-0.007478985618002212,84.36976917619309,"{'brokerage_entry': 20.0, 'brokerage_exit': 20.0, 'exchange_entry': np.float64(1.4796424243379882), 'exchange_exit': np.float64(1.482037143546094), 'sebi_entry': np.float64(0.04981961024707031), 'sebi_exit': np.float64(0.0499002405234375), 'ipft_entry': np.float64(0.04981961024707031), 'ipft_exit': np.float64(0.0499002405234375), 'stamp_buy': np.float64(1.4945883074121094), 'stt_sell': np.float64(12.475060130859376), 'dp_sell': 16.5, 'gst': np.float64(10.739001468496516), 'fees_total': np.float64(84.36976917619309)}",Time,10,5610_rsi_enabled=False_rsi_min=50_rsi_exit_enabled=False_adx_enabled=False_adx_min=18_bb_enabled=True_bb_length=20_bb_stddev=2.0_sma_enabled=True_sma_length=50_macd_enabled=False_macd_fast=12_macd_slow=26_macd_signal=9_combination_mode=all_protective_exit=False_use_hard_stop=True_hard_stop_pct=5.0_use_trailing_stop=True_trailing_stop_pct=10.0
KOTAKBANK.NS,2017-10-10,2017-10-25,47,1050.1556396484375,997.6478576660156,1050.6807174682617,997.1490337371827,49381.9937210083,46866.004585647584,-2515.9891353607163,-2599.4573489434174,-5.094952523738128,-5.2639781286059035,-5.198914697886835,83.46821358270091,"{'brokerage_entry': 20.0, 'brokerage_exit': 20.0, 'exchange_entry': np.float64(1.4666452135139465), 'exchange_exit': np.float64(1.3919203361937333), 'sebi_entry': np.float64(0.0493819937210083), 'sebi_exit': np.float64(0.04686600458564758), 'ipft_entry': np.float64(0.0493819937210083), 'ipft_exit': np.float64(0.04686600458564758), 'stamp_buy': np.float64(1.481459811630249), 'stt_sell': np.float64(11.716501146411897), 'dp_sell': 16.5, 'gst': np.float64(10.719191078337778), 'fees_total': np.float64(83.46821358270091)}",HSL,10,5610_rsi_enabled=False_rsi_min=50_rsi_exit_enabled=False_adx_enabled=False_adx_min=18_bb_enabled=True_bb_length=20_bb_stddev=2.0_sma_enabled=True_sma_length=50_macd_enabled=False_macd_fast=12_macd_slow=26_macd_signal=9_combination_mode=all_protective_exit=False_use_hard_stop=True_hard_stop_pct=5.0_use_trailing_stop=True_trailing_stop_pct=10.0
KOTAKBANK.NS,2018-04-06,2018-04-20,44,1113.3748779296875,1146.8497314453125,1113.9315653686522,1146.2763065795898,49012.9888762207,50436.15748950195,1423.1686132812538,1338.6991894736354,2.903656042840764,2.7313151476120714,2.6773983789472706,84.46942380761833,"{'brokerage_entry': 20.0, 'brokerage_exit': 20.0, 'exchange_entry': np.float64(1.4556857696237546), 'exchange_exit': np.float64(1.497953877438208), 'sebi_entry': np.float64(0.049012988876220694), 'sebi_exit': np.float64(0.05043615748950195), 'ipft_entry': np.float64(0.049012988876220694), 'ipft_exit': np.float64(0.05043615748950195), 'stamp_buy': np.float64(1.470389666286621), 'stt_sell': np.float64(12.609039372375488), 'dp_sell': 16.5, 'gst': np.float64(10.737456829162813), 'fees_total': np.float64(84.46942380761833)}",Time,10,5610_rsi_enabled=False_rsi_min=50_rsi_exit_enabled=False_adx_enabled=False_adx_min=18_bb_enabled=True_bb_length=20_bb_stddev=2.0_sma_enabled=True_sma_length=50_macd_enabled=False_macd_fast=12_macd_slow=26_macd_signal=9_combination_mode=all_protective_exit=False_use_hard_stop=True_hard_stop_pct=5.0_use_trailing_stop=True_trailing_stop_pct=10.0
KOTAKBANK.NS,2019-03-18,2019-04-03,37,1337.339111328125,1327.933349609375,1338.0077808837889,1327.2693829345703,49506.28789270019,49108.9671685791,-397.3207241210839,-481.4419567808319,-0.8025661810520633,-0.9724864805543653,-0.9628839135616638,84.12123265974799,"{'brokerage_entry': 20.0, 'brokerage_exit': 20.0, 'exchange_entry': np.float64(1.4703367504131957), 'exchange_exit': np.float64(1.4585363249067993), 'sebi_entry': np.float64(0.04950628789270019), 'sebi_exit': np.float64(0.0491089671685791), 'ipft_entry': np.float64(0.04950628789270019), 'ipft_exit': np.float64(0.0491089671685791), 'stamp_buy': np.float64(1.4851886367810057), 'stt_sell': np.float64(12.277241792144777), 'dp_sell': 16.5, 'gst': np.float64(10.732698645379658), 'fees_total': np.float64(84.12123265974799)}",Time,10,5610_rsi_enabled=False_rsi_min=50_rsi_exit_enabled=False_adx_enabled=False_adx_min=18_bb_enabled=True_bb_length=20_bb_stddev=2.0_sma_enabled=True_sma_length=50_macd_enabled=False_macd_fast=12_macd_slow=26_macd_signal=9_combination_mode=all_protective_exit=False_use_hard_stop=True_hard_stop_pct=5.0_use_trailing_stop=True_trailing_stop_pct=10.0
KOTAKBANK.NS,2019-08-21,2019-08-23,33,1499.4854736328125,1464.083251953125,1500.235216369629,1463.3512103271485,49507.76214019775,48290.5899407959,-1217.1721994018517,-1301.0583249091983,-2.458548208975842,-2.6279885590966874,-2.6021166498183965,83.88612550734655,"{'brokerage_entry': 20.0, 'brokerage_exit': 20.0, 'exchange_entry': np.float64(1.4703805355638733), 'exchange_exit': np.float64(1.4342305212416382), 'sebi_entry': np.float64(0.04950776214019775), 'sebi_exit': np.float64(0.0482905899407959), 'ipft_entry': np.float64(0.04950776214019775), 'ipft_exit': np.float64(0.0482905899407959), 'stamp_buy': np.float64(1.4852328642059327), 'stt_sell': np.float64(12.072647485198976), 'dp_sell': 16.5, 'gst': np.float64(10.72803739697415), 'fees_total': np.float64(83.88612550734655)}",TwoRedBelow20,2,5610_rsi_enabled=False_rsi_min=50_rsi_exit_enabled=False_adx_enabled=False_adx_min=18_bb_enabled=True_bb_length=20_bb_stddev=2.0_sma_enabled=True_sma_length=50_macd_enabled=False_macd_fast=12_macd_slow=26_macd_signal=9_combination_mode=all_protective_exit=False_use_hard_stop=True_hard_stop_pct=5.0_use_trailing_stop=True_trailing_stop_pct=10.0
KOTAKBANK.NS,2020-08-26,2020-09-04,34,1430.72265625,1359.1865234375,1431.438017578125,1358.5069301757812,48668.89259765625,46189.235625976566,-2479.6569716796876,-2562.8826105084445,-5.09495252373813,-5.265956288949679,-5.125765221016889,83.22563882875704,"{'brokerage_entry': 20.0, 'brokerage_exit': 20.0, 'exchange_entry': np.float64(1.4454661101503907), 'exchange_exit': np.float64(1.371820298091504), 'sebi_entry': np.float64(0.04866889259765625), 'sebi_exit': np.float64(0.046189235625976564), 'ipft_entry': np.float64(0.04866889259765625), 'ipft_exit': np.float64(0.046189235625976564), 'stamp_buy': np.float64(1.4600667779296876), 'stt_sell': np.float64(11.547308906494141), 'dp_sell': 16.5, 'gst': np.float64(10.711260479644046), 'fees_total': np.float64(83.22563882875704)}",HSL,7,5610_rsi_enabled=False_rsi_min=50_rsi_exit_enabled=False_adx_enabled=False_adx_min=18_bb_enabled=True_bb_length=20_bb_stddev=2.0_sma_enabled=True_sma_length=50_macd_enabled=False_macd_fast=12_macd_slow=26_macd_signal=9_combination_mode=all_protective_exit=False_use_hard_stop=True_hard_stop_pct=5.0_use_trailing_stop=True_trailing_stop_pct=10.0
KOTAKBANK.NS,2021-10-22,2021-10-29,23,2163.439697265625,2055.2677124023435,2164.5214171142575,2054.2400785461423,49783.992593627925,47247.52180656127,-2536.4707870666534,-2620.075748123756,-5.0949525237381375,-5.2628879517773175,-5.240151496247512,83.60496105710263,"{'brokerage_entry': 20.0, 'brokerage_exit': 20.0, 'exchange_entry': np.float64(1.4785845800307493), 'exchange_exit': np.float64(1.4032513976548697), 'sebi_entry': np.float64(0.049783992593627924), 'sebi_exit': np.float64(0.04724752180656127), 'ipft_entry': np.float64(0.049783992593627924), 'ipft_exit': np.float64(0.04724752180656127), 'stamp_buy': np.float64(1.4935197778088378), 'stt_sell': np.float64(11.811880451640318), 'dp_sell': 16.5, 'gst': np.float64(10.723661821167477), 'fees_total': np.float64(83.60496105710263)}",HSL,5,5610_rsi_enabled=False_rsi_min=50_rsi_exit_enabled=False_adx_enabled=False_adx_min=18_bb_enabled=True_bb_length=20_bb_stddev=2.0_sma_enabled=True_sma_length=50_macd_enabled=False_macd_fast=12_macd_slow=26_macd_signal=9_combination_mode=all_protective_exit=False_use_hard_stop=True_hard_stop_pct=5.0_use_trailing_stop=True_trailing_stop_pct=10.0
KOTAKBANK.NS,2023-03-31,2023-04-19,28,1727.536865234375,1879.120849609375,1728.400633666992,1878.1812891845705,48395.21774267578,52589.07609716797,4193.858354492193,4108.811810440247,8.665852846848487,8.490119483060043,8.217623620880495,85.04654405194547,"{'brokerage_entry': 20.0, 'brokerage_exit': 20.0, 'exchange_entry': np.float64(1.4373379669574706), 'exchange_exit': np.float64(1.5618955600858888), 'sebi_entry': np.float64(0.04839521774267577), 'sebi_exit': np.float64(0.05258907609716797), 'ipft_entry': np.float64(0.04839521774267577), 'ipft_exit': np.float64(0.05258907609716797), 'stamp_buy': np.float64(1.4518565322802734), 'stt_sell': np.float64(13.147269024291992), 'dp_sell': 16.5, 'gst': np.float64(10.746216380650148), 'fees_total': np.float64(85.04654405194547)}",Time,10,5610_rsi_enabled=False_rsi_min=50_rsi_exit_enabled=False_adx_enabled=False_adx_min=18_bb_enabled=True_bb_length=20_bb_stddev=2.0_sma_enabled=True_sma_length=50_macd_enabled=False_macd_fast=12_macd_slow=26_macd_signal=9_combination_mode=all_protective_exit=False_use_hard_stop=True_hard_stop_pct=5.0_use_trailing_stop=True_trailing_stop_pct=10.0
MFSL.NS,2015-09-22,2015-09-24,95,525.8406372070312,499.54860534667966,526.1035575256348,499.29883104400636,49979.8379649353,47433.388949180604,-2546.449015754697,-2630.1205972968896,-5.094952523738126,-5.262363193618437,-5.26024119459378,83.67158154219261,"{'brokerage_entry': 20.0, 'brokerage_exit': 20.0, 'exchange_entry': np.float64(1.4844011875585785), 'exchange_exit': np.float64(1.4087716517906639), 'sebi_entry': np.float64(0.0499798379649353), 'sebi_exit': np.float64(0.0474333889491806), 'ipft_entry': np.float64(0.0499798379649353), 'ipft_exit': np.float64(0.0474333889491806), 'stamp_buy': np.float64(1.499395138948059), 'stt_sell': np.float64(11.85834723729515), 'dp_sell': 16.5, 'gst': np.float64(10.725839872771944), 'fees_total': np.float64(83.67158154219261)}",HSL,2,5610_rsi_enabled=False_rsi_min=50_rsi_exit_enabled=False_adx_enabled=False_adx_min=18_bb_enabled=True_bb_length=20_bb_stddev=2.0_sma_enabled=True_sma_length=50_macd_enabled=False_macd_fast=12_macd_slow=26_macd_signal=9_combination_mode=all_protective_exit=False_use_hard_stop=True_hard_stop_pct=5.0_use_trailing_stop=True_trailing_stop_pct=10.0
MFSL.NS,2015-11-18,2015-11-26,89,559.9260864257812,531.9297821044921,560.2060494689941,531.6638172134399,49858.338402740475,47318.07973199615,-2540.258670744326,-2623.8889219261555,-5.094952523738136,-5.262688260349111,-5.247777843852311,83.63025118182921,"{'brokerage_entry': 20.0, 'brokerage_exit': 20.0, 'exchange_entry': np.float64(1.4807926505613922), 'exchange_exit': np.float64(1.4053469680402857), 'sebi_entry': np.float64(0.049858338402740475), 'sebi_exit': np.float64(0.04731807973199615), 'ipft_entry': np.float64(0.049858338402740475), 'ipft_exit': np.float64(0.04731807973199615), 'stamp_buy': np.float64(1.4957501520822143), 'stt_sell': np.float64(11.829519932999037), 'dp_sell': 16.5, 'gst': np.float64(10.724488641876807), 'fees_total': np.float64(83.63025118182921)}",HSL,5,5610_rsi_enabled=False_rsi_min=50_rsi_exit_enabled=False_adx_enabled=False_adx_min=18_bb_enabled=True_bb_length=20_bb_stddev=2.0_sma_enabled=True_sma_length=50_macd_enabled=False_macd_fast=12_macd_slow=26_macd_signal=9_combination_mode=all_protective_exit=False_use_hard_stop=True_hard_stop_pct=5.0_use_trailing_stop=True_trailing_stop_pct=10.0
MFSL.NS,2016-08-31,2016-09-16,86,578.0203857421875,584.6500244140625,578.3093959350585,584.3576994018555,49734.60805041504,50254.762148559574,520.154098144536,435.68816698422074,1.0458594498568592,0.8760261396703315,0.8713763339684415,84.4659311603152,"{'brokerage_entry': 20.0, 'brokerage_exit': 20.0, 'exchange_entry': np.float64(1.4771178590973266), 'exchange_exit': np.float64(1.4925664358122193), 'sebi_entry': np.float64(0.04973460805041503), 'sebi_exit': np.float64(0.05025476214855957), 'ipft_entry': np.float64(0.04973460805041503), 'ipft_exit': np.float64(0.05025476214855957), 'stamp_buy': np.float64(1.4920382415124511), 'stt_sell': np.float64(12.563690537139893), 'dp_sell': 16.5, 'gst': np.float64(10.74053934635535), 'fees_total': np.float64(84.4659311603152)}",Time,10,5610_rsi_enabled=False_rsi_min=50_rsi_exit_enabled=False_adx_enabled=False_adx_min=18_bb_enabled=True_bb_length=20_bb_stddev=2.0_sma_enabled=True_sma_length=50_macd_enabled=False_macd_fast=12_macd_slow=26_macd_signal=9_combination_mode=all_protective_exit=False_use_hard_stop=True_hard_stop_pct=5.0_use_trailing_stop=True_trailing_stop_pct=10.0
MFSL.NS,2017-09-18,2017-09-26,79,628.5499877929688,606.1500244140625,628.8642627868652,605.8469494018555,49680.27676016235,47861.90900274658,-1818.36775741577,-1902.1423059699089,-3.6601401521858747,-3.8287675311325957,-3.804284611939818,83.7745485541389,"{'brokerage_entry': 20.0, 'brokerage_exit': 20.0, 'exchange_entry': np.float64(1.4755042197768218), 'exchange_exit': np.float64(1.4214986973815733), 'sebi_entry': np.float64(0.049680276760162345), 'sebi_exit': np.float64(0.047861909002746575), 'ipft_entry': np.float64(0.049680276760162345), 'ipft_exit': np.float64(0.047861909002746575), 'stamp_buy': np.float64(1.4904083028048705), 'stt_sell': np.float64(11.965477250686645), 'dp_sell': 16.5, 'gst': np.float64(10.726575711963159), 'fees_total': np.float64(83.7745485541389)}",TwoRedBelow20,6,5610_rsi_enabled=False_rsi_min=50_rsi_exit_enabled=False_adx_enabled=False_adx_min=18_bb_enabled=True_bb_length=20_bb_stddev=2.0_sma_enabled=True_sma_length=50_macd_enabled=False_macd_fast=12_macd_slow=26_macd_signal=9_combination_mode=all_protective_exit=False_use_hard_stop=True_hard_stop_pct=5.0_use_trailing_stop=True_trailing_stop_pct=10.0
MFSL.NS,2017-12-20,2018-01-04,86,575.0999755859375,589.5999755859375,575.3875255737304,589.3051755981446,49483.32719934081,50680.245101440436,1196.9179020996235,1112.3466224228,2.418830684682755,2.247922048454369,2.2246932448456,84.57127967682335,"{'brokerage_entry': 20.0, 'brokerage_exit': 20.0, 'exchange_entry': np.float64(1.469654817820422), 'exchange_exit': np.float64(1.505203279512781), 'sebi_entry': np.float64(0.04948332719934081), 'sebi_exit': np.float64(0.05068024510144043), 'ipft_entry': np.float64(0.04948332719934081), 'ipft_exit': np.float64(0.05068024510144043), 'stamp_buy': np.float64(1.4844998159802245), 'stt_sell': np.float64(12.670061275360109), 'dp_sell': 16.5, 'gst': np.float64(10.741533343548257), 'fees_total': np.float64(84.57127967682335)}",Time,10,5610_rsi_enabled=False_rsi_min=50_rsi_exit_enabled=False_adx_enabled=False_adx_min=18_bb_enabled=True_bb_length=20_bb_stddev=2.0_sma_enabled=True_sma_length=50_macd_enabled=False_macd_fast=12_macd_slow=26_macd_signal=9_combination_mode=all_protective_exit=False_use_hard_stop=True_hard_stop_pct=5.0_use_trailing_stop=True_trailing_stop_pct=10.0
MFSL.NS,2018-04-24,2018-05-03,95,522.4000244140625,496.28002319335934,522.6612244262695,496.0318831817627,49652.81632049561,47123.028902267455,-2529.787418228152,-2613.3477572097363,-5.094952523738136,-5.263241747137318,-5.226695514419473,83.56033898158442,"{'brokerage_entry': 20.0, 'brokerage_exit': 20.0, 'exchange_entry': np.float64(1.4746886447187195), 'exchange_exit': np.float64(1.3995539583973435), 'sebi_entry': np.float64(0.049652816320495605), 'sebi_exit': np.float64(0.04712302890226745), 'ipft_entry': np.float64(0.049652816320495605), 'ipft_exit': np.float64(0.04712302890226745), 'stamp_buy': np.float64(1.4895844896148682), 'stt_sell': np.float64(11.780757225566864), 'dp_sell': 16.5, 'gst': np.float64(10.722202972841085), 'fees_total': np.float64(83.56033898158442)}",HSL,6,5610_rsi_enabled=False_rsi_min=50_rsi_exit_enabled=False_adx_enabled=False_adx_min=18_bb_enabled=True_bb_length=20_bb_stddev=2.0_sma_enabled=True_sma_length=50_macd_enabled=False_macd_fast=12_macd_slow=26_macd_signal=9_combination_mode=all_protective_exit=False_use_hard_stop=True_hard_stop_pct=5.0_use_trailing_stop=True_trailing_stop_pct=10.0
MFSL.NS,2018-06-12,2018-06-15,102,488.54998779296875,469.54998779296875,488.7942627868652,469.3152127990723,49857.01480426025,47870.15170550538,-1986.863098754875,-2070.651929515843,-3.985122467831946,-4.153180726213289,-4.141303859031686,83.78883076096845,"{'brokerage_entry': 20.0, 'brokerage_exit': 20.0, 'exchange_entry': np.float64(1.4807533396865296), 'exchange_exit': np.float64(1.4217435056535097), 'sebi_entry': np.float64(0.04985701480426025), 'sebi_exit': np.float64(0.047870151705505376), 'ipft_entry': np.float64(0.04985701480426025), 'ipft_exit': np.float64(0.047870151705505376), 'stamp_buy': np.float64(1.4957104441278075), 'stt_sell': np.float64(11.967537926376345), 'dp_sell': 16.5, 'gst': np.float64(10.727631212104722), 'fees_total': np.float64(83.78883076096845)}",TwoRedBelow20,3,5610_rsi_enabled=False_rsi_min=50_rsi_exit_enabled=False_adx_enabled=False_adx_min=18_bb_enabled=True_bb_length=20_bb_stddev=2.0_sma_enabled=True_sma_length=50_macd_enabled=False_macd_fast=12_macd_slow=26_macd_signal=9_combination_mode=all_protective_exit=False_use_hard_stop=True_hard_stop_pct=5.0_use_trailing_stop=True_trailing_stop_pct=10.0
MFSL.NS,2019-08-21,2019-08-29,111,447.8999938964844,425.5049942016601,448.12394389343257,425.29224170455933,49741.75777217102,47207.43882920608,-2534.3189429649356,-2617.9095370534733,-5.094952523738132,-5.263001659579696,-5.235819074106947,83.59059408853774,"{'brokerage_entry': 20.0, 'brokerage_exit': 20.0, 'exchange_entry': np.float64(1.4773302058334792), 'exchange_exit': np.float64(1.4020609332274208), 'sebi_entry': np.float64(0.04974175777217102), 'sebi_exit': np.float64(0.04720743882920608), 'ipft_entry': np.float64(0.04974175777217102), 'ipft_exit': np.float64(0.04720743882920608), 'stamp_buy': np.float64(1.4922527331651305), 'stt_sell': np.float64(11.80185970730152), 'dp_sell': 16.5, 'gst': np.float64(10.723192115807455), 'fees_total': np.float64(83.59059408853774)}",HSL,6,5610_rsi_enabled=False_rsi_min=50_rsi_exit_enabled=False_adx_enabled=False_adx_min=18_bb_enabled=True_bb_length=20_bb_stddev=2.0_sma_enabled=True_sma_length=50_macd_enabled=False_macd_fast=12_macd_slow=26_macd_signal=9_combination_mode=all_protective_exit=False_use_hard_stop=True_hard_stop_pct=5.0_use_trailing_stop=True_trailing_stop_pct=10.0
MFSL.NS,2020-02-24,2020-03-06,84,592.2000122070312,562.5900115966797,592.4961122131348,562.3087165908814,49769.67342590332,47233.93219363404,-2535.741232269276,-2619.341322392266,-5.094952523738109,-5.262926481307779,-5.238682644784532,83.60009012299003,"{'brokerage_entry': 20.0, 'brokerage_exit': 20.0, 'exchange_entry': np.float64(1.4781593007493286), 'exchange_exit': np.float64(1.402847786150931), 'sebi_entry': np.float64(0.04976967342590331), 'sebi_exit': np.float64(0.04723393219363404), 'ipft_entry': np.float64(0.04976967342590331), 'ipft_exit': np.float64(0.04723393219363404), 'stamp_buy': np.float64(1.4930902027770996), 'stt_sell': np.float64(11.80848304840851), 'dp_sell': 16.5, 'gst': np.float64(10.72350257366508), 'fees_total': np.float64(83.60009012299003)}",HSL,9,5610_rsi_enabled=False_rsi_min=50_rsi_exit_enabled=False_adx_enabled=False_adx_min=18_bb_enabled=True_bb_length=20_bb_stddev=2.0_sma_enabled=True_sma_length=50_macd_enabled=False_macd_fast=12_macd_slow=26_macd_signal=9_combination_mode=all_protective_exit=False_use_hard_stop=True_hard_stop_pct=5.0_use_trailing_stop=True_trailing_stop_pct=10.0
MFSL.NS,2021-02-10,2021-02-24,64,776.9000244140625,841.6350219726563,777.2884744262695,841.2142044616701,49746.46236328125,53837.709085546885,4091.246722265634,4005.750231606134,8.224196310460572,8.05233184694325,8.011500463212268,85.49649065950003,"{'brokerage_entry': 20.0, 'brokerage_exit': 20.0, 'exchange_entry': np.float64(1.477469932189453), 'exchange_exit': np.float64(1.5989799598407426), 'sebi_entry': np.float64(0.04974646236328125), 'sebi_exit': np.float64(0.05383770908554688), 'ipft_entry': np.float64(0.04974646236328125), 'ipft_exit': np.float64(0.05383770908554688), 'stamp_buy': np.float64(1.4923938708984377), 'stt_sell': np.float64(13.459427271386721), 'dp_sell': 16.5, 'gst': np.float64(10.761051282287013), 'fees_total': np.float64(85.49649065950003)}",TSL,10,5610_rsi_enabled=False_rsi_min=50_rsi_exit_enabled=False_adx_enabled=False_adx_min=18_bb_enabled=True_bb_length=20_bb_stddev=2.0_sma_enabled=True_sma_length=50_macd_enabled=False_macd_fast=12_macd_slow=26_macd_signal=9_combination_mode=all_protective_exit=False_use_hard_stop=True_hard_stop_pct=5.0_use_trailing_stop=True_trailing_stop_pct=10.0
MFSL.NS,2022-01-04,2022-01-18,48,1027.1500244140625,1017.5,1027.6635994262695,1016.99125,49327.85277246093,48815.58,-512.2727724609285,-596.297656290389,-1.0385061251782755,-1.2088457590906814,-1.192595312580778,84.0248838294605,"{'brokerage_entry': 20.0, 'brokerage_exit': 20.0, 'exchange_entry': np.float64(1.4650372273420897), 'exchange_exit': np.float64(1.449822726), 'sebi_entry': np.float64(0.04932785277246093), 'sebi_exit': np.float64(0.04881558), 'ipft_entry': np.float64(0.04932785277246093), 'ipft_exit': np.float64(0.04881558), 'stamp_buy': np.float64(1.479835583173828), 'stt_sell': np.float64(12.203895000000001), 'dp_sell': 16.5, 'gst': np.float64(10.730006427399664), 'fees_total': np.float64(84.0248838294605)}",Time,10,5610_rsi_enabled=False_rsi_min=50_rsi_exit_enabled=False_adx_enabled=False_adx_min=18_bb_enabled=True_bb_length=20_bb_stddev=2.0_sma_enabled=True_sma_length=50_macd_enabled=False_macd_fast=12_macd_slow=26_macd_signal=9_combination_mode=all_protective_exit=False_use_hard_stop=True_hard_stop_pct=5.0_use_trailing_stop=True_trailing_stop_pct=10.0
MFSL.NS,2022-05-26,2022-06-09,65,768.4000244140625,829.5499877929688,768.7842244262695,829.1352127990723,49970.97458770752,53893.7888319397,3922.814244232184,3837.2865024460925,7.85018558592845,7.679030745560116,7.674573004892185,85.52774178609148,"{'brokerage_entry': 20.0, 'brokerage_exit': 20.0, 'exchange_entry': np.float64(1.4841379452549133), 'exchange_exit': np.float64(1.6006455283086092), 'sebi_entry': np.float64(0.049970974587707516), 'sebi_exit': np.float64(0.0538937888319397), 'ipft_entry': np.float64(0.049970974587707516), 'ipft_exit': np.float64(0.0538937888319397), 'stamp_buy': np.float64(1.4991292376312255), 'stt_sell': np.float64(13.473447207984925), 'dp_sell': 16.5, 'gst': np.float64(10.762652340072508), 'fees_total': np.float64(85.52774178609148)}",Time,10,5610_rsi_enabled=False_rsi_min=50_rsi_exit_enabled=False_adx_enabled=False_adx_min=18_bb_enabled=True_bb_length=20_bb_stddev=2.0_sma_enabled=True_sma_length=50_macd_enabled=False_macd_fast=12_macd_slow=26_macd_signal=9_combination_mode=all_protective_exit=False_use_hard_stop=True_hard_stop_pct=5.0_use_trailing_stop=True_trailing_stop_pct=10.0
MFSL.NS,2022-07-07,2022-07-21,58,860.1500244140625,840.4500122070312,860.5800994262695,840.0297872009278,49913.64576672363,48721.72765765381,-1191.9181090698185,-1275.955505135546,-2.3879604279766817,-2.5563260017087317,-2.551911010271092,84.03739606572744,"{'brokerage_entry': 20.0, 'brokerage_exit': 20.0, 'exchange_entry': np.float64(1.482435279271692), 'exchange_exit': np.float64(1.4470353114323182), 'sebi_entry': np.float64(0.04991364576672363), 'sebi_exit': np.float64(0.04872172765765381), 'ipft_entry': np.float64(0.04991364576672363), 'ipft_exit': np.float64(0.04872172765765381), 'stamp_buy': np.float64(1.497409373001709), 'stt_sell': np.float64(12.180431914413454), 'dp_sell': 16.5, 'gst': np.float64(10.732813440759497), 'fees_total': np.float64(84.03739606572744)}",Time,10,5610_rsi_enabled=False_rsi_min=50_rsi_exit_enabled=False_adx_enabled=False_adx_min=18_bb_enabled=True_bb_length=20_bb_stddev=2.0_sma_enabled=True_sma_length=50_macd_enabled=False_macd_fast=12_macd_slow=26_macd_signal=9_combination_mode=all_protective_exit=False_use_hard_stop=True_hard_stop_pct=5.0_use_trailing_stop=True_trailing_stop_pct=10.0
MFSL.NS,2022-12-05,2022-12-19,69,720.0499877929688,716.1500244140625,720.4100127868652,715.7919494018555,49708.290882293695,49389.64450872803,-318.6463735656653,-402.86189079055265,-0.641032648497614,-0.8104521069624097,-0.8057237815811052,84.21551722488738,"{'brokerage_entry': 20.0, 'brokerage_exit': 20.0, 'exchange_entry': np.float64(1.4763362392041228), 'exchange_exit': np.float64(1.4668724419092225), 'sebi_entry': np.float64(0.04970829088229369), 'sebi_exit': np.float64(0.04938964450872803), 'ipft_entry': np.float64(0.04970829088229369), 'ipft_exit': np.float64(0.04938964450872803), 'stamp_buy': np.float64(1.4912487264688108), 'stt_sell': np.float64(12.347411127182008), 'dp_sell': 16.5, 'gst': np.float64(10.73545281934117), 'fees_total': np.float64(84.21551722488738)}",Time,10,5610_rsi_enabled=False_rsi_min=50_rsi_exit_enabled=False_adx_enabled=False_adx_min=18_bb_enabled=True_bb_length=20_bb_stddev=2.0_sma_enabled=True_sma_length=50_macd_enabled=False_macd_fast=12_macd_slow=26_macd_signal=9_combination_mode=all_protective_exit=False_use_hard_stop=True_hard_stop_pct=5.0_use_trailing_stop=True_trailing_stop_pct=10.0
MFSL.NS,2023-06-22,2023-07-07,65,762.9500122070312,802.2000122070312,763.3314872131348,801.7989122009278,49616.54666885376,52116.92929306031,2500.382624206548,2415.389453081386,5.0394128412329335,4.868112787457696,4.830778906162772,84.99317112516205,"{'brokerage_entry': 20.0, 'brokerage_exit': 20.0, 'exchange_entry': np.float64(1.4736114360649568), 'exchange_exit': np.float64(1.5478728000038913), 'sebi_entry': np.float64(0.04961654666885376), 'sebi_exit': np.float64(0.05211692929306031), 'ipft_entry': np.float64(0.04961654666885376), 'ipft_exit': np.float64(0.05211692929306031), 'stamp_buy': np.float64(1.488496400065613), 'stt_sell': np.float64(13.029232323265077), 'dp_sell': 16.5, 'gst': np.float64(10.750491213838682), 'fees_total': np.float64(84.99317112516205)}",Time,10,5610_rsi_enabled=False_rsi_min=50_rsi_exit_enabled=False_adx_enabled=False_adx_min=18_bb_enabled=True_bb_length=20_bb_stddev=2.0_sma_enabled=True_sma_length=50_macd_enabled=False_macd_fast=12_macd_slow=26_macd_signal=9_combination_mode=all_protective_exit=False_use_hard_stop=True_hard_stop_pct=5.0_use_trailing_stop=True_trailing_stop_pct=10.0
MFSL.NS,2023-08-17,2023-08-31,58,858.25,933.7000122070312,858.679125,933.2331622009278,49803.38925,54127.52340765382,4324.134157653818,4238.550535405532,8.682409415848777,8.510566447855819,8.477101070811065,85.58362224828565,"{'brokerage_entry': 20.0, 'brokerage_exit': 20.0, 'exchange_entry': np.float64(1.479160660725), 'exchange_exit': np.float64(1.6075874452073184), 'sebi_entry': np.float64(0.049803389249999996), 'sebi_exit': np.float64(0.05412752340765382), 'ipft_entry': np.float64(0.049803389249999996), 'ipft_exit': np.float64(0.05412752340765382), 'stamp_buy': np.float64(1.4941016775), 'stt_sell': np.float64(13.531880851913455), 'dp_sell': 16.5, 'gst': np.float64(10.763029787624571), 'fees_total': np.float64(85.58362224828565)}",Time,10,5610_rsi_enabled=False_rsi_min=50_rsi_exit_enabled=False_adx_enabled=False_adx_min=18_bb_enabled=True_bb_length=20_bb_stddev=2.0_sma_enabled=True_sma_length=50_macd_enabled=False_macd_fast=12_macd_slow=26_macd_signal=9_combination_mode=all_protective_exit=False_use_hard_stop=True_hard_stop_pct=5.0_use_trailing_stop=True_trailing_stop_pct=10.0
MFSL.NS,2024-09-02,2024-09-16,44,1114.25,1133.550048828125,1114.807125,1132.983273803711,49051.5135,49851.264047363285,799.7505473632846,715.446628649507,1.6304299099013215,1.458561780462711,1.430893257299014,84.30391871377749,"{'brokerage_entry': 20.0, 'brokerage_exit': 20.0, 'exchange_entry': np.float64(1.45682995095), 'exchange_exit': np.float64(1.4805825422066896), 'sebi_entry': np.float64(0.0490515135), 'sebi_exit': np.float64(0.049851264047363286), 'ipft_entry': np.float64(0.0490515135), 'ipft_exit': np.float64(0.049851264047363286), 'stamp_buy': np.float64(1.471545405), 'stt_sell': np.float64(12.462816011840822), 'dp_sell': 16.5, 'gst': np.float64(10.734339248685254), 'fees_total': np.float64(84.30391871377749)}",Time,10,5610_rsi_enabled=False_rsi_min=50_rsi_exit_enabled=False_adx_enabled=False_adx_min=18_bb_enabled=True_bb_length=20_bb_stddev=2.0_sma_enabled=True_sma_length=50_macd_enabled=False_macd_fast=12_macd_slow=26_macd_signal=9_combination_mode=all_protective_exit=False_use_hard_stop=True_hard_stop_pct=5.0_use_trailing_stop=True_trailing_stop_pct=10.0
MAXHEALTH.NS,2021-11-15,2021-11-22,138,361.9522705078125,343.8546569824219,362.1332466430664,343.6827296539307,49974.38803674316,47428.21669224244,-2546.1713445007263,-2629.8410721473815,-5.094952523738119,-5.2623777408015835,-5.259682144294763,83.66972764665533,"{'brokerage_entry': 20.0, 'brokerage_exit': 20.0, 'exchange_entry': np.float64(1.484239324691272), 'exchange_exit': np.float64(1.4086180357596003), 'sebi_entry': np.float64(0.04997438803674316), 'sebi_exit': np.float64(0.04742821669224243), 'ipft_entry': np.float64(0.04997438803674316), 'ipft_exit': np.float64(0.04742821669224243), 'stamp_buy': np.float64(1.499231641102295), 'stt_sell': np.float64(11.85705417306061), 'dp_sell': 16.5, 'gst': np.float64(10.725779262583591), 'fees_total': np.float64(83.66972764665533)}",HSL,4,5610_rsi_enabled=False_rsi_min=50_rsi_exit_enabled=False_adx_enabled=False_adx_min=18_bb_enabled=True_bb_length=20_bb_stddev=2.0_sma_enabled=True_sma_length=50_macd_enabled=False_macd_fast=12_macd_slow=26_macd_signal=9_combination_mode=all_protective_exit=False_use_hard_stop=True_hard_stop_pct=5.0_use_trailing_stop=True_trailing_stop_pct=10.0
MAXHEALTH.NS,2022-04-05,2022-04-06,135,367.7259521484375,349.3396545410156,367.9098151245117,349.1649847137451,49667.825041809076,47137.27293635559,-2530.552105453484,-2614.1175499337983,-5.094952523738117,-5.2632011724558145,-5.228235099867597,83.56544448031438,"{'brokerage_entry': 20.0, 'brokerage_exit': 20.0, 'exchange_entry': np.float64(1.4751344037417295), 'exchange_exit': np.float64(1.3999770062097612), 'sebi_entry': np.float64(0.049667825041809076), 'sebi_exit': np.float64(0.04713727293635559), 'ipft_entry': np.float64(0.049667825041809076), 'ipft_exit': np.float64(0.04713727293635559), 'stamp_buy': np.float64(1.4900347512542722), 'stt_sell': np.float64(11.784318234088898), 'dp_sell': 16.5, 'gst': np.float64(10.722369889063405), 'fees_total': np.float64(83.56544448031438)}",HSL,1,5610_rsi_enabled=False_rsi_min=50_rsi_exit_enabled=False_adx_enabled=False_adx_min=18_bb_enabled=True_bb_length=20_bb_stddev=2.0_sma_enabled=True_sma_length=50_macd_enabled=False_macd_fast=12_macd_slow=26_macd_signal=9_combination_mode=all_protective_exit=False_use_hard_stop=True_hard_stop_pct=5.0_use_trailing_stop=True_trailing_stop_pct=10.0
MAXHEALTH.NS,2023-03-09,2023-03-23,110,451.1462097167969,464.7343444824219,451.37178282165524,464.5019773101807,49650.89611038208,51095.21750411987,1444.321393737795,1359.6195533525895,2.908953325891303,2.7383585390481824,2.719239106705179,84.70184038520549,"{'brokerage_entry': 20.0, 'brokerage_exit': 20.0, 'exchange_entry': np.float64(1.4746316144783478), 'exchange_exit': np.float64(1.51752795987236), 'sebi_entry': np.float64(0.04965089611038207), 'sebi_exit': np.float64(0.05109521750411987), 'ipft_entry': np.float64(0.04965089611038207), 'ipft_exit': np.float64(0.05109521750411987), 'stamp_buy': np.float64(1.4895268833114623), 'stt_sell': np.float64(12.773804376029968), 'dp_sell': 16.5, 'gst': np.float64(10.744857324284347), 'fees_total': np.float64(84.70184038520549)}",Time,10,5610_rsi_enabled=False_rsi_min=50_rsi_exit_enabled=False_adx_enabled=False_adx_min=18_bb_enabled=True_bb_length=20_bb_stddev=2.0_sma_enabled=True_sma_length=50_macd_enabled=False_macd_fast=12_macd_slow=26_macd_signal=9_combination_mode=all_protective_exit=False_use_hard_stop=True_hard_stop_pct=5.0_use_trailing_stop=True_trailing_stop_pct=10.0
MAXHEALTH.NS,2023-10-12,2023-10-25,86,579.2281494140625,550.2667419433593,579.5177634887694,549.9916085723877,49838.527660034175,47299.27833722534,-2539.249322808835,-2622.872834994076,-5.094952523738126,-5.262741413401292,-5.245745669988152,83.62351218524086,"{'brokerage_entry': 20.0, 'brokerage_exit': 20.0, 'exchange_entry': np.float64(1.480204271503015), 'exchange_exit': np.float64(1.4047885666155926), 'sebi_entry': np.float64(0.049838527660034174), 'sebi_exit': np.float64(0.04729927833722534), 'ipft_entry': np.float64(0.049838527660034174), 'ipft_exit': np.float64(0.04729927833722534), 'stamp_buy': np.float64(1.4951558298010252), 'stt_sell': np.float64(11.824819584306335), 'dp_sell': 16.5, 'gst': np.float64(10.724268321020364), 'fees_total': np.float64(83.62351218524086)}",HSL,8,5610_rsi_enabled=False_rsi_min=50_rsi_exit_enabled=False_adx_enabled=False_adx_min=18_bb_enabled=True_bb_length=20_bb_stddev=2.0_sma_enabled=True_sma_length=50_macd_enabled=False_macd_fast=12_macd_slow=26_macd_signal=9_combination_mode=all_protective_exit=False_use_hard_stop=True_hard_stop_pct=5.0_use_trailing_stop=True_trailing_stop_pct=10.0
MAXHEALTH.NS,2024-07-26,2024-07-30,52,945.7702026367188,915.4078369140625,946.243087738037,914.9501329956055,49204.64056237793,47577.406915771484,-1627.2336466064444,-1710.8943668202262,-3.3070735361709644,-3.4770996135034933,-3.4217887336404527,83.66072021378186,"{'brokerage_entry': 20.0, 'brokerage_exit': 20.0, 'exchange_entry': np.float64(1.4613778247026246), 'exchange_exit': np.float64(1.4130489853984132), 'sebi_entry': np.float64(0.04920464056237792), 'sebi_exit': np.float64(0.04757740691577148), 'ipft_entry': np.float64(0.04920464056237792), 'ipft_exit': np.float64(0.04757740691577148), 'stamp_buy': np.float64(1.4761392168713379), 'stt_sell': np.float64(11.89435172894287), 'dp_sell': 16.5, 'gst': np.float64(10.72223836291032), 'fees_total': np.float64(83.66072021378186)}",TwoRedBelow20,2,5610_rsi_enabled=False_rsi_min=50_rsi_exit_enabled=False_adx_enabled=False_adx_min=18_bb_enabled=True_bb_length=20_bb_stddev=2.0_sma_enabled=True_sma_length=50_macd_enabled=False_macd_fast=12_macd_slow=26_macd_signal=9_combination_mode=all_protective_exit=False_use_hard_stop=True_hard_stop_pct=5.0_use_trailing_stop=True_trailing_stop_pct=10.0
MAXHEALTH.NS,2024-10-31,2024-11-13,49,1016.4270629882812,996.9495520486314,1016.9352765197754,996.4510772726071,49829.82854946899,48826.10278635775,-1003.7257631112443,-1087.7875074318658,-2.0143070773658933,-2.1830047164460047,-2.1755750148637314,84.06174432062144,"{'brokerage_entry': 20.0, 'brokerage_exit': 20.0, 'exchange_entry': np.float64(1.479945907919229), 'exchange_exit': np.float64(1.450135252754825), 'sebi_entry': np.float64(0.04982982854946899), 'sebi_exit': np.float64(0.048826102786357746), 'ipft_entry': np.float64(0.04982982854946899), 'ipft_exit': np.float64(0.048826102786357746), 'stamp_buy': np.float64(1.4948948564840698), 'stt_sell': np.float64(12.206525696589438), 'dp_sell': 16.5, 'gst': np.float64(10.732930744202228), 'fees_total': np.float64(84.06174432062144)}",TSL,9,5610_rsi_enabled=False_rsi_min=50_rsi_exit_enabled=False_adx_enabled=False_adx_min=18_bb_enabled=True_bb_length=20_bb_stddev=2.0_sma_enabled=True_sma_length=50_macd_enabled=False_macd_fast=12_macd_slow=26_macd_signal=9_combination_mode=all_protective_exit=False_use_hard_stop=True_hard_stop_pct=5.0_use_trailing_stop=True_trailing_stop_pct=10.0
MAZDOCK.NS,2021-03-03,2021-03-15,462,108.1587905883789,102.75085105895995,108.21286998367309,102.69947563343048,49994.34593245696,47447.157742644886,-2547.1881898120773,-2630.864706512183,-5.09495252373811,-5.26232448378566,-5.261729413024367,83.6765167001058,"{'brokerage_entry': 20.0, 'brokerage_exit': 20.0, 'exchange_entry': np.float64(1.4848320741939718), 'exchange_exit': np.float64(1.409180584956553), 'sebi_entry': np.float64(0.04999434593245696), 'sebi_exit': np.float64(0.04744715774264489), 'ipft_entry': np.float64(0.04999434593245696), 'ipft_exit': np.float64(0.04744715774264489), 'stamp_buy': np.float64(1.499830377973709), 'stt_sell': np.float64(11.86178943566122), 'dp_sell': 16.5, 'gst': np.float64(10.72600121997013), 'fees_total': np.float64(83.6765167001058)}",HSL,7,5610_rsi_enabled=False_rsi_min=50_rsi_exit_enabled=False_adx_enabled=False_adx_min=18_bb_enabled=True_bb_length=20_bb_stddev=2.0_sma_enabled=True_sma_length=50_macd_enabled=False_macd_fast=12_macd_slow=26_macd_signal=9_combination_mode=all_protective_exit=False_use_hard_stop=True_hard_stop_pct=5.0_use_trailing_stop=True_trailing_stop_pct=10.0
MAZDOCK.NS,2022-04-05,2022-04-12,378,132.1903533935547,144.52250233410396,132.25644857025145,144.4502410829369,49992.93755955505,54602.191129350154,4609.2535697951025,4523.520748502241,9.21980942669,9.048319561365062,9.047041497004482,85.73282129286139,"{'brokerage_entry': 20.0, 'brokerage_exit': 20.0, 'exchange_entry': np.float64(1.4847902455187851), 'exchange_exit': np.float64(1.6216850765416997), 'sebi_entry': np.float64(0.04999293755955505), 'sebi_exit': np.float64(0.05460219112935015), 'ipft_entry': np.float64(0.04999293755955505), 'ipft_exit': np.float64(0.05460219112935015), 'stamp_buy': np.float64(1.4997881267866515), 'stt_sell': np.float64(13.650547782337538), 'dp_sell': 16.5, 'gst': np.float64(10.766819804298894), 'fees_total': np.float64(85.73282129286139)}",TSL,5,5610_rsi_enabled=False_rsi_min=50_rsi_exit_enabled=False_adx_enabled=False_adx_min=18_bb_enabled=True_bb_length=20_bb_stddev=2.0_sma_enabled=True_sma_length=50_macd_enabled=False_macd_fast=12_macd_slow=26_macd_signal=9_combination_mode=all_protective_exit=False_use_hard_stop=True_hard_stop_pct=5.0_use_trailing_stop=True_trailing_stop_pct=10.0
MAZDOCK.NS,2023-04-12,2023-04-27,143,347.6059265136719,363.55633544921875,347.7797294769287,363.37455728149416,49732.5013152008,51962.561691253664,2230.060376052861,2145.103755063772,4.484110626004729,4.313283463198981,4.290207510127544,84.95662098908888,"{'brokerage_entry': 20.0, 'brokerage_exit': 20.0, 'exchange_entry': np.float64(1.4770552890614639), 'exchange_exit': np.float64(1.543288082230234), 'sebi_entry': np.float64(0.0497325013152008), 'sebi_exit': np.float64(0.05196256169125366), 'ipft_entry': np.float64(0.0497325013152008), 'ipft_exit': np.float64(0.05196256169125366), 'stamp_buy': np.float64(1.491975039456024), 'stt_sell': np.float64(12.990640422813417), 'dp_sell': 16.5, 'gst': np.float64(10.750272029514827), 'fees_total': np.float64(84.95662098908888)}",Time,10,5610_rsi_enabled=False_rsi_min=50_rsi_exit_enabled=False_adx_enabled=False_adx_min=18_bb_enabled=True_bb_length=20_bb_stddev=2.0_sma_enabled=True_sma_length=50_macd_enabled=False_macd_fast=12_macd_slow=26_macd_signal=9_combination_mode=all_protective_exit=False_use_hard_stop=True_hard_stop_pct=5.0_use_trailing_stop=True_trailing_stop_pct=10.0
MAZDOCK.NS,2024-05-21,2024-05-28,34,1440.50244140625,1506.0500752385901,1441.222692626953,1505.297050200971,49001.5715493164,51180.09970683301,2178.528157516608,2093.845689848413,4.445833242968714,4.273017423004718,4.187691379696826,84.68246766819529,"{'brokerage_entry': 20.0, 'brokerage_exit': 20.0, 'exchange_entry': np.float64(1.4553466750146973), 'exchange_exit': np.float64(1.5200489612929404), 'sebi_entry': np.float64(0.0490015715493164), 'sebi_exit': np.float64(0.05118009970683301), 'ipft_entry': np.float64(0.0490015715493164), 'ipft_exit': np.float64(0.05118009970683301), 'stamp_buy': np.float64(1.4700471464794922), 'stt_sell': np.float64(12.795024926708253), 'dp_sell': 16.5, 'gst': np.float64(10.74163661618759), 'fees_total': np.float64(84.68246766819529)}",TSL,5,5610_rsi_enabled=False_rsi_min=50_rsi_exit_enabled=False_adx_enabled=False_adx_min=18_bb_enabled=True_bb_length=20_bb_stddev=2.0_sma_enabled=True_sma_length=50_macd_enabled=False_macd_fast=12_macd_slow=26_macd_signal=9_combination_mode=all_protective_exit=False_use_hard_stop=True_hard_stop_pct=5.0_use_trailing_stop=True_trailing_stop_pct=10.0
MUTHOOTFIN.NS,2015-06-30,2015-07-09,305,163.6424102783203,160.79965627515415,163.72423148345948,160.7192564470166,49935.89060245514,49019.373216340064,-916.5173861150761,-1000.6418267356406,-1.8353880847175974,-2.0038529696042775,-2.001283653471281,84.12444062056451,"{'brokerage_entry': 20.0, 'brokerage_exit': 20.0, 'exchange_entry': np.float64(1.4830959508929176), 'exchange_exit': np.float64(1.4558753845252999), 'sebi_entry': np.float64(0.04993589060245514), 'sebi_exit': np.float64(0.04901937321634006), 'ipft_entry': np.float64(0.04993589060245514), 'ipft_exit': np.float64(0.04901937321634006), 'stamp_buy': np.float64(1.4980767180736543), 'stt_sell': np.float64(12.254843304085016), 'dp_sell': 16.5, 'gst': np.float64(10.734638735350044), 'fees_total': np.float64(84.12444062056451)}",TSL,7,5610_rsi_enabled=False_rsi_min=50_rsi_exit_enabled=False_adx_enabled=False_adx_min=18_bb_enabled=True_bb_length=20_bb_stddev=2.0_sma_enabled=True_sma_length=50_macd_enabled=False_macd_fast=12_macd_slow=26_macd_signal=9_combination_mode=all_protective_exit=False_use_hard_stop=True_hard_stop_pct=5.0_use_trailing_stop=True_trailing_stop_pct=10.0
MUTHOOTFIN.NS,2016-01-12,2016-01-13,313,159.1981201171875,151.23821411132812,159.2777191772461,151.16259500427248,49853.92610247803,47313.892236337284,-2540.033866140744,-2623.6626163956844,-5.094952523738125,-5.262700095078918,-5.247325232791368,83.6287502549404,"{'brokerage_entry': 20.0, 'brokerage_exit': 20.0, 'exchange_entry': np.float64(1.4806616052435975), 'exchange_exit': np.float64(1.4052225994192173), 'sebi_entry': np.float64(0.049853926102478026), 'sebi_exit': np.float64(0.04731389223633728), 'ipft_entry': np.float64(0.049853926102478026), 'ipft_exit': np.float64(0.04731389223633728), 'stamp_buy': np.float64(1.495617783074341), 'stt_sell': np.float64(11.828473059084322), 'dp_sell': 16.5, 'gst': np.float64(10.72443957144128), 'fees_total': np.float64(83.6287502549404)}",HSL,1,5610_rsi_enabled=False_rsi_min=50_rsi_exit_enabled=False_adx_enabled=False_adx_min=18_bb_enabled=True_bb_length=20_bb_stddev=2.0_sma_enabled=True_sma_length=50_macd_enabled=False_macd_fast=12_macd_slow=26_macd_signal=9_combination_mode=all_protective_exit=False_use_hard_stop=True_hard_stop_pct=5.0_use_trailing_stop=True_trailing_stop_pct=10.0
MUTHOOTFIN.NS,2016-02-01,2016-02-03,301,165.98855590820312,157.68912811279296,166.07155018615722,157.61028354873656,49987.536606033325,47440.695348169706,-2546.84125786362,-2630.515458243322,-5.094952523738137,-5.262342649479206,-5.261030916486644,83.67420037970234,"{'brokerage_entry': 20.0, 'brokerage_exit': 20.0, 'exchange_entry': np.float64(1.4846298371991897), 'exchange_exit': np.float64(1.4089886518406403), 'sebi_entry': np.float64(0.04998753660603332), 'sebi_exit': np.float64(0.047440695348169706), 'ipft_entry': np.float64(0.04998753660603332), 'ipft_exit': np.float64(0.047440695348169706), 'stamp_buy': np.float64(1.499626098181), 'stt_sell': np.float64(11.860173837042426), 'dp_sell': 16.5, 'gst': np.float64(10.725925491530681), 'fees_total': np.float64(83.67420037970234)}",HSL,2,5610_rsi_enabled=False_rsi_min=50_rsi_exit_enabled=False_adx_enabled=False_adx_min=18_bb_enabled=True_bb_length=20_bb_stddev=2.0_sma_enabled=True_sma_length=50_macd_enabled=False_macd_fast=12_macd_slow=26_macd_signal=9_combination_mode=all_protective_exit=False_use_hard_stop=True_hard_stop_pct=5.0_use_trailing_stop=True_trailing_stop_pct=10.0
MUTHOOTFIN.NS,2016-07-28,2016-08-01,184,270.5394287109375,303.76550017784126,270.67469842529295,303.61361742775233,49804.1445102539,55864.90560670643,6060.76109645253,5974.678089226871,12.16919024721871,11.996347187525283,11.949356178453742,86.08300722565923,"{'brokerage_entry': 20.0, 'brokerage_exit': 20.0, 'exchange_entry': np.float64(1.4791830919545408), 'exchange_exit': np.float64(1.659187696519181), 'sebi_entry': np.float64(0.049804144510253896), 'sebi_exit': np.float64(0.05586490560670643), 'ipft_entry': np.float64(0.049804144510253896), 'ipft_exit': np.float64(0.05586490560670643), 'stamp_buy': np.float64(1.494124335307617), 'stt_sell': np.float64(13.966226401676607), 'dp_sell': 16.5, 'gst': np.float64(10.772947599967374), 'fees_total': np.float64(86.08300722565923)}",TSL,2,5610_rsi_enabled=False_rsi_min=50_rsi_exit_enabled=False_adx_enabled=False_adx_min=18_bb_enabled=True_bb_length=20_bb_stddev=2.0_sma_enabled=True_sma_length=50_macd_enabled=False_macd_fast=12_macd_slow=26_macd_signal=9_combination_mode=all_protective_exit=False_use_hard_stop=True_hard_stop_pct=5.0_use_trailing_stop=True_trailing_stop_pct=10.0
MUTHOOTFIN.NS,2017-03-29,2017-04-13,155,320.6879577636719,335.634765625,320.8483017425537,335.4669482421875,49731.48677009582,51997.37697753907,2265.890207443248,2180.923648718416,4.556248675850481,4.385398045308055,4.361847297436832,84.96655872483167,"{'brokerage_entry': 20.0, 'brokerage_exit': 20.0, 'exchange_entry': np.float64(1.4770251570718458), 'exchange_exit': np.float64(1.5443220962329103), 'sebi_entry': np.float64(0.04973148677009582), 'sebi_exit': np.float64(0.05199737697753907), 'ipft_entry': np.float64(0.04973148677009582), 'ipft_exit': np.float64(0.05199737697753907), 'stamp_buy': np.float64(1.4919446031028747), 'stt_sell': np.float64(12.999344244384767), 'dp_sell': 16.5, 'gst': np.float64(10.750464896544004), 'fees_total': np.float64(84.96655872483167)}",Time,10,5610_rsi_enabled=False_rsi_min=50_rsi_exit_enabled=False_adx_enabled=False_adx_min=18_bb_enabled=True_bb_length=20_bb_stddev=2.0_sma_enabled=True_sma_length=50_macd_enabled=False_macd_fast=12_macd_slow=26_macd_signal=9_combination_mode=all_protective_exit=False_use_hard_stop=True_hard_stop_pct=5.0_use_trailing_stop=True_trailing_stop_pct=10.0
MUTHOOTFIN.NS,2018-09-06,2018-09-21,125,397.8635559082031,377.97037811279296,398.0624876861572,377.7813929237366,49757.81096076965,47222.674115467074,-2535.136845302579,-2618.7329001850303,-5.094952523738125,-5.262958417221584,-5.23746580037006,83.59605488245157,"{'brokerage_entry': 20.0, 'brokerage_exit': 20.0, 'exchange_entry': np.float64(1.4778069855348588), 'exchange_exit': np.float64(1.4025134212293722), 'sebi_entry': np.float64(0.04975781096076965), 'sebi_exit': np.float64(0.04722267411546707), 'ipft_entry': np.float64(0.04975781096076965), 'ipft_exit': np.float64(0.04722267411546707), 'stamp_buy': np.float64(1.4927343288230897), 'stt_sell': np.float64(11.805668528866768), 'dp_sell': 16.5, 'gst': np.float64(10.723370647845007), 'fees_total': np.float64(83.59605488245157)}",HSL,9,5610_rsi_enabled=False_rsi_min=50_rsi_exit_enabled=False_adx_enabled=False_adx_min=18_bb_enabled=True_bb_length=20_bb_stddev=2.0_sma_enabled=True_sma_length=50_macd_enabled=False_macd_fast=12_macd_slow=26_macd_signal=9_combination_mode=all_protective_exit=False_use_hard_stop=True_hard_stop_pct=5.0_use_trailing_stop=True_trailing_stop_pct=10.0
MUTHOOTFIN.NS,2018-12-13,2018-12-28,117,424.73492431640625,445.208251953125,424.9472917785644,444.98564782714845,49718.833138092035,52063.320795776366,2344.4876576843308,2259.5029992411937,4.715492117790881,4.544561600964198,4.519005998482387,84.98465844313714,"{'brokerage_entry': 20.0, 'brokerage_exit': 20.0, 'exchange_entry': np.float64(1.4766493442013335), 'exchange_exit': np.float64(1.546280627634558), 'sebi_entry': np.float64(0.049718833138092035), 'sebi_exit': np.float64(0.052063320795776365), 'ipft_entry': np.float64(0.049718833138092035), 'ipft_exit': np.float64(0.052063320795776365), 'stamp_buy': np.float64(1.4915649941427611), 'stt_sell': np.float64(13.015830198944093), 'dp_sell': 16.5, 'gst': np.float64(10.750768970346654), 'fees_total': np.float64(84.98465844313714)}",Time,10,5610_rsi_enabled=False_rsi_min=50_rsi_exit_enabled=False_adx_enabled=False_adx_min=18_bb_enabled=True_bb_length=20_bb_stddev=2.0_sma_enabled=True_sma_length=50_macd_enabled=False_macd_fast=12_macd_slow=26_macd_signal=9_combination_mode=all_protective_exit=False_use_hard_stop=True_hard_stop_pct=5.0_use_trailing_stop=True_trailing_stop_pct=10.0
MUTHOOTFIN.NS,2019-08-09,2019-08-13,85,583.5415649414062,554.3644866943359,583.8333357238769,554.0873044509888,49625.833536529535,47097.420878334044,-2528.4126581954915,-2611.9638184758132,-5.094952523738123,-5.263314754306643,-5.223927636951626,83.55116028032178,"{'brokerage_entry': 20.0, 'brokerage_exit': 20.0, 'exchange_entry': np.float64(1.4738872560349272), 'exchange_exit': np.float64(1.3987934000865212), 'sebi_entry': np.float64(0.04962583353652953), 'sebi_exit': np.float64(0.04709742087833404), 'ipft_entry': np.float64(0.04962583353652953), 'ipft_exit': np.float64(0.04709742087833404), 'stamp_buy': np.float64(1.4887750060958862), 'stt_sell': np.float64(11.77435521958351), 'dp_sell': 16.5, 'gst': np.float64(10.721902889691213), 'fees_total': np.float64(83.55116028032178)}",HSL,1,5610_rsi_enabled=False_rsi_min=50_rsi_exit_enabled=False_adx_enabled=False_adx_min=18_bb_enabled=True_bb_length=20_bb_stddev=2.0_sma_enabled=True_sma_length=50_macd_enabled=False_macd_fast=12_macd_slow=26_macd_signal=9_combination_mode=all_protective_exit=False_use_hard_stop=True_hard_stop_pct=5.0_use_trailing_stop=True_trailing_stop_pct=10.0
MUTHOOTFIN.NS,2019-09-24,2019-10-10,80,621.0791015625,600.6900024414062,621.3896411132812,600.3896574401856,49711.17128906249,48031.17259521485,-1679.9986938476432,-1763.823972250454,-3.379519432520952,-3.5481440620139493,-3.5276479445009086,83.82527840281085,"{'brokerage_entry': 20.0, 'brokerage_exit': 20.0, 'exchange_entry': np.float64(1.476421787285156), 'exchange_exit': np.float64(1.426525826077881), 'sebi_entry': np.float64(0.04971117128906249), 'sebi_exit': np.float64(0.04803117259521485), 'ipft_entry': np.float64(0.04971117128906249), 'ipft_exit': np.float64(0.04803117259521485), 'stamp_buy': np.float64(1.4913351386718747), 'stt_sell': np.float64(12.007793148803712), 'dp_sell': 16.5, 'gst': np.float64(10.727717814203686), 'fees_total': np.float64(83.82527840281085)}",Time,10,5610_rsi_enabled=False_rsi_min=50_rsi_exit_enabled=False_adx_enabled=False_adx_min=18_bb_enabled=True_bb_length=20_bb_stddev=2.0_sma_enabled=True_sma_length=50_macd_enabled=False_macd_fast=12_macd_slow=26_macd_signal=9_combination_mode=all_protective_exit=False_use_hard_stop=True_hard_stop_pct=5.0_use_trailing_stop=True_trailing_stop_pct=10.0
MUTHOOTFIN.NS,2020-02-17,2020-03-02,63,786.667236328125,773.29956520854,787.060569946289,772.9129154259358,49584.815906616204,48693.513671833956,-891.302234782248,-975.3093568736165,-1.797530591745768,-1.9669516545355954,-1.950618713747233,84.00712209136847,"{'brokerage_entry': 20.0, 'brokerage_exit': 20.0, 'exchange_entry': np.float64(1.4726690324265013), 'exchange_exit': np.float64(1.4461973560534684), 'sebi_entry': np.float64(0.0495848159066162), 'sebi_exit': np.float64(0.04869351367183396), 'ipft_entry': np.float64(0.0495848159066162), 'ipft_exit': np.float64(0.04869351367183396), 'stamp_buy': np.float64(1.4875444771984863), 'stt_sell': np.float64(12.173378417958489), 'dp_sell': 16.5, 'gst': np.float64(10.730776148574636), 'fees_total': np.float64(84.00712209136847)}",TSL,9,5610_rsi_enabled=False_rsi_min=50_rsi_exit_enabled=False_adx_enabled=False_adx_min=18_bb_enabled=True_bb_length=20_bb_stddev=2.0_sma_enabled=True_sma_length=50_macd_enabled=False_macd_fast=12_macd_slow=26_macd_signal=9_combination_mode=all_protective_exit=False_use_hard_stop=True_hard_stop_pct=5.0_use_trailing_stop=True_trailing_stop_pct=10.0
MUTHOOTFIN.NS,2020-04-13,2020-04-15,72,688.0731201171875,653.6694641113281,688.4171566772461,653.3426293792725,49566.03528076172,47040.66931530762,-2525.365965454097,-2608.8967842334673,-5.094952523738122,-5.263476833391332,-5.217793568466934,83.53081877937032,"{'brokerage_entry': 20.0, 'brokerage_exit': 20.0, 'exchange_entry': np.float64(1.472111247838623), 'exchange_exit': np.float64(1.3971078786646363), 'sebi_entry': np.float64(0.049566035280761714), 'sebi_exit': np.float64(0.04704066931530762), 'ipft_entry': np.float64(0.049566035280761714), 'ipft_exit': np.float64(0.04704066931530762), 'stamp_buy': np.float64(1.4869810584228516), 'stt_sell': np.float64(11.760167328826904), 'dp_sell': 16.5, 'gst': np.float64(10.721237856425171), 'fees_total': np.float64(83.53081877937032)}",HSL,1,5610_rsi_enabled=False_rsi_min=50_rsi_exit_enabled=False_adx_enabled=False_adx_min=18_bb_enabled=True_bb_length=20_bb_stddev=2.0_sma_enabled=True_sma_length=50_macd_enabled=False_macd_fast=12_macd_slow=26_macd_signal=9_combination_mode=all_protective_exit=False_use_hard_stop=True_hard_stop_pct=5.0_use_trailing_stop=True_trailing_stop_pct=10.0
MUTHOOTFIN.NS,2020-07-20,2020-07-31,44,1134.260009765625,1166.9342025783644,1134.8271397705078,1166.3507354770752,49932.39414990234,51319.43236099131,1387.0382110889695,1302.2529553517581,2.777832376562866,2.6080322754848417,2.6045059107035162,84.78525573721139,"{'brokerage_entry': 20.0, 'brokerage_exit': 20.0, 'exchange_entry': np.float64(1.4829921062520997), 'exchange_exit': np.float64(1.524187141121442), 'sebi_entry': np.float64(0.04993239414990234), 'sebi_exit': np.float64(0.05131943236099131), 'ipft_entry': np.float64(0.04993239414990234), 'ipft_exit': np.float64(0.05131943236099131), 'stamp_buy': np.float64(1.4979718244970703), 'stt_sell': np.float64(12.829858090247829), 'dp_sell': 16.5, 'gst': np.float64(10.74774292207116), 'fees_total': np.float64(84.78525573721139)}",TSL,9,5610_rsi_enabled=False_rsi_min=50_rsi_exit_enabled=False_adx_enabled=False_adx_min=18_bb_enabled=True_bb_length=20_bb_stddev=2.0_sma_enabled=True_sma_length=50_macd_enabled=False_macd_fast=12_macd_slow=26_macd_signal=9_combination_mode=all_protective_exit=False_use_hard_stop=True_hard_stop_pct=5.0_use_trailing_stop=True_trailing_stop_pct=10.0
MUTHOOTFIN.NS,2021-02-11,2021-02-25,42,1177.149169921875,1225.9415283203125,1177.737744506836,1225.3285575561524,49464.985269287106,51463.7994173584,1998.8141480712948,1914.018906538888,4.040866760982059,3.86944198228096,3.828037813077776,84.79524153240688,"{'brokerage_entry': 20.0, 'brokerage_exit': 20.0, 'exchange_entry': np.float64(1.469110062497827), 'exchange_exit': np.float64(1.5284748426955446), 'sebi_entry': np.float64(0.0494649852692871), 'sebi_exit': np.float64(0.051463799417358395), 'ipft_entry': np.float64(0.0494649852692871), 'ipft_exit': np.float64(0.051463799417358395), 'stamp_buy': np.float64(1.4839495580786133), 'stt_sell': np.float64(12.8659498543396), 'dp_sell': 16.5, 'gst': np.float64(10.745899645421998), 'fees_total': np.float64(84.79524153240688)}",Time,10,5610_rsi_enabled=False_rsi_min=50_rsi_exit_enabled=False_adx_enabled=False_adx_min=18_bb_enabled=True_bb_length=20_bb_stddev=2.0_sma_enabled=True_sma_length=50_macd_enabled=False_macd_fast=12_macd_slow=26_macd_signal=9_combination_mode=all_protective_exit=False_use_hard_stop=True_hard_stop_pct=5.0_use_trailing_stop=True_trailing_stop_pct=10.0
MUTHOOTFIN.NS,2022-01-03,2022-01-14,34,1446.1151123046875,1393.965087890625,1446.8381698608398,1393.2681053466797,49192.49777526855,47371.11558178711,-1821.3821934814405,-1904.9828058313794,-3.7025609104100776,-3.872506768276171,-3.809965611662759,83.60061234993886,"{'brokerage_entry': 20.0, 'brokerage_exit': 20.0, 'exchange_entry': np.float64(1.461017183925476), 'exchange_exit': np.float64(1.4069221327790773), 'sebi_entry': np.float64(0.04919249777526855), 'sebi_exit': np.float64(0.04737111558178711), 'ipft_entry': np.float64(0.04919249777526855), 'ipft_exit': np.float64(0.04737111558178711), 'stamp_buy': np.float64(1.4757749332580565), 'stt_sell': np.float64(11.842778895446777), 'dp_sell': 16.5, 'gst': np.float64(10.720991977815359), 'fees_total': np.float64(83.60061234993886)}",TwoRedBelow20,9,5610_rsi_enabled=False_rsi_min=50_rsi_exit_enabled=False_adx_enabled=False_adx_min=18_bb_enabled=True_bb_length=20_bb_stddev=2.0_sma_enabled=True_sma_length=50_macd_enabled=False_macd_fast=12_macd_slow=26_macd_signal=9_combination_mode=all_protective_exit=False_use_hard_stop=True_hard_stop_pct=5.0_use_trailing_stop=True_trailing_stop_pct=10.0
MUTHOOTFIN.NS,2022-12-05,2022-12-12,45,1088.7884521484375,1034.3490295410156,1089.3328463745117,1033.8318550262452,49019.97808685303,46522.43347618103,-2497.5446106719974,-2580.8896778305752,-5.094952523738131,-5.264975176565327,-5.16177935566115,83.3450671585777,"{'brokerage_entry': 20.0, 'brokerage_exit': 20.0, 'exchange_entry': np.float64(1.455893349179535), 'exchange_exit': np.float64(1.3817162742425766), 'sebi_entry': np.float64(0.049019978086853024), 'sebi_exit': np.float64(0.04652243347618103), 'ipft_entry': np.float64(0.049019978086853024), 'ipft_exit': np.float64(0.04652243347618103), 'stamp_buy': np.float64(1.470599342605591), 'stt_sell': np.float64(11.630608369045259), 'dp_sell': 16.5, 'gst': np.float64(10.715165000378674), 'fees_total': np.float64(83.3450671585777)}",HSL,5,5610_rsi_enabled=False_rsi_min=50_rsi_exit_enabled=False_adx_enabled=False_adx_min=18_bb_enabled=True_bb_length=20_bb_stddev=2.0_sma_enabled=True_sma_length=50_macd_enabled=False_macd_fast=12_macd_slow=26_macd_signal=9_combination_mode=all_protective_exit=False_use_hard_stop=True_hard_stop_pct=5.0_use_trailing_stop=True_trailing_stop_pct=10.0
MUTHOOTFIN.NS,2023-10-20,2023-11-06,40,1238.2156982421875,1296.9326171875,1238.8348060913086,1296.2841508789063,49553.39224365234,51851.36603515625,2297.9737915039077,2213.061201839632,4.637369284840983,4.466013529322241,4.426122403679264,84.91258966427574,"{'brokerage_entry': 20.0, 'brokerage_exit': 20.0, 'exchange_entry': np.float64(1.4717357496364747), 'exchange_exit': np.float64(1.5399855712441406), 'sebi_entry': np.float64(0.04955339224365234), 'sebi_exit': np.float64(0.05185136603515625), 'ipft_entry': np.float64(0.04955339224365234), 'ipft_exit': np.float64(0.05185136603515625), 'stamp_buy': np.float64(1.4866017673095704), 'stt_sell': np.float64(12.962841508789063), 'dp_sell': 16.5, 'gst': np.float64(10.748615550738881), 'fees_total': np.float64(84.91258966427574)}",Time,10,5610_rsi_enabled=False_rsi_min=50_rsi_exit_enabled=False_adx_enabled=False_adx_min=18_bb_enabled=True_bb_length=20_bb_stddev=2.0_sma_enabled=True_sma_length=50_macd_enabled=False_macd_fast=12_macd_slow=26_macd_signal=9_combination_mode=all_protective_exit=False_use_hard_stop=True_hard_stop_pct=5.0_use_trailing_stop=True_trailing_stop_pct=10.0
PAYTM.NS,2022-06-27,2022-07-01,71,701.3499755859375,666.2824768066406,701.7006505737304,665.9493355682373,49820.746190734855,47282.40282534485,-2538.3433653900065,-2621.96082887416,-5.094952523738115,-5.2627891578263135,-5.24392165774832,83.61746348415375,"{'brokerage_entry': 20.0, 'brokerage_exit': 20.0, 'exchange_entry': np.float64(1.4796761618648253), 'exchange_exit': np.float64(1.404287363912742), 'sebi_entry': np.float64(0.04982074619073485), 'sebi_exit': np.float64(0.04728240282534485), 'ipft_entry': np.float64(0.04982074619073485), 'ipft_exit': np.float64(0.04728240282534485), 'stamp_buy': np.float64(1.4946223857220458), 'stt_sell': np.float64(11.820600706336213), 'dp_sell': 16.5, 'gst': np.float64(10.72407056828575), 'fees_total': np.float64(83.61746348415375)}",HSL,4,5610_rsi_enabled=False_rsi_min=50_rsi_exit_enabled=False_adx_enabled=False_adx_min=18_bb_enabled=True_bb_length=20_bb_stddev=2.0_sma_enabled=True_sma_length=50_macd_enabled=False_macd_fast=12_macd_slow=26_macd_signal=9_combination_mode=all_protective_exit=False_use_hard_stop=True_hard_stop_pct=5.0_use_trailing_stop=True_trailing_stop_pct=10.0
PAYTM.NS,2023-02-08,2023-02-10,73,675.9500122070312,642.1525115966797,676.2879872131348,641.8314353408814,49369.02306655884,46853.69477988434,-2515.3282866744994,-2598.792088045231,-5.09495252373813,-5.264013599259529,-5.197584176090462,83.4638013707319,"{'brokerage_entry': 20.0, 'brokerage_exit': 20.0, 'exchange_entry': np.float64(1.4662599850767974), 'exchange_exit': np.float64(1.391554734962565), 'sebi_entry': np.float64(0.04936902306655884), 'sebi_exit': np.float64(0.04685369477988434), 'ipft_entry': np.float64(0.04936902306655884), 'ipft_exit': np.float64(0.04685369477988434), 'stamp_buy': np.float64(1.481070691996765), 'stt_sell': np.float64(11.713423694971086), 'dp_sell': 16.5, 'gst': np.float64(10.719046828031805), 'fees_total': np.float64(83.4638013707319)}",HSL,2,5610_rsi_enabled=False_rsi_min=50_rsi_exit_enabled=False_adx_enabled=False_adx_min=18_bb_enabled=True_bb_length=20_bb_stddev=2.0_sma_enabled=True_sma_length=50_macd_enabled=False_macd_fast=12_macd_slow=26_macd_signal=9_combination_mode=all_protective_exit=False_use_hard_stop=True_hard_stop_pct=5.0_use_trailing_stop=True_trailing_stop_pct=10.0
PAYTM.NS,2023-06-08,2023-06-22,64,772.0,865.9500122070312,772.386,865.5170372009278,49432.704,55393.09038085938,5960.3863808593815,5874.464013479556,12.057577066509213,11.883760219711139,11.748928026959113,85.92236737982526,"{'brokerage_entry': 20.0, 'brokerage_exit': 20.0, 'exchange_entry': np.float64(1.4681513088), 'exchange_exit': np.float64(1.6451747843115236), 'sebi_entry': np.float64(0.049432703999999994), 'sebi_exit': np.float64(0.05539309038085938), 'ipft_entry': np.float64(0.049432703999999994), 'ipft_exit': np.float64(0.05539309038085938), 'stamp_buy': np.float64(1.48298112), 'stt_sell': np.float64(13.848272595214846), 'dp_sell': 16.5, 'gst': np.float64(10.768135982737183), 'fees_total': np.float64(85.92236737982526)}",Time,10,5610_rsi_enabled=False_rsi_min=50_rsi_exit_enabled=False_adx_enabled=False_adx_min=18_bb_enabled=True_bb_length=20_bb_stddev=2.0_sma_enabled=True_sma_length=50_macd_enabled=False_macd_fast=12_macd_slow=26_macd_signal=9_combination_mode=all_protective_exit=False_use_hard_stop=True_hard_stop_pct=5.0_use_trailing_stop=True_trailing_stop_pct=10.0
PAYTM.NS,2023-08-11,2023-08-28,57,864.5499877929688,882.7999877929688,864.9822627868651,882.3585877990723,49303.98897885131,50294.439504547125,990.4505256958146,906.0022173344623,2.008864893509252,1.8375840091216296,1.8120044346689246,84.4483083613523,"{'brokerage_entry': 20.0, 'brokerage_exit': 20.0, 'exchange_entry': np.float64(1.464328472671884), 'exchange_exit': np.float64(1.4937448532850497), 'sebi_entry': np.float64(0.049303988978851306), 'sebi_exit': np.float64(0.05029443950454712), 'ipft_entry': np.float64(0.049303988978851306), 'ipft_exit': np.float64(0.05029443950454712), 'stamp_buy': np.float64(1.4791196693655393), 'stt_sell': np.float64(12.573609876136782), 'dp_sell': 16.5, 'gst': np.float64(10.73830863292627), 'fees_total': np.float64(84.4483083613523)}",Time,10,5610_rsi_enabled=False_rsi_min=50_rsi_exit_enabled=False_adx_enabled=False_adx_min=18_bb_enabled=True_bb_length=20_bb_stddev=2.0_sma_enabled=True_sma_length=50_macd_enabled=False_macd_fast=12_macd_slow=26_macd_signal=9_combination_mode=all_protective_exit=False_use_hard_stop=True_hard_stop_pct=5.0_use_trailing_stop=True_trailing_stop_pct=10.0
PAYTM.NS,2023-11-23,2023-11-24,54,923.4000244140625,877.2300231933593,923.8617244262695,876.7914081817627,49888.53311901855,47346.73604181519,-2541.797077203366,-2625.4375996856206,-5.094952523738125,-5.262607327864584,-5.250875199371241,83.6405224822545,"{'brokerage_entry': 20.0, 'brokerage_exit': 20.0, 'exchange_entry': np.float64(1.481689433634851), 'exchange_exit': np.float64(1.406198060441911), 'sebi_entry': np.float64(0.04988853311901855), 'sebi_exit': np.float64(0.047346736041815184), 'ipft_entry': np.float64(0.04988853311901855), 'ipft_exit': np.float64(0.047346736041815184), 'stamp_buy': np.float64(1.4966559935705566), 'stt_sell': np.float64(11.836684010453798), 'dp_sell': 16.5, 'gst': np.float64(10.724824445831716), 'fees_total': np.float64(83.6405224822545)}",HSL,1,5610_rsi_enabled=False_rsi_min=50_rsi_exit_enabled=False_adx_enabled=False_adx_min=18_bb_enabled=True_bb_length=20_bb_stddev=2.0_sma_enabled=True_sma_length=50_macd_enabled=False_macd_fast=12_macd_slow=26_macd_signal=9_combination_mode=all_protective_exit=False_use_hard_stop=True_hard_stop_pct=5.0_use_trailing_stop=True_trailing_stop_pct=10.0
PERSISTENT.NS,2016-03-21,2016-03-22,149,334.56591796875,317.8376220703125,334.73320092773434,317.6787032592773,49875.24693823242,47334.12678563232,-2541.1201526001023,-2624.756155538172,-5.09495252373814,-5.262642927440098,-5.249512311076344,83.63600293806995,"{'brokerage_entry': 20.0, 'brokerage_exit': 20.0, 'exchange_entry': np.float64(1.4812948340655028), 'exchange_exit': np.float64(1.4058235655332798), 'sebi_entry': np.float64(0.04987524693823242), 'sebi_exit': np.float64(0.04733412678563231), 'ipft_entry': np.float64(0.04987524693823242), 'ipft_exit': np.float64(0.04733412678563231), 'stamp_buy': np.float64(1.4962574081469726), 'stt_sell': np.float64(11.83353169640808), 'dp_sell': 16.5, 'gst': np.float64(10.724676686468374), 'fees_total': np.float64(83.63600293806995)}",HSL,1,5610_rsi_enabled=False_rsi_min=50_rsi_exit_enabled=False_adx_enabled=False_adx_min=18_bb_enabled=True_bb_length=20_bb_stddev=2.0_sma_enabled=True_sma_length=50_macd_enabled=False_macd_fast=12_macd_slow=26_macd_signal=9_combination_mode=all_protective_exit=False_use_hard_stop=True_hard_stop_pct=5.0_use_trailing_stop=True_trailing_stop_pct=10.0
PERSISTENT.NS,2018-02-26,2018-02-28,124,401.29547119140625,381.23069763183594,401.49611892700193,381.04008228302,49785.51874694824,47248.97020309448,-2536.548543853758,-2620.1540240606055,-5.094952523738128,-5.262883846562744,-5.240308048121211,83.60548020684737,"{'brokerage_entry': 20.0, 'brokerage_exit': 20.0, 'exchange_entry': np.float64(1.4786299067843627), 'exchange_exit': np.float64(1.4032944150319062), 'sebi_entry': np.float64(0.04978551874694824), 'sebi_exit': np.float64(0.04724897020309448), 'ipft_entry': np.float64(0.04978551874694824), 'ipft_exit': np.float64(0.04724897020309448), 'stamp_buy': np.float64(1.4935655624084472), 'stt_sell': np.float64(11.812242550773622), 'dp_sell': 16.5, 'gst': np.float64(10.723678793948944), 'fees_total': np.float64(83.60548020684737)}",HSL,2,5610_rsi_enabled=False_rsi_min=50_rsi_exit_enabled=False_adx_enabled=False_adx_min=18_bb_enabled=True_bb_length=20_bb_stddev=2.0_sma_enabled=True_sma_length=50_macd_enabled=False_macd_fast=12_macd_slow=26_macd_signal=9_combination_mode=all_protective_exit=False_use_hard_stop=True_hard_stop_pct=5.0_use_trailing_stop=True_trailing_stop_pct=10.0
PERSISTENT.NS,2019-10-18,2019-10-25,169,294.19091796875,279.4813720703125,294.3380134277344,279.3416313842773,49743.12426928711,47208.73570394287,-2534.388565344241,-2617.979624272464,-5.094952523738137,-5.262997977569501,-5.235959248544928,83.59105892822295,"{'brokerage_entry': 20.0, 'brokerage_exit': 20.0, 'exchange_entry': np.float64(1.477370790797827), 'exchange_exit': np.float64(1.4020994504071032), 'sebi_entry': np.float64(0.049743124269287106), 'sebi_exit': np.float64(0.047208735703942864), 'ipft_entry': np.float64(0.049743124269287106), 'ipft_exit': np.float64(0.047208735703942864), 'stamp_buy': np.float64(1.4922937280786133), 'stt_sell': np.float64(11.802183925985718), 'dp_sell': 16.5, 'gst': np.float64(10.723207313007247), 'fees_total': np.float64(83.59105892822295)}",HSL,4,5610_rsi_enabled=False_rsi_min=50_rsi_exit_enabled=False_adx_enabled=False_adx_min=18_bb_enabled=True_bb_length=20_bb_stddev=2.0_sma_enabled=True_sma_length=50_macd_enabled=False_macd_fast=12_macd_slow=26_macd_signal=9_combination_mode=all_protective_exit=False_use_hard_stop=True_hard_stop_pct=5.0_use_trailing_stop=True_trailing_stop_pct=10.0
PERSISTENT.NS,2020-01-02,2020-01-06,148,337.1227722167969,320.266633605957,337.29133360290524,320.10650028915404,49919.11737322997,47375.7620427948,-2543.3553304351735,-2627.006256726505,-5.094952523738117,-5.2625254510915775,-5.254012513453009,83.65092629133142,"{'brokerage_entry': 20.0, 'brokerage_exit': 20.0, 'exchange_entry': np.float64(1.4825977859849302), 'exchange_exit': np.float64(1.4070601326710055), 'sebi_entry': np.float64(0.04991911737322997), 'sebi_exit': np.float64(0.0473757620427948), 'ipft_entry': np.float64(0.04991911737322997), 'ipft_exit': np.float64(0.0473757620427948), 'stamp_buy': np.float64(1.4975735211968992), 'stt_sell': np.float64(11.8439405106987), 'dp_sell': 16.5, 'gst': np.float64(10.725164581947837), 'fees_total': np.float64(83.65092629133142)}",HSL,2,5610_rsi_enabled=False_rsi_min=50_rsi_exit_enabled=False_adx_enabled=False_adx_min=18_bb_enabled=True_bb_length=20_bb_stddev=2.0_sma_enabled=True_sma_length=50_macd_enabled=False_macd_fast=12_macd_slow=26_macd_signal=9_combination_mode=all_protective_exit=False_use_hard_stop=True_hard_stop_pct=5.0_use_trailing_stop=True_trailing_stop_pct=10.0
PERSISTENT.NS,2020-09-15,2020-09-22,88,562.1130981445312,534.0074432373046,562.3941546936035,533.740439515686,49490.6856130371,46969.15867738037,-2521.5269356567296,-2605.032122829993,-5.094952523738114,-5.263681621221593,-5.210064245659987,83.50518717326355,"{'brokerage_entry': 20.0, 'brokerage_exit': 20.0, 'exchange_entry': np.float64(1.469873362707202), 'exchange_exit': np.float64(1.3949840127181972), 'sebi_entry': np.float64(0.0494906856130371), 'sebi_exit': np.float64(0.04696915867738037), 'ipft_entry': np.float64(0.0494906856130371), 'ipft_exit': np.float64(0.04696915867738037), 'stamp_buy': np.float64(1.484720568391113), 'stt_sell': np.float64(11.742289669345093), 'dp_sell': 16.5, 'gst': np.float64(10.72039987152112), 'fees_total': np.float64(83.50518717326355)}",HSL,5,5610_rsi_enabled=False_rsi_min=50_rsi_exit_enabled=False_adx_enabled=False_adx_min=18_bb_enabled=True_bb_length=20_bb_stddev=2.0_sma_enabled=True_sma_length=50_macd_enabled=False_macd_fast=12_macd_slow=26_macd_signal=9_combination_mode=all_protective_exit=False_use_hard_stop=True_hard_stop_pct=5.0_use_trailing_stop=True_trailing_stop_pct=10.0
PERSISTENT.NS,2020-11-24,2020-12-09,85,583.542236328125,579.6940307617188,583.834007446289,579.4041837463379,49625.89063293456,49249.35561843873,-376.53501449583564,-460.7046575807122,-0.7587471170662388,-0.9283554445166218,-0.9214093151614243,84.16964308487657,"{'brokerage_entry': 20.0, 'brokerage_exit': 20.0, 'exchange_entry': np.float64(1.4738889517981566), 'exchange_exit': np.float64(1.4627058618676303), 'sebi_entry': np.float64(0.04962589063293456), 'sebi_exit': np.float64(0.049249355618438725), 'ipft_entry': np.float64(0.04962589063293456), 'ipft_exit': np.float64(0.049249355618438725), 'stamp_buy': np.float64(1.488776718988037), 'stt_sell': np.float64(12.312338904609682), 'dp_sell': 16.5, 'gst': np.float64(10.734182155110334), 'fees_total': np.float64(84.16964308487657)}",Time,10,5610_rsi_enabled=False_rsi_min=50_rsi_exit_enabled=False_adx_enabled=False_adx_min=18_bb_enabled=True_bb_length=20_bb_stddev=2.0_sma_enabled=True_sma_length=50_macd_enabled=False_macd_fast=12_macd_slow=26_macd_signal=9_combination_mode=all_protective_exit=False_use_hard_stop=True_hard_stop_pct=5.0_use_trailing_stop=True_trailing_stop_pct=10.0
PERSISTENT.NS,2021-11-10,2021-11-22,24,2018.4825439453125,1941.5490550454876,2019.491785217285,1940.578280517965,48467.80284521484,46573.878732431156,-1893.9241127836867,-1977.2467456932443,-3.907592260437428,-4.079505629763564,-3.954493491386488,83.32263290955765,"{'brokerage_entry': 20.0, 'brokerage_exit': 20.0, 'exchange_entry': np.float64(1.4394937445028808), 'exchange_exit': np.float64(1.3832441983532053), 'sebi_entry': np.float64(0.04846780284521484), 'sebi_exit': np.float64(0.046573878732431157), 'ipft_entry': np.float64(0.04846780284521484), 'ipft_exit': np.float64(0.046573878732431157), 'stamp_buy': np.float64(1.4540340853564453), 'stt_sell': np.float64(11.643469683107789), 'dp_sell': 16.5, 'gst': np.float64(10.712307835082049), 'fees_total': np.float64(83.32263290955765)}",TSL,7,5610_rsi_enabled=False_rsi_min=50_rsi_exit_enabled=False_adx_enabled=False_adx_min=18_bb_enabled=True_bb_length=20_bb_stddev=2.0_sma_enabled=True_sma_length=50_macd_enabled=False_macd_fast=12_macd_slow=26_macd_signal=9_combination_mode=all_protective_exit=False_use_hard_stop=True_hard_stop_pct=5.0_use_trailing_stop=True_trailing_stop_pct=10.0
PERSISTENT.NS,2022-03-10,2022-03-25,23,2089.472900390625,2283.013916015625,2090.51763684082,2281.8724090576175,48081.90564733886,52483.0654083252,4401.159760986338,4316.164804157529,9.153463661084999,8.976692470999039,8.632329608315057,84.99495682880963,"{'brokerage_entry': 20.0, 'brokerage_exit': 20.0, 'exchange_entry': np.float64(1.4280325977259642), 'exchange_exit': np.float64(1.5587470426272585), 'sebi_entry': np.float64(0.04808190564733886), 'sebi_exit': np.float64(0.052483065408325195), 'ipft_entry': np.float64(0.04808190564733886), 'ipft_exit': np.float64(0.052483065408325195), 'stamp_buy': np.float64(1.442457169420166), 'stt_sell': np.float64(13.1207663520813), 'dp_sell': 16.5, 'gst': np.float64(10.743823724843619), 'fees_total': np.float64(84.99495682880963)}",Time,10,5610_rsi_enabled=False_rsi_min=50_rsi_exit_enabled=False_adx_enabled=False_adx_min=18_bb_enabled=True_bb_length=20_bb_stddev=2.0_sma_enabled=True_sma_length=50_macd_enabled=False_macd_fast=12_macd_slow=26_macd_signal=9_combination_mode=all_protective_exit=False_use_hard_stop=True_hard_stop_pct=5.0_use_trailing_stop=True_trailing_stop_pct=10.0
SBICARD.NS,2020-12-04,2020-12-14,58,847.7144165039062,805.3286956787109,848.1382737121581,804.9260313308716,49192.01987530517,46685.70981719055,-2506.310058114621,-2589.7136485220553,-5.094952523738125,-5.264499516561048,-5.179427297044111,83.4035904074343,"{'brokerage_entry': 20.0, 'brokerage_exit': 20.0, 'exchange_entry': np.float64(1.4610029902965638), 'exchange_exit': np.float64(1.3865655815705595), 'sebi_entry': np.float64(0.04919201987530517), 'sebi_exit': np.float64(0.04668570981719055), 'ipft_entry': np.float64(0.04919201987530517), 'ipft_exit': np.float64(0.04668570981719055), 'stamp_buy': np.float64(1.4757605962591553), 'stt_sell': np.float64(11.671427454297639), 'dp_sell': 16.5, 'gst': np.float64(10.71707832562538), 'fees_total': np.float64(83.4035904074343)}",HSL,6,5610_rsi_enabled=False_rsi_min=50_rsi_exit_enabled=False_adx_enabled=False_adx_min=18_bb_enabled=True_bb_length=20_bb_stddev=2.0_sma_enabled=True_sma_length=50_macd_enabled=False_macd_fast=12_macd_slow=26_macd_signal=9_combination_mode=all_protective_exit=False_use_hard_stop=True_hard_stop_pct=5.0_use_trailing_stop=True_trailing_stop_pct=10.0
SBICARD.NS,2021-08-26,2021-09-09,46,1073.9427490234375,1090.870361328125,1074.4797203979492,1090.324926147461,49426.06713830566,50154.9466027832,728.8794644775408,644.4630184126966,1.4746863480720933,1.3038929773824381,1.288926036825393,84.41644606484414,"{'brokerage_entry': 20.0, 'brokerage_exit': 20.0, 'exchange_entry': np.float64(1.4679541940076781), 'exchange_exit': np.float64(1.489601914102661), 'sebi_entry': np.float64(0.04942606713830566), 'sebi_exit': np.float64(0.0501549466027832), 'ipft_entry': np.float64(0.04942606713830566), 'ipft_exit': np.float64(0.0501549466027832), 'stamp_buy': np.float64(1.4827820141491699), 'stt_sell': np.float64(12.538736650695801), 'dp_sell': 16.5, 'gst': np.float64(10.738209264406652), 'fees_total': np.float64(84.41644606484414)}",Time,10,5610_rsi_enabled=False_rsi_min=50_rsi_exit_enabled=False_adx_enabled=False_adx_min=18_bb_enabled=True_bb_length=20_bb_stddev=2.0_sma_enabled=True_sma_length=50_macd_enabled=False_macd_fast=12_macd_slow=26_macd_signal=9_combination_mode=all_protective_exit=False_use_hard_stop=True_hard_stop_pct=5.0_use_trailing_stop=True_trailing_stop_pct=10.0
SBICARD.NS,2022-03-17,2022-04-01,59,843.3714599609375,862.674072265625,843.7931456909179,862.2427352294923,49783.79559576415,50872.321378540044,1088.5257827758905,1003.8790458518417,2.1865062110059514,2.016477518112855,2.0077580917036837,84.64673692404877,"{'brokerage_entry': 20.0, 'brokerage_exit': 20.0, 'exchange_entry': np.float64(1.4785787291941954), 'exchange_exit': np.float64(1.5109079449426392), 'sebi_entry': np.float64(0.04978379559576415), 'sebi_exit': np.float64(0.050872321378540045), 'ipft_entry': np.float64(0.04978379559576415), 'ipft_exit': np.float64(0.050872321378540045), 'stamp_buy': np.float64(1.4935138678729247), 'stt_sell': np.float64(12.71808034463501), 'dp_sell': 16.5, 'gst': np.float64(10.74434380345538), 'fees_total': np.float64(84.64673692404877)}",Time,10,5610_rsi_enabled=False_rsi_min=50_rsi_exit_enabled=False_adx_enabled=False_adx_min=18_bb_enabled=True_bb_length=20_bb_stddev=2.0_sma_enabled=True_sma_length=50_macd_enabled=False_macd_fast=12_macd_slow=26_macd_signal=9_combination_mode=all_protective_exit=False_use_hard_stop=True_hard_stop_pct=5.0_use_trailing_stop=True_trailing_stop_pct=10.0
SBICARD.NS,2024-06-13,2024-06-28,68,724.8842163085938,722.4414672851562,725.246658416748,722.0802465515137,49316.77277233887,49101.45676550293,-215.3160068359357,-299.42230650457407,-0.4365979254763881,-0.6071409171212357,-0.5988446130091482,84.1062996686384,"{'brokerage_entry': 20.0, 'brokerage_exit': 20.0, 'exchange_entry': np.float64(1.4647081513384643), 'exchange_exit': np.float64(1.458313265935437), 'sebi_entry': np.float64(0.04931677277233887), 'sebi_exit': np.float64(0.04910145676550293), 'ipft_entry': np.float64(0.04931677277233887), 'ipft_exit': np.float64(0.04910145676550293), 'stamp_buy': np.float64(1.4795031831701662), 'stt_sell': np.float64(12.275364191375733), 'dp_sell': 16.5, 'gst': np.float64(10.731574417742925), 'fees_total': np.float64(84.1062996686384)}",Time,10,5610_rsi_enabled=False_rsi_min=50_rsi_exit_enabled=False_adx_enabled=False_adx_min=18_bb_enabled=True_bb_length=20_bb_stddev=2.0_sma_enabled=True_sma_length=50_macd_enabled=False_macd_fast=12_macd_slow=26_macd_signal=9_combination_mode=all_protective_exit=False_use_hard_stop=True_hard_stop_pct=5.0_use_trailing_stop=True_trailing_stop_pct=10.0
SBILIFE.NS,2019-05-27,2019-06-11,72,691.4380493164062,693.5155639648438,691.7837683410644,693.1688061828613,49808.431320556636,49908.15404516601,99.72272460937529,15.351434566276865,0.20021253824996157,0.030820955728314843,0.03070286913255373,84.37129004309843,"{'brokerage_entry': 20.0, 'brokerage_exit': 20.0, 'exchange_entry': np.float64(1.4793104102205321), 'exchange_exit': np.float64(1.4822721751414305), 'sebi_entry': np.float64(0.04980843132055664), 'sebi_exit': np.float64(0.049908154045166006), 'ipft_entry': np.float64(0.04980843132055664), 'ipft_exit': np.float64(0.049908154045166006), 'stamp_buy': np.float64(1.494252939616699), 'stt_sell': np.float64(12.477038511291504), 'dp_sell': 16.5, 'gst': np.float64(10.738982836096813), 'fees_total': np.float64(84.37129004309843)}",Time,10,5610_rsi_enabled=False_rsi_min=50_rsi_exit_enabled=False_adx_enabled=False_adx_min=18_bb_enabled=True_bb_length=20_bb_stddev=2.0_sma_enabled=True_sma_length=50_macd_enabled=False_macd_fast=12_macd_slow=26_macd_signal=9_combination_mode=all_protective_exit=False_use_hard_stop=True_hard_stop_pct=5.0_use_trailing_stop=True_trailing_stop_pct=10.0
SBILIFE.NS,2020-11-11,2020-11-25,60,830.5862426757812,839.9848022460938,831.0015357971191,839.5648098449708,49860.09214782715,50373.88859069825,513.7964428710984,429.2878156754838,1.0304763203160048,0.8609848020391028,0.8585756313509676,84.50862719561465,"{'brokerage_entry': 20.0, 'brokerage_exit': 20.0, 'exchange_entry': np.float64(1.4808447367904662), 'exchange_exit': np.float64(1.496104491143738), 'sebi_entry': np.float64(0.04986009214782715), 'sebi_exit': np.float64(0.050373888590698246), 'ipft_entry': np.float64(0.04986009214782715), 'ipft_exit': np.float64(0.050373888590698246), 'stamp_buy': np.float64(1.4958027644348144), 'stt_sell': np.float64(12.593472147674563), 'dp_sell': 16.5, 'gst': np.float64(10.741935094094025), 'fees_total': np.float64(84.50862719561465)}",Time,10,5610_rsi_enabled=False_rsi_min=50_rsi_exit_enabled=False_adx_enabled=False_adx_min=18_bb_enabled=True_bb_length=20_bb_stddev=2.0_sma_enabled=True_sma_length=50_macd_enabled=False_macd_fast=12_macd_slow=26_macd_signal=9_combination_mode=all_protective_exit=False_use_hard_stop=True_hard_stop_pct=5.0_use_trailing_stop=True_trailing_stop_pct=10.0
SBILIFE.NS,2020-12-28,2021-01-11,56,892.023193359375,926.2537841796875,892.4692049560547,925.7906572875977,49978.275477539064,51844.27680810547,1866.0013305664033,1781.062138709254,3.733624885486516,3.563672659153052,3.562124277418508,84.93919185714937,"{'brokerage_entry': 20.0, 'brokerage_exit': 20.0, 'exchange_entry': np.float64(1.4843547816829101), 'exchange_exit': np.float64(1.5397750212007324), 'sebi_entry': np.float64(0.04997827547753906), 'sebi_exit': np.float64(0.051844276808105466), 'ipft_entry': np.float64(0.04997827547753906), 'ipft_exit': np.float64(0.051844276808105466), 'stamp_buy': np.float64(1.499348264326172), 'stt_sell': np.float64(12.961069202026367), 'dp_sell': 16.5, 'gst': np.float64(10.750999483341888), 'fees_total': np.float64(84.93919185714937)}",Time,10,5610_rsi_enabled=False_rsi_min=50_rsi_exit_enabled=False_adx_enabled=False_adx_min=18_bb_enabled=True_bb_length=20_bb_stddev=2.0_sma_enabled=True_sma_length=50_macd_enabled=False_macd_fast=12_macd_slow=26_macd_signal=9_combination_mode=all_protective_exit=False_use_hard_stop=True_hard_stop_pct=5.0_use_trailing_stop=True_trailing_stop_pct=10.0
SBILIFE.NS,2021-04-15,2021-04-30,55,901.5491943359375,921.391845703125,901.9999689331054,920.9311497802735,49609.99829132079,50651.21323791504,1041.2149465942493,956.6434724575684,2.098800609667444,1.9283279689709882,1.9132869449151366,84.57147413668098,"{'brokerage_entry': 20.0, 'brokerage_exit': 20.0, 'exchange_entry': np.float64(1.4734169492522275), 'exchange_exit': np.float64(1.5043410331660767), 'sebi_entry': np.float64(0.04960999829132079), 'sebi_exit': np.float64(0.05065121323791504), 'ipft_entry': np.float64(0.04960999829132079), 'ipft_exit': np.float64(0.05065121323791504), 'stamp_buy': np.float64(1.4882999487396238), 'stt_sell': np.float64(12.662803309478761), 'dp_sell': 16.5, 'gst': np.float64(10.742090472985819), 'fees_total': np.float64(84.57147413668098)}",Time,10,5610_rsi_enabled=False_rsi_min=50_rsi_exit_enabled=False_adx_enabled=False_adx_min=18_bb_enabled=True_bb_length=20_bb_stddev=2.0_sma_enabled=True_sma_length=50_macd_enabled=False_macd_fast=12_macd_slow=26_macd_signal=9_combination_mode=all_protective_exit=False_use_hard_stop=True_hard_stop_pct=5.0_use_trailing_stop=True_trailing_stop_pct=10.0
SBILIFE.NS,2022-05-27,2022-06-10,44,1114.3470458984375,1147.9434814453125,1114.9042194213866,1147.36950970459,49055.78565454101,50484.25842700196,1428.4727724609475,1343.9866393956465,2.911935367869735,2.7397107628857964,2.687973278791293,84.48613306530092,"{'brokerage_entry': 20.0, 'brokerage_exit': 20.0, 'exchange_entry': np.float64(1.456956833939868), 'exchange_exit': np.float64(1.4993824752819582), 'sebi_entry': np.float64(0.04905578565454101), 'sebi_exit': np.float64(0.05048425842700196), 'ipft_entry': np.float64(0.04905578565454101), 'ipft_exit': np.float64(0.05048425842700196), 'stamp_buy': np.float64(1.4716735696362304), 'stt_sell': np.float64(12.62106460675049), 'dp_sell': 16.5, 'gst': np.float64(10.737975491529284), 'fees_total': np.float64(84.48613306530092)}",Time,10,5610_rsi_enabled=False_rsi_min=50_rsi_exit_enabled=False_adx_enabled=False_adx_min=18_bb_enabled=True_bb_length=20_bb_stddev=2.0_sma_enabled=True_sma_length=50_macd_enabled=False_macd_fast=12_macd_slow=26_macd_signal=9_combination_mode=all_protective_exit=False_use_hard_stop=True_hard_stop_pct=5.0_use_trailing_stop=True_trailing_stop_pct=10.0
SBILIFE.NS,2022-07-08,2022-07-22,43,1139.99169921875,1157.932861328125,1140.5616950683593,1157.353894897461,49044.152887939454,49766.21748059082,722.064592651368,637.7856129805768,1.4722745732833982,1.3004314998320952,1.2755712259611536,84.27897967079112,"{'brokerage_entry': 20.0, 'brokerage_exit': 20.0, 'exchange_entry': np.float64(1.4566113407718018), 'exchange_exit': np.float64(1.4780566591735473), 'sebi_entry': np.float64(0.04904415288793945), 'sebi_exit': np.float64(0.04976621748059082), 'ipft_entry': np.float64(0.04904415288793945), 'ipft_exit': np.float64(0.04976621748059082), 'stamp_buy': np.float64(1.4713245866381837), 'stt_sell': np.float64(12.441554370147706), 'dp_sell': 16.5, 'gst': np.float64(10.733811973322831), 'fees_total': np.float64(84.27897967079112)}",Time,10,5610_rsi_enabled=False_rsi_min=50_rsi_exit_enabled=False_adx_enabled=False_adx_min=18_bb_enabled=True_bb_length=20_bb_stddev=2.0_sma_enabled=True_sma_length=50_macd_enabled=False_macd_fast=12_macd_slow=26_macd_signal=9_combination_mode=all_protective_exit=False_use_hard_stop=True_hard_stop_pct=5.0_use_trailing_stop=True_trailing_stop_pct=10.0
SBILIFE.NS,2023-05-31,2023-06-14,40,1230.4437255859375,1237.7169189453125,1231.0589474487304,1237.0980604858398,49242.357897949216,49483.92241943359,241.5645214843753,157.3533149010264,0.4905624584123249,0.31954870078952835,0.3147066298020528,84.2112065833489,"{'brokerage_entry': 20.0, 'brokerage_exit': 20.0, 'exchange_entry': np.float64(1.4624980295690917), 'exchange_exit': np.float64(1.4696724958571776), 'sebi_entry': np.float64(0.049242357897949215), 'sebi_exit': np.float64(0.04948392241943359), 'ipft_entry': np.float64(0.049242357897949215), 'ipft_exit': np.float64(0.04948392241943359), 'stamp_buy': np.float64(1.4772707369384765), 'stt_sell': np.float64(12.370980604858397), 'dp_sell': 16.5, 'gst': np.float64(10.733332155490986), 'fees_total': np.float64(84.2112065833489)}",Time,10,5610_rsi_enabled=False_rsi_min=50_rsi_exit_enabled=False_adx_enabled=False_adx_min=18_bb_enabled=True_bb_length=20_bb_stddev=2.0_sma_enabled=True_sma_length=50_macd_enabled=False_macd_fast=12_macd_slow=26_macd_signal=9_combination_mode=all_protective_exit=False_use_hard_stop=True_hard_stop_pct=5.0_use_trailing_stop=True_trailing_stop_pct=10.0
SBILIFE.NS,2023-10-18,2023-10-26,36,1351.345947265625,1300.7833251953125,1352.0216202392578,1300.132933532715,48672.77832861328,46804.78560717774,-1867.9927214355412,-1951.3955349437763,-3.8378592420260578,-4.0092133672110695,-3.9027910698875528,83.40281350823504,"{'brokerage_entry': 20.0, 'brokerage_exit': 20.0, 'exchange_entry': np.float64(1.4455815163598145), 'exchange_exit': np.float64(1.390102132533179), 'sebi_entry': np.float64(0.04867277832861328), 'sebi_exit': np.float64(0.04680478560717774), 'ipft_entry': np.float64(0.04867277832861328), 'ipft_exit': np.float64(0.04680478560717774), 'stamp_buy': np.float64(1.4601833498583985), 'stt_sell': np.float64(11.701196401794435), 'dp_sell': 16.5, 'gst': np.float64(10.714794979817626), 'fees_total': np.float64(83.40281350823504)}",TwoRedBelow20,5,5610_rsi_enabled=False_rsi_min=50_rsi_exit_enabled=False_adx_enabled=False_adx_min=18_bb_enabled=True_bb_length=20_bb_stddev=2.0_sma_enabled=True_sma_length=50_macd_enabled=False_macd_fast=12_macd_slow=26_macd_signal=9_combination_mode=all_protective_exit=False_use_hard_stop=True_hard_stop_pct=5.0_use_trailing_stop=True_trailing_stop_pct=10.0
SBILIFE.NS,2023-11-09,2023-11-24,37,1345.716796875,1404.499267578125,1346.3896552734375,1403.797017944336,49816.41724511718,51940.48966394043,2124.072418823249,2039.11648503007,4.263800040801695,4.0932620164087306,4.0782329700601405,84.95593379317884,"{'brokerage_entry': 20.0, 'brokerage_exit': 20.0, 'exchange_entry': np.float64(1.4795475921799803), 'exchange_exit': np.float64(1.5426325430190309), 'sebi_entry': np.float64(0.04981641724511718), 'sebi_exit': np.float64(0.05194048966394043), 'ipft_entry': np.float64(0.04981641724511718), 'ipft_exit': np.float64(0.05194048966394043), 'stamp_buy': np.float64(1.4944925173535155), 'stt_sell': np.float64(12.985122415985108), 'dp_sell': 16.5, 'gst': np.float64(10.750624910823085), 'fees_total': np.float64(84.95593379317884)}",Time,10,5610_rsi_enabled=False_rsi_min=50_rsi_exit_enabled=False_adx_enabled=False_adx_min=18_bb_enabled=True_bb_length=20_bb_stddev=2.0_sma_enabled=True_sma_length=50_macd_enabled=False_macd_fast=12_macd_slow=26_macd_signal=9_combination_mode=all_protective_exit=False_use_hard_stop=True_hard_stop_pct=5.0_use_trailing_stop=True_trailing_stop_pct=10.0
SRF.NS,2015-06-26,2015-07-10,219,227.92544555664062,248.03848266601562,228.03940827941892,247.91446342468262,49940.630413192746,54293.26749000549,4352.637076812745,4266.996567842882,8.715623012365729,8.5441383749847,8.533993135685764,85.64050896986417,"{'brokerage_entry': 20.0, 'brokerage_exit': 20.0, 'exchange_entry': np.float64(1.4832367232718247), 'exchange_exit': np.float64(1.612510044453163), 'sebi_entry': np.float64(0.049940630413192744), 'sebi_exit': np.float64(0.05429326749000549), 'ipft_entry': np.float64(0.049940630413192744), 'ipft_exit': np.float64(0.05429326749000549), 'stamp_buy': np.float64(1.4982189123957825), 'stt_sell': np.float64(13.573316872501373), 'dp_sell': 16.5, 'gst': np.float64(10.764758621435647), 'fees_total': np.float64(85.64050896986417)}",Time,10,5610_rsi_enabled=False_rsi_min=50_rsi_exit_enabled=False_adx_enabled=False_adx_min=18_bb_enabled=True_bb_length=20_bb_stddev=2.0_sma_enabled=True_sma_length=50_macd_enabled=False_macd_fast=12_macd_slow=26_macd_signal=9_combination_mode=all_protective_exit=False_use_hard_stop=True_hard_stop_pct=5.0_use_trailing_stop=True_trailing_stop_pct=10.0
SRF.NS,2016-06-30,2016-07-15,198,251.41941833496094,256.111328125,251.5451280441284,255.9832724609375,49805.935352737426,50684.68794726563,878.7525945282032,794.1582922256448,1.7643531605313088,1.5945053267270815,1.5883165844512894,84.59430230255843,"{'brokerage_entry': 20.0, 'brokerage_exit': 20.0, 'exchange_entry': np.float64(1.4792362799763015), 'exchange_exit': np.float64(1.5053352320337892), 'sebi_entry': np.float64(0.049805935352737425), 'sebi_exit': np.float64(0.050684687947265626), 'ipft_entry': np.float64(0.049805935352737425), 'ipft_exit': np.float64(0.050684687947265626), 'stamp_buy': np.float64(1.4941780605821229), 'stt_sell': np.float64(12.671171986816407), 'dp_sell': 16.5, 'gst': np.float64(10.743399496549817), 'fees_total': np.float64(84.59430230255843)}",Time,10,5610_rsi_enabled=False_rsi_min=50_rsi_exit_enabled=False_adx_enabled=False_adx_min=18_bb_enabled=True_bb_length=20_bb_stddev=2.0_sma_enabled=True_sma_length=50_macd_enabled=False_macd_fast=12_macd_slow=26_macd_signal=9_combination_mode=all_protective_exit=False_use_hard_stop=True_hard_stop_pct=5.0_use_trailing_stop=True_trailing_stop_pct=10.0
SRF.NS,2019-09-23,2019-09-25,86,578.075439453125,549.1716674804687,578.3644771728515,548.8970816467286,49739.34503686523,47205.14902161866,-2534.196015246569,-2617.7857885978315,-5.0949525237381055,-5.263008161160167,-5.235571577195663,83.58977335126228,"{'brokerage_entry': 20.0, 'brokerage_exit': 20.0, 'exchange_entry': np.float64(1.4772585475948972), 'exchange_exit': np.float64(1.401992925942074), 'sebi_entry': np.float64(0.04973934503686522), 'sebi_exit': np.float64(0.04720514902161865), 'ipft_entry': np.float64(0.04973934503686522), 'ipft_exit': np.float64(0.04720514902161865), 'stamp_buy': np.float64(1.4921803511059568), 'stt_sell': np.float64(11.801287255404665), 'dp_sell': 16.5, 'gst': np.float64(10.723165283097709), 'fees_total': np.float64(83.58977335126228)}",HSL,2,5610_rsi_enabled=False_rsi_min=50_rsi_exit_enabled=False_adx_enabled=False_adx_min=18_bb_enabled=True_bb_length=20_bb_stddev=2.0_sma_enabled=True_sma_length=50_macd_enabled=False_macd_fast=12_macd_slow=26_macd_signal=9_combination_mode=all_protective_exit=False_use_hard_stop=True_hard_stop_pct=5.0_use_trailing_stop=True_trailing_stop_pct=10.0
SRF.NS,2020-10-13,2020-10-27,57,861.9700927734375,861.3704833984375,862.4010778198242,860.9397981567383,49156.86143572998,49073.56849493409,-83.29294079589454,-167.38044622468638,-0.16944316289353764,-0.3405027118005236,-0.33476089244937274,84.08750542879184,"{'brokerage_entry': 20.0, 'brokerage_exit': 20.0, 'exchange_entry': np.float64(1.4599587846411806), 'exchange_exit': np.float64(1.4574849842995423), 'sebi_entry': np.float64(0.049156861435729976), 'sebi_exit': np.float64(0.049073568494934085), 'ipft_entry': np.float64(0.049156861435729976), 'ipft_exit': np.float64(0.049073568494934085), 'stamp_buy': np.float64(1.4747058430718996), 'stt_sell': np.float64(12.268392123733522), 'dp_sell': 16.5, 'gst': np.float64(10.730502833184369), 'fees_total': np.float64(84.08750542879184)}",Time,10,5610_rsi_enabled=False_rsi_min=50_rsi_exit_enabled=False_adx_enabled=False_adx_min=18_bb_enabled=True_bb_length=20_bb_stddev=2.0_sma_enabled=True_sma_length=50_macd_enabled=False_macd_fast=12_macd_slow=26_macd_signal=9_combination_mode=all_protective_exit=False_use_hard_stop=True_hard_stop_pct=5.0_use_trailing_stop=True_trailing_stop_pct=10.0
SRF.NS,2021-04-07,2021-04-23,40,1221.262939453125,1217.5438232421875,1221.8735709228515,1216.9350513305665,48874.94283691406,48677.40205322266,-197.54078369140188,-281.49542550277545,-0.40417598921917125,-0.5759503933172251,-0.5629908510055509,83.95464181137353,"{'brokerage_entry': 20.0, 'brokerage_exit': 20.0, 'exchange_entry': np.float64(1.4515858022563475), 'exchange_exit': np.float64(1.445718840980713), 'sebi_entry': np.float64(0.048874942836914056), 'sebi_exit': np.float64(0.04867740205322266), 'ipft_entry': np.float64(0.048874942836914056), 'ipft_exit': np.float64(0.04867740205322266), 'stamp_buy': np.float64(1.466248285107422), 'stt_sell': np.float64(12.169350513305664), 'dp_sell': 16.5, 'gst': np.float64(10.72663367994312), 'fees_total': np.float64(83.95464181137353)}",Time,10,5610_rsi_enabled=False_rsi_min=50_rsi_exit_enabled=False_adx_enabled=False_adx_min=18_bb_enabled=True_bb_length=20_bb_stddev=2.0_sma_enabled=True_sma_length=50_macd_enabled=False_macd_fast=12_macd_slow=26_macd_signal=9_combination_mode=all_protective_exit=False_use_hard_stop=True_hard_stop_pct=5.0_use_trailing_stop=True_trailing_stop_pct=10.0
SRF.NS,2023-11-08,2023-11-23,21,2339.643310546875,2346.604736328125,2340.813132202148,2345.431433959961,49157.07577624511,49254.06011315918,96.98433691407263,12.844942663416433,0.1972947645533866,0.026130404342773538,0.025689885326832865,84.1393942506562,"{'brokerage_entry': 20.0, 'brokerage_exit': 20.0, 'exchange_entry': np.float64(1.4599651505544797), 'exchange_exit': np.float64(1.4628455853608278), 'sebi_entry': np.float64(0.04915707577624511), 'sebi_exit': np.float64(0.04925406011315918), 'ipft_entry': np.float64(0.04915707577624511), 'ipft_exit': np.float64(0.04925406011315918), 'stamp_buy': np.float64(1.4747122732873534), 'stt_sell': np.float64(12.313515028289796), 'dp_sell': 16.5, 'gst': np.float64(10.731533941384939), 'fees_total': np.float64(84.1393942506562)}",Time,10,5610_rsi_enabled=False_rsi_min=50_rsi_exit_enabled=False_adx_enabled=False_adx_min=18_bb_enabled=True_bb_length=20_bb_stddev=2.0_sma_enabled=True_sma_length=50_macd_enabled=False_macd_fast=12_macd_slow=26_macd_signal=9_combination_mode=all_protective_exit=False_use_hard_stop=True_hard_stop_pct=5.0_use_trailing_stop=True_trailing_stop_pct=10.0
SRF.NS,2024-07-29,2024-08-12,19,2499.1708984375,2562.000732421875,2500.4204838867186,2560.7197320556643,47507.98919384765,48653.67490905762,1145.6857152099692,1061.830033599456,2.411564317182966,2.235055727715297,2.1236600671989123,83.8556816105131,"{'brokerage_entry': 20.0, 'brokerage_exit': 20.0, 'exchange_entry': np.float64(1.4109872790572753), 'exchange_exit': np.float64(1.4450141447990112), 'sebi_entry': np.float64(0.04750798919384765), 'sebi_exit': np.float64(0.048653674909057615), 'ipft_entry': np.float64(0.04750798919384765), 'ipft_exit': np.float64(0.048653674909057615), 'stamp_buy': np.float64(1.4252396758154295), 'stt_sell': np.float64(12.163418727264405), 'dp_sell': 16.5, 'gst': np.float64(10.718698455371175), 'fees_total': np.float64(83.8556816105131)}",Time,10,5610_rsi_enabled=False_rsi_min=50_rsi_exit_enabled=False_adx_enabled=False_adx_min=18_bb_enabled=True_bb_length=20_bb_stddev=2.0_sma_enabled=True_sma_length=50_macd_enabled=False_macd_fast=12_macd_slow=26_macd_signal=9_combination_mode=all_protective_exit=False_use_hard_stop=True_hard_stop_pct=5.0_use_trailing_stop=True_trailing_stop_pct=10.0
SRF.NS,2024-09-02,2024-09-12,19,2583.74560546875,2481.90380859375,2585.0374782714844,2480.6628566894533,49115.7120871582,47132.59427709961,-1983.1178100585894,-2066.6446941383406,-4.0376444233149895,-4.207705856877285,-4.1332893882766815,83.52688407975108,"{'brokerage_entry': 20.0, 'brokerage_exit': 20.0, 'exchange_entry': np.float64(1.4587366489885987), 'exchange_exit': np.float64(1.3998380500298584), 'sebi_entry': np.float64(0.049115712087158196), 'sebi_exit': np.float64(0.04713259427709961), 'ipft_entry': np.float64(0.049115712087158196), 'ipft_exit': np.float64(0.04713259427709961), 'stamp_buy': np.float64(1.473471362614746), 'stt_sell': np.float64(11.783148569274903), 'dp_sell': 16.5, 'gst': np.float64(10.719192836114456), 'fees_total': np.float64(83.52688407975108)}",TwoRedBelow20,8,5610_rsi_enabled=False_rsi_min=50_rsi_exit_enabled=False_adx_enabled=False_adx_min=18_bb_enabled=True_bb_length=20_bb_stddev=2.0_sma_enabled=True_sma_length=50_macd_enabled=False_macd_fast=12_macd_slow=26_macd_signal=9_combination_mode=all_protective_exit=False_use_hard_stop=True_hard_stop_pct=5.0_use_trailing_stop=True_trailing_stop_pct=10.0
SHREECEM.NS,2015-06-30,2015-07-06,4,10961.3994140625,10413.329443359375,10966.88011376953,10408.122778637695,43867.52045507812,41632.49111455078,-2235.0293405273405,-2316.621702352404,-5.094952523738124,-5.280949728455033,-4.633243404704808,81.59236182506358,"{'brokerage_entry': 20.0, 'brokerage_exit': 20.0, 'exchange_entry': np.float64(1.3028653575158202), 'exchange_exit': np.float64(1.236484986102158), 'sebi_entry': np.float64(0.04386752045507812), 'sebi_exit': np.float64(0.04163249111455078), 'ipft_entry': np.float64(0.04386752045507812), 'ipft_exit': np.float64(0.04163249111455078), 'stamp_buy': np.float64(1.3160256136523436), 'stt_sell': np.float64(10.408122778637695), 'dp_sell': 16.5, 'gst': np.float64(10.6578630660163), 'fees_total': np.float64(81.59236182506358)}",HSL,4,5610_rsi_enabled=False_rsi_min=50_rsi_exit_enabled=False_adx_enabled=False_adx_min=18_bb_enabled=True_bb_length=20_bb_stddev=2.0_sma_enabled=True_sma_length=50_macd_enabled=False_macd_fast=12_macd_slow=26_macd_signal=9_combination_mode=all_protective_exit=False_use_hard_stop=True_hard_stop_pct=5.0_use_trailing_stop=True_trailing_stop_pct=10.0
SHREECEM.NS,2016-05-12,2016-05-17,3,13061.6005859375,12408.520556640624,13068.131386230469,12402.316296362304,39204.39415869141,37206.94888908691,-1997.4452696044973,-2077.451381349575,-5.094952523738144,-5.299026871682992,-4.15490276269915,80.00611174507767,"{'brokerage_entry': 20.0, 'brokerage_exit': 20.0, 'exchange_entry': np.float64(1.164370506513135), 'exchange_exit': np.float64(1.1050463820058813), 'sebi_entry': np.float64(0.039204394158691404), 'sebi_exit': np.float64(0.03720694888908691), 'ipft_entry': np.float64(0.039204394158691404), 'ipft_exit': np.float64(0.03720694888908691), 'stamp_buy': np.float64(1.1761318247607422), 'stt_sell': np.float64(9.301737222271727), 'dp_sell': 16.5, 'gst': np.float64(10.606003123430623), 'fees_total': np.float64(80.00611174507767)}",HSL,3,5610_rsi_enabled=False_rsi_min=50_rsi_exit_enabled=False_adx_enabled=False_adx_min=18_bb_enabled=True_bb_length=20_bb_stddev=2.0_sma_enabled=True_sma_length=50_macd_enabled=False_macd_fast=12_macd_slow=26_macd_signal=9_combination_mode=all_protective_exit=False_use_hard_stop=True_hard_stop_pct=5.0_use_trailing_stop=True_trailing_stop_pct=10.0
SHREECEM.NS,2017-07-11,2017-07-21,2,17861.310546875,17187.49609375,17870.241202148438,17178.902345703125,35740.482404296876,34357.80469140625,-1382.6777128906251,-1461.6314750627075,-3.8686599057330953,-4.089568401815931,-2.923262950125415,78.95376217208234,"{'brokerage_entry': 20.0, 'brokerage_exit': 20.0, 'exchange_entry': np.float64(1.0614923274076171), 'exchange_exit': np.float64(1.0204267993347655), 'sebi_entry': np.float64(0.03574048240429687), 'sebi_exit': np.float64(0.03435780469140625), 'ipft_entry': np.float64(0.03574048240429687), 'ipft_exit': np.float64(0.03435780469140625), 'stamp_buy': np.float64(1.0722144721289062), 'stt_sell': np.float64(8.589451172851563), 'dp_sell': 16.5, 'gst': np.float64(10.569980826168083), 'fees_total': np.float64(78.95376217208234)}",TwoRedBelow20,8,5610_rsi_enabled=False_rsi_min=50_rsi_exit_enabled=False_adx_enabled=False_adx_min=18_bb_enabled=True_bb_length=20_bb_stddev=2.0_sma_enabled=True_sma_length=50_macd_enabled=False_macd_fast=12_macd_slow=26_macd_signal=9_combination_mode=all_protective_exit=False_use_hard_stop=True_hard_stop_pct=5.0_use_trailing_stop=True_trailing_stop_pct=10.0
SHREECEM.NS,2017-09-06,2017-09-20,2,17828.3203125,17912.833984375,17837.234472656248,17903.877567382813,35674.468945312496,35807.755134765626,133.28618945313065,53.92015252714046,0.37361786564350247,0.1511449339576655,0.10784030505428092,79.36603692599019,"{'brokerage_entry': 20.0, 'brokerage_exit': 20.0, 'exchange_entry': np.float64(1.0595317276757812), 'exchange_exit': np.float64(1.0634903275025391), 'sebi_entry': np.float64(0.035674468945312496), 'sebi_exit': np.float64(0.035807755134765626), 'ipft_entry': np.float64(0.035674468945312496), 'ipft_exit': np.float64(0.035807755134765626), 'stamp_buy': np.float64(1.070234068359375), 'stt_sell': np.float64(8.951938783691407), 'dp_sell': 16.5, 'gst': np.float64(10.577877570600926), 'fees_total': np.float64(79.36603692599019)}",Time,10,5610_rsi_enabled=False_rsi_min=50_rsi_exit_enabled=False_adx_enabled=False_adx_min=18_bb_enabled=True_bb_length=20_bb_stddev=2.0_sma_enabled=True_sma_length=50_macd_enabled=False_macd_fast=12_macd_slow=26_macd_signal=9_combination_mode=all_protective_exit=False_use_hard_stop=True_hard_stop_pct=5.0_use_trailing_stop=True_trailing_stop_pct=10.0
SHREECEM.NS,2018-04-06,2018-04-20,3,16597.408203125,16540.876953125,16605.706907226562,16532.60651464844,49817.12072167969,49597.81954394532,-219.30117773437087,-303.58386149758354,-0.44021247024606575,-0.6093966433621448,-0.6071677229951671,84.28268376321269,"{'brokerage_entry': 20.0, 'brokerage_exit': 20.0, 'exchange_entry': np.float64(1.4795684854338869), 'exchange_exit': np.float64(1.473055240455176), 'sebi_entry': np.float64(0.04981712072167969), 'sebi_exit': np.float64(0.049597819543945314), 'ipft_entry': np.float64(0.04981712072167969), 'ipft_exit': np.float64(0.049597819543945314), 'stamp_buy': np.float64(1.4945136216503907), 'stt_sell': np.float64(12.39945488598633), 'dp_sell': 16.5, 'gst': np.float64(10.737261649155656), 'fees_total': np.float64(84.28268376321269)}",Time,10,5610_rsi_enabled=False_rsi_min=50_rsi_exit_enabled=False_adx_enabled=False_adx_min=18_bb_enabled=True_bb_length=20_bb_stddev=2.0_sma_enabled=True_sma_length=50_macd_enabled=False_macd_fast=12_macd_slow=26_macd_signal=9_combination_mode=all_protective_exit=False_use_hard_stop=True_hard_stop_pct=5.0_use_trailing_stop=True_trailing_stop_pct=10.0
SHREECEM.NS,2019-10-24,2019-11-07,2,19859.734375,19601.28125,19869.6642421875,19591.480609375,39739.328484375,39182.96121875,-556.3672656249983,-636.9773529528521,-1.4000419404262323,-1.6028890704665617,-1.2739547059057044,80.61008732785383,"{'brokerage_entry': 20.0, 'brokerage_exit': 20.0, 'exchange_entry': np.float64(1.1802580559859375), 'exchange_exit': np.float64(1.1637339481968751), 'sebi_entry': np.float64(0.039739328484374996), 'sebi_exit': np.float64(0.03918296121875), 'ipft_entry': np.float64(0.039739328484374996), 'ipft_exit': np.float64(0.03918296121875), 'stamp_buy': np.float64(1.19217985453125), 'stt_sell': np.float64(9.7957403046875), 'dp_sell': 16.5, 'gst': np.float64(10.62033058504603), 'fees_total': np.float64(80.61008732785383)}",Time,10,5610_rsi_enabled=False_rsi_min=50_rsi_exit_enabled=False_adx_enabled=False_adx_min=18_bb_enabled=True_bb_length=20_bb_stddev=2.0_sma_enabled=True_sma_length=50_macd_enabled=False_macd_fast=12_macd_slow=26_macd_signal=9_combination_mode=all_protective_exit=False_use_hard_stop=True_hard_stop_pct=5.0_use_trailing_stop=True_trailing_stop_pct=10.0
SHREECEM.NS,2019-11-26,2019-12-06,2,20578.470703125,19859.443359375,20588.75993847656,19849.513637695312,41177.51987695312,39699.027275390625,-1478.492601562495,-1559.347952100432,-3.5905333929302548,-3.7868913833569473,-3.118695904200864,80.85535053793683,"{'brokerage_entry': 20.0, 'brokerage_exit': 20.0, 'exchange_entry': np.float64(1.2229723403455077), 'exchange_exit': np.float64(1.1790611100791015), 'sebi_entry': np.float64(0.04117751987695312), 'sebi_exit': np.float64(0.039699027275390625), 'ipft_entry': np.float64(0.04117751987695312), 'ipft_exit': np.float64(0.039699027275390625), 'stamp_buy': np.float64(1.2353255963085936), 'stt_sell': np.float64(9.924756818847657), 'dp_sell': 16.5, 'gst': np.float64(10.631481578051273), 'fees_total': np.float64(80.85535053793683)}",TwoRedBelow20,8,5610_rsi_enabled=False_rsi_min=50_rsi_exit_enabled=False_adx_enabled=False_adx_min=18_bb_enabled=True_bb_length=20_bb_stddev=2.0_sma_enabled=True_sma_length=50_macd_enabled=False_macd_fast=12_macd_slow=26_macd_signal=9_combination_mode=all_protective_exit=False_use_hard_stop=True_hard_stop_pct=5.0_use_trailing_stop=True_trailing_stop_pct=10.0
SHREECEM.NS,2020-05-20,2020-06-04,2,19071.931640625,21022.193359375,19081.467606445312,21011.682262695314,38162.935212890625,42023.36452539063,3860.429312500004,3779.1091345842597,10.115650934512065,9.902564133242448,7.55821826916852,81.32017791574452,"{'brokerage_entry': 20.0, 'brokerage_exit': 20.0, 'exchange_entry': np.float64(1.1334391758228515), 'exchange_exit': np.float64(1.2480939264041018), 'sebi_entry': np.float64(0.038162935212890624), 'sebi_exit': np.float64(0.04202336452539063), 'ipft_entry': np.float64(0.038162935212890624), 'ipft_exit': np.float64(0.04202336452539063), 'stamp_buy': np.float64(1.1448880563867188), 'stt_sell': np.float64(10.505841131347658), 'dp_sell': 16.5, 'gst': np.float64(10.627543026306633), 'fees_total': np.float64(81.32017791574452)}",Time,10,5610_rsi_enabled=False_rsi_min=50_rsi_exit_enabled=False_adx_enabled=False_adx_min=18_bb_enabled=True_bb_length=20_bb_stddev=2.0_sma_enabled=True_sma_length=50_macd_enabled=False_macd_fast=12_macd_slow=26_macd_signal=9_combination_mode=all_protective_exit=False_use_hard_stop=True_hard_stop_pct=5.0_use_trailing_stop=True_trailing_stop_pct=10.0
SHREECEM.NS,2020-10-07,2020-10-21,2,20350.015625,20777.400390625,20360.1906328125,20767.01169042969,40720.381265625,41534.02338085938,813.6421152343755,732.2901896909856,1.9981200812607058,1.798338244708834,1.4645803793819712,81.35192554338998,"{'brokerage_entry': 20.0, 'brokerage_exit': 20.0, 'exchange_entry': np.float64(1.2093953235890624), 'exchange_exit': np.float64(1.2335604944115235), 'sebi_entry': np.float64(0.040720381265625), 'sebi_exit': np.float64(0.041534023380859375), 'ipft_entry': np.float64(0.040720381265625), 'ipft_exit': np.float64(0.041534023380859375), 'stamp_buy': np.float64(1.2216114379687502), 'stt_sell': np.float64(10.383505845214845), 'dp_sell': 16.5, 'gst': np.float64(10.639343632912839), 'fees_total': np.float64(81.35192554338998)}",Time,10,5610_rsi_enabled=False_rsi_min=50_rsi_exit_enabled=False_adx_enabled=False_adx_min=18_bb_enabled=True_bb_length=20_bb_stddev=2.0_sma_enabled=True_sma_length=50_macd_enabled=False_macd_fast=12_macd_slow=26_macd_signal=9_combination_mode=all_protective_exit=False_use_hard_stop=True_hard_stop_pct=5.0_use_trailing_stop=True_trailing_stop_pct=10.0
SHREECEM.NS,2021-01-07,2021-01-18,2,24564.591796875,23336.36220703125,24576.874092773436,23324.694025927733,49153.74818554687,46649.388051855465,-2504.360133691407,-2587.7507052640335,-5.094952523738133,-5.264605041909975,-5.175501410528067,83.39057157262654,"{'brokerage_entry': 20.0, 'brokerage_exit': 20.0, 'exchange_entry': np.float64(1.459866321110742), 'exchange_exit': np.float64(1.3854868251401073), 'sebi_entry': np.float64(0.04915374818554687), 'sebi_exit': np.float64(0.046649388051855464), 'ipft_entry': np.float64(0.04915374818554687), 'ipft_exit': np.float64(0.046649388051855464), 'stamp_buy': np.float64(1.4746124455664062), 'stt_sell': np.float64(11.662347012963867), 'dp_sell': 16.5, 'gst': np.float64(10.716652695370616), 'fees_total': np.float64(83.39057157262654)}",HSL,7,5610_rsi_enabled=False_rsi_min=50_rsi_exit_enabled=False_adx_enabled=False_adx_min=18_bb_enabled=True_bb_length=20_bb_stddev=2.0_sma_enabled=True_sma_length=50_macd_enabled=False_macd_fast=12_macd_slow=26_macd_signal=9_combination_mode=all_protective_exit=False_use_hard_stop=True_hard_stop_pct=5.0_use_trailing_stop=True_trailing_stop_pct=10.0
SHREECEM.NS,2021-03-31,2021-04-16,1,28949.734375,30281.708984375,28964.2092421875,30266.568129882813,28964.2092421875,30266.568129882813,1302.3588876953145,1225.0377329271985,4.496442063394494,4.229487926578307,2.450075465854397,77.32115476811599,"{'brokerage_entry': 20.0, 'brokerage_exit': 20.0, 'exchange_entry': np.float64(0.8602370144929687), 'exchange_exit': np.float64(0.8989170734575196), 'sebi_entry': np.float64(0.028964209242187497), 'sebi_exit': np.float64(0.03026656812988281), 'ipft_entry': np.float64(0.028964209242187497), 'ipft_exit': np.float64(0.03026656812988281), 'stamp_buy': np.float64(0.868926277265625), 'stt_sell': np.float64(7.566642032470703), 'dp_sell': 16.5, 'gst': np.float64(10.507970815685033), 'fees_total': np.float64(77.32115476811599)}",Time,10,5610_rsi_enabled=False_rsi_min=50_rsi_exit_enabled=False_adx_enabled=False_adx_min=18_bb_enabled=True_bb_length=20_bb_stddev=2.0_sma_enabled=True_sma_length=50_macd_enabled=False_macd_fast=12_macd_slow=26_macd_signal=9_combination_mode=all_protective_exit=False_use_hard_stop=True_hard_stop_pct=5.0_use_trailing_stop=True_trailing_stop_pct=10.0
SHREECEM.NS,2021-09-02,2021-09-17,1,29856.359375,30088.919921875,29871.287554687497,30073.875461914064,29871.287554687497,30073.875461914064,202.58790722656704,125.2609909666489,0.6782027954291387,0.4193357609287001,0.25052198193329783,77.32691625991814,"{'brokerage_entry': 20.0, 'brokerage_exit': 20.0, 'exchange_entry': np.float64(0.8871772403742186), 'exchange_exit': np.float64(0.8931941012188477), 'sebi_entry': np.float64(0.029871287554687494), 'sebi_exit': np.float64(0.030073875461914062), 'ipft_entry': np.float64(0.029871287554687494), 'ipft_exit': np.float64(0.030073875461914062), 'stamp_buy': np.float64(0.8961386266406249), 'stt_sell': np.float64(7.518468865478516), 'dp_sell': 16.5, 'gst': np.float64(10.512047100172728), 'fees_total': np.float64(77.32691625991814)}",Time,10,5610_rsi_enabled=False_rsi_min=50_rsi_exit_enabled=False_adx_enabled=False_adx_min=18_bb_enabled=True_bb_length=20_bb_stddev=2.0_sma_enabled=True_sma_length=50_macd_enabled=False_macd_fast=12_macd_slow=26_macd_signal=9_combination_mode=all_protective_exit=False_use_hard_stop=True_hard_stop_pct=5.0_use_trailing_stop=True_trailing_stop_pct=10.0
SHREECEM.NS,2022-10-20,2022-10-24,2,21645.5234375,20804.001953125,21656.346199218748,20793.599952148437,43312.692398437495,41587.199904296875,-1725.4924941406207,-1807.034440260124,-3.983803357841748,-4.172066755021936,-3.614068880520248,81.54194611950344,"{'brokerage_entry': 20.0, 'brokerage_exit': 20.0, 'exchange_entry': np.float64(1.2863869642335937), 'exchange_exit': np.float64(1.2351398371576172), 'sebi_entry': np.float64(0.04331269239843749), 'sebi_exit': np.float64(0.04158719990429687), 'ipft_entry': np.float64(0.04331269239843749), 'ipft_exit': np.float64(0.04158719990429687), 'stamp_buy': np.float64(1.299380771953125), 'stt_sell': np.float64(10.396799976074218), 'dp_sell': 16.5, 'gst': np.float64(10.654438785479403), 'fees_total': np.float64(81.54194611950344)}",TwoRedBelow20,2,5610_rsi_enabled=False_rsi_min=50_rsi_exit_enabled=False_adx_enabled=False_adx_min=18_bb_enabled=True_bb_length=20_bb_stddev=2.0_sma_enabled=True_sma_length=50_macd_enabled=False_macd_fast=12_macd_slow=26_macd_signal=9_combination_mode=all_protective_exit=False_use_hard_stop=True_hard_stop_pct=5.0_use_trailing_stop=True_trailing_stop_pct=10.0
SHREECEM.NS,2023-01-13,2023-01-24,2,23863.9375,22670.740625,23875.86946875,22659.4052546875,47751.7389375,45318.810509375,-2432.928428125,-2515.842079893079,-5.094952523738132,-5.268587355920055,-5.031684159786157,82.91365176807855,"{'brokerage_entry': 20.0, 'brokerage_exit': 20.0, 'exchange_entry': np.float64(1.41822664644375), 'exchange_exit': np.float64(1.3459686721284374), 'sebi_entry': np.float64(0.047751738937499996), 'sebi_exit': np.float64(0.045318810509374995), 'ipft_entry': np.float64(0.047751738937499996), 'ipft_exit': np.float64(0.045318810509374995), 'stamp_buy': np.float64(1.432552168125), 'stt_sell': np.float64(11.32970262734375), 'dp_sell': 16.5, 'gst': np.float64(10.701060555143867), 'fees_total': np.float64(82.91365176807855)}",HSL,7,5610_rsi_enabled=False_rsi_min=50_rsi_exit_enabled=False_adx_enabled=False_adx_min=18_bb_enabled=True_bb_length=20_bb_stddev=2.0_sma_enabled=True_sma_length=50_macd_enabled=False_macd_fast=12_macd_slow=26_macd_signal=9_combination_mode=all_protective_exit=False_use_hard_stop=True_hard_stop_pct=5.0_use_trailing_stop=True_trailing_stop_pct=10.0
SHREECEM.NS,2023-05-29,2023-06-12,1,25017.953125,25523.408203125,25030.462101562498,25510.646499023438,25030.462101562498,25510.646499023438,480.1843974609401,404.49528126482386,1.918400049957388,1.6160120401435725,0.8089905625296477,75.68911619611625,"{'brokerage_entry': 20.0, 'brokerage_exit': 20.0, 'exchange_entry': np.float64(0.7434047244164061), 'exchange_exit': np.float64(0.7576662010209961), 'sebi_entry': np.float64(0.025030462101562498), 'sebi_exit': np.float64(0.02551064649902344), 'ipft_entry': np.float64(0.025030462101562498), 'ipft_exit': np.float64(0.02551064649902344), 'stamp_buy': np.float64(0.7509138630468749), 'stt_sell': np.float64(6.377661624755859), 'dp_sell': 16.5, 'gst': np.float64(10.458387565674942), 'fees_total': np.float64(75.68911619611625)}",Time,10,5610_rsi_enabled=False_rsi_min=50_rsi_exit_enabled=False_adx_enabled=False_adx_min=18_bb_enabled=True_bb_length=20_bb_stddev=2.0_sma_enabled=True_sma_length=50_macd_enabled=False_macd_fast=12_macd_slow=26_macd_signal=9_combination_mode=all_protective_exit=False_use_hard_stop=True_hard_stop_pct=5.0_use_trailing_stop=True_trailing_stop_pct=10.0
SHREECEM.NS,2023-09-04,2023-09-18,1,25479.888671875,26194.955078125,25492.628616210935,26181.85760058594,25492.628616210935,26181.85760058594,689.2289843750041,613.3158052849458,2.7036403140346175,2.405855490692451,1.2266316105698916,75.91317909005832,"{'brokerage_entry': 20.0, 'brokerage_exit': 20.0, 'exchange_entry': np.float64(0.7571310699014648), 'exchange_exit': np.float64(0.7776011707374024), 'sebi_entry': np.float64(0.025492628616210933), 'sebi_exit': np.float64(0.026181857600585938), 'ipft_entry': np.float64(0.025492628616210933), 'ipft_exit': np.float64(0.026181857600585938), 'stamp_buy': np.float64(0.7647788584863281), 'stt_sell': np.float64(6.545464400146485), 'dp_sell': 16.5, 'gst': np.float64(10.464854618353042), 'fees_total': np.float64(75.91317909005832)}",Time,10,5610_rsi_enabled=False_rsi_min=50_rsi_exit_enabled=False_adx_enabled=False_adx_min=18_bb_enabled=True_bb_length=20_bb_stddev=2.0_sma_enabled=True_sma_length=50_macd_enabled=False_macd_fast=12_macd_slow=26_macd_signal=9_combination_mode=all_protective_exit=False_use_hard_stop=True_hard_stop_pct=5.0_use_trailing_stop=True_trailing_stop_pct=10.0
SHREECEM.NS,2023-12-04,2023-12-18,1,27510.064453125,28343.794921875,27523.81948535156,28329.623024414064,27523.81948535156,28329.623024414064,805.8035390625046,729.1361648513202,2.9276588574175215,2.649109674765065,1.4582723297026405,76.66737421118434,"{'brokerage_entry': 20.0, 'brokerage_exit': 20.0, 'exchange_entry': np.float64(0.8174574387149414), 'exchange_exit': np.float64(0.8413898038250978), 'sebi_entry': np.float64(0.02752381948535156), 'sebi_exit': np.float64(0.028329623024414063), 'ipft_entry': np.float64(0.02752381948535156), 'ipft_exit': np.float64(0.028329623024414063), 'stamp_buy': np.float64(0.8257145845605468), 'stt_sell': np.float64(7.082405756103516), 'dp_sell': 16.5, 'gst': np.float64(10.488699742960721), 'fees_total': np.float64(76.66737421118434)}",Time,10,5610_rsi_enabled=False_rsi_min=50_rsi_exit_enabled=False_adx_enabled=False_adx_min=18_bb_enabled=True_bb_length=20_bb_stddev=2.0_sma_enabled=True_sma_length=50_macd_enabled=False_macd_fast=12_macd_slow=26_macd_signal=9_combination_mode=all_protective_exit=False_use_hard_stop=True_hard_stop_pct=5.0_use_trailing_stop=True_trailing_stop_pct=10.0
SHREECEM.NS,2024-10-01,2024-10-07,1,26424.1796875,25281.662109375,26437.39177734375,25269.021278320313,26437.39177734375,25269.021278320313,-1168.3704990234364,-1244.085006183097,-4.419386408702781,-4.70577815187219,-2.488170012366194,75.71450715966056,"{'brokerage_entry': 20.0, 'brokerage_exit': 20.0, 'exchange_entry': np.float64(0.7851905357871094), 'exchange_exit': np.float64(0.7504899319661134), 'sebi_entry': np.float64(0.02643739177734375), 'sebi_exit': np.float64(0.025269021278320314), 'ipft_entry': np.float64(0.02643739177734375), 'ipft_exit': np.float64(0.025269021278320314), 'stamp_buy': np.float64(0.7931217533203125), 'stt_sell': np.float64(6.317255319580078), 'dp_sell': 16.5, 'gst': np.float64(10.465036792895619), 'fees_total': np.float64(75.71450715966056)}",TwoRedBelow20,3,5610_rsi_enabled=False_rsi_min=50_rsi_exit_enabled=False_adx_enabled=False_adx_min=18_bb_enabled=True_bb_length=20_bb_stddev=2.0_sma_enabled=True_sma_length=50_macd_enabled=False_macd_fast=12_macd_slow=26_macd_signal=9_combination_mode=all_protective_exit=False_use_hard_stop=True_hard_stop_pct=5.0_use_trailing_stop=True_trailing_stop_pct=10.0
SHREECEM.NS,2024-11-29,2024-12-13,1,25979.048828125,27488.388671875,25992.03835253906,27474.644477539063,25992.03835253906,27474.644477539063,1482.606125000002,1406.2877279920992,5.704077936831653,5.410455728473964,2.8125754559841987,76.31839700790283,"{'brokerage_entry': 20.0, 'brokerage_exit': 20.0, 'exchange_entry': np.float64(0.7719635390704102), 'exchange_exit': np.float64(0.8159969409829102), 'sebi_entry': np.float64(0.02599203835253906), 'sebi_exit': np.float64(0.02747464447753906), 'ipft_entry': np.float64(0.02599203835253906), 'ipft_exit': np.float64(0.02747464447753906), 'stamp_buy': np.float64(0.7797611505761718), 'stt_sell': np.float64(6.8686611193847655), 'dp_sell': 16.5, 'gst': np.float64(10.475080892228426), 'fees_total': np.float64(76.31839700790283)}",Time,10,5610_rsi_enabled=False_rsi_min=50_rsi_exit_enabled=False_adx_enabled=False_adx_min=18_bb_enabled=True_bb_length=20_bb_stddev=2.0_sma_enabled=True_sma_length=50_macd_enabled=False_macd_fast=12_macd_slow=26_macd_signal=9_combination_mode=all_protective_exit=False_use_hard_stop=True_hard_stop_pct=5.0_use_trailing_stop=True_trailing_stop_pct=10.0
SOLARINDS.NS,2015-05-25,2015-06-03,73,678.834716796875,649.4354248046875,679.1741341552734,649.1107070922852,49579.71179333495,47385.08161773682,-2194.630175598133,-2278.260902418702,-4.426468198819097,-4.595147531141903,-4.556521804837404,83.63072682056881,"{'brokerage_entry': 20.0, 'brokerage_exit': 20.0, 'exchange_entry': np.float64(1.472517440262048), 'exchange_exit': np.float64(1.4073369240467835), 'sebi_entry': np.float64(0.04957971179333495), 'sebi_exit': np.float64(0.047385081617736816), 'ipft_entry': np.float64(0.04957971179333495), 'ipft_exit': np.float64(0.047385081617736816), 'stamp_buy': np.float64(1.4873913538000485), 'stt_sell': np.float64(11.846270404434204), 'dp_sell': 16.5, 'gst': np.float64(10.723281111203576), 'fees_total': np.float64(83.63072682056881)}",TwoRedBelow20,7,5610_rsi_enabled=False_rsi_min=50_rsi_exit_enabled=False_adx_enabled=False_adx_min=18_bb_enabled=True_bb_length=20_bb_stddev=2.0_sma_enabled=True_sma_length=50_macd_enabled=False_macd_fast=12_macd_slow=26_macd_signal=9_combination_mode=all_protective_exit=False_use_hard_stop=True_hard_stop_pct=5.0_use_trailing_stop=True_trailing_stop_pct=10.0
SOLARINDS.NS,2015-12-24,2016-01-08,76,655.6687622070312,691.4092407226562,655.9965965881347,691.063536102295,49855.74134069824,52520.828743774415,2665.087403076177,2579.9620256694325,5.345597781534968,5.174854402502602,5.159924051338865,85.12537740674433,"{'brokerage_entry': 20.0, 'brokerage_exit': 20.0, 'exchange_entry': np.float64(1.4807155178187377), 'exchange_exit': np.float64(1.5598686136901), 'sebi_entry': np.float64(0.049855741340698236), 'sebi_exit': np.float64(0.052520828743774416), 'ipft_entry': np.float64(0.049855741340698236), 'ipft_exit': np.float64(0.052520828743774416), 'stamp_buy': np.float64(1.4956722402209472), 'stt_sell': np.float64(13.130207185943604), 'dp_sell': 16.5, 'gst': np.float64(10.754160708902), 'fees_total': np.float64(85.12537740674433)}",Time,10,5610_rsi_enabled=False_rsi_min=50_rsi_exit_enabled=False_adx_enabled=False_adx_min=18_bb_enabled=True_bb_length=20_bb_stddev=2.0_sma_enabled=True_sma_length=50_macd_enabled=False_macd_fast=12_macd_slow=26_macd_signal=9_combination_mode=all_protective_exit=False_use_hard_stop=True_hard_stop_pct=5.0_use_trailing_stop=True_trailing_stop_pct=10.0
SOLARINDS.NS,2016-03-18,2016-04-05,75,658.9124755859375,665.5208740234375,659.2419318237304,665.1881135864259,49443.14488677978,49889.10851898194,445.96363220216153,361.62243845491673,0.9019726257772982,0.7313904471145567,0.7232448769098334,84.3411937472448,"{'brokerage_entry': 20.0, 'brokerage_exit': 20.0, 'exchange_entry': np.float64(1.4684614031373595), 'exchange_exit': np.float64(1.4817065230137636), 'sebi_entry': np.float64(0.049443144886779776), 'sebi_exit': np.float64(0.04988910851898194), 'ipft_entry': np.float64(0.049443144886779776), 'ipft_exit': np.float64(0.04988910851898194), 'stamp_buy': np.float64(1.4832943466033934), 'stt_sell': np.float64(12.472277129745486), 'dp_sell': 16.5, 'gst': np.float64(10.736789837933276), 'fees_total': np.float64(84.3411937472448)}",Time,10,5610_rsi_enabled=False_rsi_min=50_rsi_exit_enabled=False_adx_enabled=False_adx_min=18_bb_enabled=True_bb_length=20_bb_stddev=2.0_sma_enabled=True_sma_length=50_macd_enabled=False_macd_fast=12_macd_slow=26_macd_signal=9_combination_mode=all_protective_exit=False_use_hard_stop=True_hard_stop_pct=5.0_use_trailing_stop=True_trailing_stop_pct=10.0
SOLARINDS.NS,2016-08-31,2016-09-14,78,637.2295532226562,605.3680755615234,637.5481679992675,605.0653915237426,49728.757103942866,47195.100538851926,-2533.6565650909397,-2617.2427367577575,-5.094952523738126,-5.263036699845939,-5.234485473515515,83.58617166681763,"{'brokerage_entry': 20.0, 'brokerage_exit': 20.0, 'exchange_entry': np.float64(1.476944085987103), 'exchange_exit': np.float64(1.4016944860039022), 'sebi_entry': np.float64(0.04972875710394287), 'sebi_exit': np.float64(0.047195100538851925), 'ipft_entry': np.float64(0.04972875710394287), 'ipft_exit': np.float64(0.047195100538851925), 'stamp_buy': np.float64(1.491862713118286), 'stt_sell': np.float64(11.798775134712981), 'dp_sell': 16.5, 'gst': np.float64(10.723047531709785), 'fees_total': np.float64(83.58617166681763)}",HSL,8,5610_rsi_enabled=False_rsi_min=50_rsi_exit_enabled=False_adx_enabled=False_adx_min=18_bb_enabled=True_bb_length=20_bb_stddev=2.0_sma_enabled=True_sma_length=50_macd_enabled=False_macd_fast=12_macd_slow=26_macd_signal=9_combination_mode=all_protective_exit=False_use_hard_stop=True_hard_stop_pct=5.0_use_trailing_stop=True_trailing_stop_pct=10.0
SOLARINDS.NS,2016-11-08,2016-11-09,74,666.3529052734375,633.0352600097656,666.6860817260742,632.7187423797608,49334.77004772949,46821.1869361023,-2513.5831116271947,-2597.0352611895896,-5.094952523738126,-5.264107360137806,-5.19407052237918,83.45214956239465,"{'brokerage_entry': 20.0, 'brokerage_exit': 20.0, 'exchange_entry': np.float64(1.465242670417566), 'exchange_exit': np.float64(1.3905892520022383), 'sebi_entry': np.float64(0.049334770047729494), 'sebi_exit': np.float64(0.046821186936102294), 'ipft_entry': np.float64(0.049334770047729494), 'ipft_exit': np.float64(0.046821186936102294), 'stamp_buy': np.float64(1.4800431014318849), 'stt_sell': np.float64(11.705296734025575), 'dp_sell': 16.5, 'gst': np.float64(10.718665890549742), 'fees_total': np.float64(83.45214956239465)}",HSL,1,5610_rsi_enabled=False_rsi_min=50_rsi_exit_enabled=False_adx_enabled=False_adx_min=18_bb_enabled=True_bb_length=20_bb_stddev=2.0_sma_enabled=True_sma_length=50_macd_enabled=False_macd_fast=12_macd_slow=26_macd_signal=9_combination_mode=all_protective_exit=False_use_hard_stop=True_hard_stop_pct=5.0_use_trailing_stop=True_trailing_stop_pct=10.0
SOLARINDS.NS,2017-03-17,2017-03-31,69,714.8474731445312,764.7160034179688,715.2048968811034,764.3336454162599,49349.13788479614,52739.02153372193,3389.8836489257883,3304.7297097146047,6.869185145319771,6.6966310889348915,6.609459419429209,85.15393921118346,"{'brokerage_entry': 20.0, 'brokerage_exit': 20.0, 'exchange_entry': np.float64(1.4656693951784454), 'exchange_exit': np.float64(1.5663489395515413), 'sebi_entry': np.float64(0.04934913788479613), 'sebi_exit': np.float64(0.052739021533721925), 'ipft_entry': np.float64(0.04934913788479613), 'ipft_exit': np.float64(0.052739021533721925), 'stamp_buy': np.float64(1.4804741365438843), 'stt_sell': np.float64(13.184755383430481), 'dp_sell': 16.5, 'gst': np.float64(10.752515037642064), 'fees_total': np.float64(85.15393921118346)}",Time,10,5610_rsi_enabled=False_rsi_min=50_rsi_exit_enabled=False_adx_enabled=False_adx_min=18_bb_enabled=True_bb_length=20_bb_stddev=2.0_sma_enabled=True_sma_length=50_macd_enabled=False_macd_fast=12_macd_slow=26_macd_signal=9_combination_mode=all_protective_exit=False_use_hard_stop=True_hard_stop_pct=5.0_use_trailing_stop=True_trailing_stop_pct=10.0
SOLARINDS.NS,2017-10-09,2017-10-24,51,974.9649047851562,966.3006591796875,975.4523872375488,965.8175088500977,49748.07174911499,49256.692951354984,-491.3787977600077,-575.5587853787057,-0.9877343593096133,-1.1569469230512333,-1.1511175707574115,84.17998761869796,"{'brokerage_entry': 20.0, 'brokerage_exit': 20.0, 'exchange_entry': np.float64(1.4775177309487153), 'exchange_exit': np.float64(1.462923780655243), 'sebi_entry': np.float64(0.04974807174911499), 'sebi_exit': np.float64(0.04925669295135498), 'ipft_entry': np.float64(0.04974807174911499), 'ipft_exit': np.float64(0.04925669295135498), 'stamp_buy': np.float64(1.4924421524734497), 'stt_sell': np.float64(12.314173237838746), 'dp_sell': 16.5, 'gst': np.float64(10.73492118738088), 'fees_total': np.float64(84.17998761869796)}",Time,10,5610_rsi_enabled=False_rsi_min=50_rsi_exit_enabled=False_adx_enabled=False_adx_min=18_bb_enabled=True_bb_length=20_bb_stddev=2.0_sma_enabled=True_sma_length=50_macd_enabled=False_macd_fast=12_macd_slow=26_macd_signal=9_combination_mode=all_protective_exit=False_use_hard_stop=True_hard_stop_pct=5.0_use_trailing_stop=True_trailing_stop_pct=10.0
SOLARINDS.NS,2018-03-27,2018-04-12,48,1024.126708984375,1044.716552734375,1024.638772338867,1044.1941944580078,49182.66107226562,50121.32133398438,938.66026171876,854.2698867872077,1.9085186552625877,1.736933033232997,1.7085397735744154,84.39037493155224,"{'brokerage_entry': 20.0, 'brokerage_exit': 20.0, 'exchange_entry': np.float64(1.460725033846289), 'exchange_exit': np.float64(1.4886032436193362), 'sebi_entry': np.float64(0.04918266107226562), 'sebi_exit': np.float64(0.05012132133398438), 'ipft_entry': np.float64(0.04918266107226562), 'ipft_exit': np.float64(0.05012132133398438), 'stamp_buy': np.float64(1.4754798321679685), 'stt_sell': np.float64(12.530330333496096), 'dp_sell': 16.5, 'gst': np.float64(10.736628523610062), 'fees_total': np.float64(84.39037493155224)}",Time,10,5610_rsi_enabled=False_rsi_min=50_rsi_exit_enabled=False_adx_enabled=False_adx_min=18_bb_enabled=True_bb_length=20_bb_stddev=2.0_sma_enabled=True_sma_length=50_macd_enabled=False_macd_fast=12_macd_slow=26_macd_signal=9_combination_mode=all_protective_exit=False_use_hard_stop=True_hard_stop_pct=5.0_use_trailing_stop=True_trailing_stop_pct=10.0
SOLARINDS.NS,2018-08-01,2018-08-16,41,1212.434814453125,1207.5897216796875,1213.0410318603515,1206.9859268188477,49734.68230627441,49486.42299957276,-248.25930670164962,-332.50441758580155,-0.4991673721223908,-0.6685564321858624,-0.665008835171603,84.24511088415193,"{'brokerage_entry': 20.0, 'brokerage_exit': 20.0, 'exchange_entry': np.float64(1.47712006449635), 'exchange_exit': np.float64(1.469746763087311), 'sebi_entry': np.float64(0.049734682306274404), 'sebi_exit': np.float64(0.04948642299957275), 'ipft_entry': np.float64(0.049734682306274404), 'ipft_exit': np.float64(0.04948642299957275), 'stamp_buy': np.float64(1.4920404691882323), 'stt_sell': np.float64(12.37160574989319), 'dp_sell': 16.5, 'gst': np.float64(10.736155626875162), 'fees_total': np.float64(84.24511088415193)}",Time,10,5610_rsi_enabled=False_rsi_min=50_rsi_exit_enabled=False_adx_enabled=False_adx_min=18_bb_enabled=True_bb_length=20_bb_stddev=2.0_sma_enabled=True_sma_length=50_macd_enabled=False_macd_fast=12_macd_slow=26_macd_signal=9_combination_mode=all_protective_exit=False_use_hard_stop=True_hard_stop_pct=5.0_use_trailing_stop=True_trailing_stop_pct=10.0
SOLARINDS.NS,2019-12-23,2020-01-07,47,1050.827880859375,1089.77294921875,1051.3532947998046,1089.2280627441407,49413.60485559082,51193.718948974616,1780.114093383796,1695.399937946651,3.602477695335332,3.431038765338789,3.3907998758933022,84.71415543714494,"{'brokerage_entry': 20.0, 'brokerage_exit': 20.0, 'exchange_entry': np.float64(1.4675840642110474), 'exchange_exit': np.float64(1.5204534527845461), 'sebi_entry': np.float64(0.04941360485559082), 'sebi_exit': np.float64(0.05119371894897461), 'ipft_entry': np.float64(0.04941360485559082), 'ipft_exit': np.float64(0.05119371894897461), 'stamp_buy': np.float64(1.4824081456677247), 'stt_sell': np.float64(12.798429737243655), 'dp_sell': 16.5, 'gst': np.float64(10.744065389628847), 'fees_total': np.float64(84.71415543714494)}",Time,10,5610_rsi_enabled=False_rsi_min=50_rsi_exit_enabled=False_adx_enabled=False_adx_min=18_bb_enabled=True_bb_length=20_bb_stddev=2.0_sma_enabled=True_sma_length=50_macd_enabled=False_macd_fast=12_macd_slow=26_macd_signal=9_combination_mode=all_protective_exit=False_use_hard_stop=True_hard_stop_pct=5.0_use_trailing_stop=True_trailing_stop_pct=10.0
SOLARINDS.NS,2021-05-24,2021-05-31,38,1299.81689453125,1424.9765586837077,1300.4668029785155,1424.2640704043658,49417.73851318359,54122.0346753659,4704.296162182312,4618.740112602184,9.519448488981961,9.34632027196065,9.237480225204369,85.55604958012788,"{'brokerage_entry': 20.0, 'brokerage_exit': 20.0, 'exchange_entry': np.float64(1.4677068338415526), 'exchange_exit': np.float64(1.6074244298583673), 'sebi_entry': np.float64(0.04941773851318359), 'sebi_exit': np.float64(0.0541220346753659), 'ipft_entry': np.float64(0.04941773851318359), 'ipft_exit': np.float64(0.0541220346753659), 'stamp_buy': np.float64(1.4825321553955078), 'stt_sell': np.float64(13.530508668841476), 'dp_sell': 16.5, 'gst': np.float64(10.760797945813865), 'fees_total': np.float64(85.55604958012788)}",TSL,5,5610_rsi_enabled=False_rsi_min=50_rsi_exit_enabled=False_adx_enabled=False_adx_min=18_bb_enabled=True_bb_length=20_bb_stddev=2.0_sma_enabled=True_sma_length=50_macd_enabled=False_macd_fast=12_macd_slow=26_macd_signal=9_combination_mode=all_protective_exit=False_use_hard_stop=True_hard_stop_pct=5.0_use_trailing_stop=True_trailing_stop_pct=10.0
SOLARINDS.NS,2021-09-03,2021-09-20,28,1757.239990234375,1915.882568359375,1758.118610229492,1914.9246270751955,49227.32108642578,53617.889558105475,4390.568471679697,4305.170151708208,8.91896689639359,8.745489408513315,8.610340303416416,85.39831997148848,"{'brokerage_entry': 20.0, 'brokerage_exit': 20.0, 'exchange_entry': np.float64(1.4620514362668455), 'exchange_exit': np.float64(1.5924513198757326), 'sebi_entry': np.float64(0.049227321086425774), 'sebi_exit': np.float64(0.05361788955810547), 'ipft_entry': np.float64(0.049227321086425774), 'ipft_exit': np.float64(0.05361788955810547), 'stamp_buy': np.float64(1.4768196325927734), 'stt_sell': np.float64(13.404472389526369), 'dp_sell': 16.5, 'gst': np.float64(10.756834771937696), 'fees_total': np.float64(85.39831997148848)}",Time,10,5610_rsi_enabled=False_rsi_min=50_rsi_exit_enabled=False_adx_enabled=False_adx_min=18_bb_enabled=True_bb_length=20_bb_stddev=2.0_sma_enabled=True_sma_length=50_macd_enabled=False_macd_fast=12_macd_slow=26_macd_signal=9_combination_mode=all_protective_exit=False_use_hard_stop=True_hard_stop_pct=5.0_use_trailing_stop=True_trailing_stop_pct=10.0
SOLARINDS.NS,2022-07-25,2022-08-01,17,2828.17138671875,2686.7628173828125,2829.585472412109,2685.4194359741214,48102.953031005854,45652.130411560065,-2450.8226194457893,-2533.855743290862,-5.094952523738107,-5.267567963358939,-5.067711486581724,83.03312384507282,"{'brokerage_entry': 20.0, 'brokerage_exit': 20.0, 'exchange_entry': np.float64(1.428657705020874), 'exchange_exit': np.float64(1.355868273223334), 'sebi_entry': np.float64(0.048102953031005855), 'sebi_exit': np.float64(0.04565213041156006), 'ipft_entry': np.float64(0.048102953031005855), 'ipft_exit': np.float64(0.04565213041156006), 'stamp_buy': np.float64(1.4430885909301756), 'stt_sell': np.float64(11.413032602890016), 'dp_sell': 16.5, 'gst': np.float64(10.70496650612328), 'fees_total': np.float64(83.03312384507282)}",HSL,5,5610_rsi_enabled=False_rsi_min=50_rsi_exit_enabled=False_adx_enabled=False_adx_min=18_bb_enabled=True_bb_length=20_bb_stddev=2.0_sma_enabled=True_sma_length=50_macd_enabled=False_macd_fast=12_macd_slow=26_macd_signal=9_combination_mode=all_protective_exit=False_use_hard_stop=True_hard_stop_pct=5.0_use_trailing_stop=True_trailing_stop_pct=10.0
SOLARINDS.NS,2022-11-04,2022-11-18,12,3995.048583984375,3938.292236328125,3997.046108276367,3936.3230902099613,47964.5532993164,47235.87708251954,-728.6762167968627,-812.155189965335,-1.5191973377707824,-1.6932403912889353,-1.62431037993067,83.47897316847234,"{'brokerage_entry': 20.0, 'brokerage_exit': 20.0, 'exchange_entry': np.float64(1.424547232989697), 'exchange_exit': np.float64(1.4029055493508302), 'sebi_entry': np.float64(0.0479645532993164), 'sebi_exit': np.float64(0.047235877082519535), 'ipft_entry': np.float64(0.0479645532993164), 'ipft_exit': np.float64(0.047235877082519535), 'stamp_buy': np.float64(1.438936598979492), 'stt_sell': np.float64(11.808969270629884), 'dp_sell': 16.5, 'gst': np.float64(10.713213655758755), 'fees_total': np.float64(83.47897316847234)}",TwoRedBelow20,9,5610_rsi_enabled=False_rsi_min=50_rsi_exit_enabled=False_adx_enabled=False_adx_min=18_bb_enabled=True_bb_length=20_bb_stddev=2.0_sma_enabled=True_sma_length=50_macd_enabled=False_macd_fast=12_macd_slow=26_macd_signal=9_combination_mode=all_protective_exit=False_use_hard_stop=True_hard_stop_pct=5.0_use_trailing_stop=True_trailing_stop_pct=10.0
SOLARINDS.NS,2024-02-14,2024-02-16,7,7010.70458984375,6660.169360351562,7014.209942138671,6656.8392756713865,49099.469594970695,46597.874929699705,-2501.59466527099,-2584.966772960554,-5.09495252373812,-5.264754984696076,-5.169933545921108,83.37210768956388,"{'brokerage_entry': 20.0, 'brokerage_exit': 20.0, 'exchange_entry': np.float64(1.4582542469706297), 'exchange_exit': np.float64(1.3839568854120812), 'sebi_entry': np.float64(0.04909946959497069), 'sebi_exit': np.float64(0.046597874929699704), 'ipft_entry': np.float64(0.04909946959497069), 'ipft_exit': np.float64(0.046597874929699704), 'stamp_buy': np.float64(1.472984087849121), 'stt_sell': np.float64(11.649468732424927), 'dp_sell': 16.5, 'gst': np.float64(10.716049047857771), 'fees_total': np.float64(83.37210768956388)}",HSL,2,5610_rsi_enabled=False_rsi_min=50_rsi_exit_enabled=False_adx_enabled=False_adx_min=18_bb_enabled=True_bb_length=20_bb_stddev=2.0_sma_enabled=True_sma_length=50_macd_enabled=False_macd_fast=12_macd_slow=26_macd_signal=9_combination_mode=all_protective_exit=False_use_hard_stop=True_hard_stop_pct=5.0_use_trailing_stop=True_trailing_stop_pct=10.0
SOLARINDS.NS,2024-03-04,2024-03-06,6,7278.6455078125,7028.580299226309,7282.284830566406,7025.066009076696,43693.708983398436,42150.39605446017,-1543.3129289382632,-1625.0424238144265,-3.5321170137436715,-3.7191679571808987,-3.2500848476288526,81.72949487616313,"{'brokerage_entry': 20.0, 'brokerage_exit': 20.0, 'exchange_entry': np.float64(1.2977031568069335), 'exchange_exit': np.float64(1.2518667628174671), 'sebi_entry': np.float64(0.04369370898339844), 'sebi_exit': np.float64(0.04215039605446017), 'ipft_entry': np.float64(0.04369370898339844), 'ipft_exit': np.float64(0.04215039605446017), 'stamp_buy': np.float64(1.3108112695019531), 'stt_sell': np.float64(10.537599013615043), 'dp_sell': 16.5, 'gst': np.float64(10.65982646334602), 'fees_total': np.float64(81.72949487616313)}",TSL,2,5610_rsi_enabled=False_rsi_min=50_rsi_exit_enabled=False_adx_enabled=False_adx_min=18_bb_enabled=True_bb_length=20_bb_stddev=2.0_sma_enabled=True_sma_length=50_macd_enabled=False_macd_fast=12_macd_slow=26_macd_signal=9_combination_mode=all_protective_exit=False_use_hard_stop=True_hard_stop_pct=5.0_use_trailing_stop=True_trailing_stop_pct=10.0
SOLARINDS.NS,2024-05-22,2024-05-28,5,9932.5888671875,9435.959423828124,9937.555161621092,9431.241444116211,49687.77580810546,47156.207220581055,-2531.568587524409,-2615.1408186329686,-5.0949525237381215,-5.263147275363383,-5.230281637265937,83.57223110855948,"{'brokerage_entry': 20.0, 'brokerage_exit': 20.0, 'exchange_entry': np.float64(1.4757269415007324), 'exchange_exit': np.float64(1.4005393544512574), 'sebi_entry': np.float64(0.04968777580810546), 'sebi_exit': np.float64(0.04715620722058105), 'ipft_entry': np.float64(0.04968777580810546), 'ipft_exit': np.float64(0.04715620722058105), 'stamp_buy': np.float64(1.490633274243164), 'stt_sell': np.float64(11.789051805145263), 'dp_sell': 16.5, 'gst': np.float64(10.722591767161683), 'fees_total': np.float64(83.57223110855948)}",HSL,4,5610_rsi_enabled=False_rsi_min=50_rsi_exit_enabled=False_adx_enabled=False_adx_min=18_bb_enabled=True_bb_length=20_bb_stddev=2.0_sma_enabled=True_sma_length=50_macd_enabled=False_macd_fast=12_macd_slow=26_macd_signal=9_combination_mode=all_protective_exit=False_use_hard_stop=True_hard_stop_pct=5.0_use_trailing_stop=True_trailing_stop_pct=10.0
TVSMOTOR.NS,2015-06-22,2015-07-06,216,230.9019317626953,249.46450805664062,231.01738272857665,249.3397758026123,49899.75466937256,53857.39157336426,3957.636903991697,3872.1244236459193,7.931175073333202,7.759806534725409,7.744248847291839,85.51248034577806,"{'brokerage_entry': 20.0, 'brokerage_exit': 20.0, 'exchange_entry': np.float64(1.482022713680365), 'exchange_exit': np.float64(1.5995645297289185), 'sebi_entry': np.float64(0.049899754669372555), 'sebi_exit': np.float64(0.053857391573364256), 'ipft_entry': np.float64(0.049899754669372555), 'ipft_exit': np.float64(0.053857391573364256), 'stamp_buy': np.float64(1.4969926400811768), 'stt_sell': np.float64(13.464347893341065), 'dp_sell': 16.5, 'gst': np.float64(10.762038276461057), 'fees_total': np.float64(85.51248034577806)}",Time,10,5610_rsi_enabled=False_rsi_min=50_rsi_exit_enabled=False_adx_enabled=False_adx_min=18_bb_enabled=True_bb_length=20_bb_stddev=2.0_sma_enabled=True_sma_length=50_macd_enabled=False_macd_fast=12_macd_slow=26_macd_signal=9_combination_mode=all_protective_exit=False_use_hard_stop=True_hard_stop_pct=5.0_use_trailing_stop=True_trailing_stop_pct=10.0
TVSMOTOR.NS,2016-02-01,2016-02-04,179,278.39208984375,264.4724853515625,278.53128588867185,264.3402491088867,49857.10017407226,47316.904590490725,-2540.1955835815315,-2623.8254135565994,-5.094952523738109,-5.26269158133087,-5.247650827113199,83.62982997506809,"{'brokerage_entry': 20.0, 'brokerage_exit': 20.0, 'exchange_entry': np.float64(1.4807558751699461), 'exchange_exit': np.float64(1.4053120663375747), 'sebi_entry': np.float64(0.04985710017407225), 'sebi_exit': np.float64(0.047316904590490726), 'ipft_entry': np.float64(0.04985710017407225), 'ipft_exit': np.float64(0.047316904590490726), 'stamp_buy': np.float64(1.4957130052221677), 'stt_sell': np.float64(11.829226147622682), 'dp_sell': 16.5, 'gst': np.float64(10.724474871186596), 'fees_total': np.float64(83.62982997506809)}",HSL,3,5610_rsi_enabled=False_rsi_min=50_rsi_exit_enabled=False_adx_enabled=False_adx_min=18_bb_enabled=True_bb_length=20_bb_stddev=2.0_sma_enabled=True_sma_length=50_macd_enabled=False_macd_fast=12_macd_slow=26_macd_signal=9_combination_mode=all_protective_exit=False_use_hard_stop=True_hard_stop_pct=5.0_use_trailing_stop=True_trailing_stop_pct=10.0
TVSMOTOR.NS,2017-11-23,2017-12-07,70,706.3047485351562,718.7247924804688,706.6579009094238,718.3654300842286,49466.05306365967,50285.580105896,819.5270422363319,735.0703560276077,1.6567463775241025,1.4860097187896086,1.4701407120552152,84.4566862087242,"{'brokerage_entry': 20.0, 'brokerage_exit': 20.0, 'exchange_entry': np.float64(1.4691417759906922), 'exchange_exit': np.float64(1.4934817291451112), 'sebi_entry': np.float64(0.049466053063659664), 'sebi_exit': np.float64(0.050285580105896), 'ipft_entry': np.float64(0.049466053063659664), 'ipft_exit': np.float64(0.050285580105896), 'stamp_buy': np.float64(1.48398159190979), 'stt_sell': np.float64(12.571395026474), 'dp_sell': 16.5, 'gst': np.float64(10.739182818865483), 'fees_total': np.float64(84.4566862087242)}",Time,10,5610_rsi_enabled=False_rsi_min=50_rsi_exit_enabled=False_adx_enabled=False_adx_min=18_bb_enabled=True_bb_length=20_bb_stddev=2.0_sma_enabled=True_sma_length=50_macd_enabled=False_macd_fast=12_macd_slow=26_macd_signal=9_combination_mode=all_protective_exit=False_use_hard_stop=True_hard_stop_pct=5.0_use_trailing_stop=True_trailing_stop_pct=10.0
TVSMOTOR.NS,2018-10-29,2018-11-13,93,532.41064453125,526.18896484375,532.6768498535156,525.9258703613282,49538.94703637695,48911.10594360352,-627.8410927734294,-711.9076603521908,-1.2673686671466782,-1.4370665969735483,-1.4238153207043815,84.06656757876132,"{'brokerage_entry': 20.0, 'brokerage_exit': 20.0, 'exchange_entry': np.float64(1.4713067269803954), 'exchange_exit': np.float64(1.4526598465250247), 'sebi_entry': np.float64(0.04953894703637695), 'sebi_exit': np.float64(0.04891110594360352), 'ipft_entry': np.float64(0.04953894703637695), 'ipft_exit': np.float64(0.04891110594360352), 'stamp_buy': np.float64(1.4861684110913085), 'stt_sell': np.float64(12.22777648590088), 'dp_sell': 16.5, 'gst': np.float64(10.731756002303767), 'fees_total': np.float64(84.06656757876132)}",Time,10,5610_rsi_enabled=False_rsi_min=50_rsi_exit_enabled=False_adx_enabled=False_adx_min=18_bb_enabled=True_bb_length=20_bb_stddev=2.0_sma_enabled=True_sma_length=50_macd_enabled=False_macd_fast=12_macd_slow=26_macd_signal=9_combination_mode=all_protective_exit=False_use_hard_stop=True_hard_stop_pct=5.0_use_trailing_stop=True_trailing_stop_pct=10.0
TVSMOTOR.NS,2019-05-28,2019-05-30,103,482.65679931640625,465.0027770996094,482.89812771606444,464.7702757110596,49738.50715475464,47871.33839823914,-1867.1687565155007,-1950.9499402124584,-3.7539702402125936,-3.9224135419712964,-3.9018998804249168,83.78118369695771,"{'brokerage_entry': 20.0, 'brokerage_exit': 20.0, 'exchange_entry': np.float64(1.4772336624962128), 'exchange_exit': np.float64(1.4217787504277024), 'sebi_entry': np.float64(0.049738507154754634), 'sebi_exit': np.float64(0.047871338398239136), 'ipft_entry': np.float64(0.049738507154754634), 'ipft_exit': np.float64(0.047871338398239136), 'stamp_buy': np.float64(1.4921552146426391), 'stt_sell': np.float64(11.967834599559785), 'dp_sell': 16.5, 'gst': np.float64(10.726961778725382), 'fees_total': np.float64(83.78118369695771)}",TwoRedBelow20,2,5610_rsi_enabled=False_rsi_min=50_rsi_exit_enabled=False_adx_enabled=False_adx_min=18_bb_enabled=True_bb_length=20_bb_stddev=2.0_sma_enabled=True_sma_length=50_macd_enabled=False_macd_fast=12_macd_slow=26_macd_signal=9_combination_mode=all_protective_exit=False_use_hard_stop=True_hard_stop_pct=5.0_use_trailing_stop=True_trailing_stop_pct=10.0
TVSMOTOR.NS,2019-09-11,2019-09-13,128,389.79168701171875,370.3021026611328,389.9865828552246,370.11695160980224,49918.28260546875,47374.96980605469,-2543.3127994140596,-2626.9634417434427,-5.094952523738126,-5.2625276845074165,-5.253926883486885,83.65064232938317,"{'brokerage_entry': 20.0, 'brokerage_exit': 20.0, 'exchange_entry': np.float64(1.4825729933824219), 'exchange_exit': np.float64(1.4070366032398243), 'sebi_entry': np.float64(0.049918282605468746), 'sebi_exit': np.float64(0.047374969806054684), 'ipft_entry': np.float64(0.049918282605468746), 'ipft_exit': np.float64(0.047374969806054684), 'stamp_buy': np.float64(1.4975484781640624), 'stt_sell': np.float64(11.843742451513672), 'dp_sell': 16.5, 'gst': np.float64(10.725155298260152), 'fees_total': np.float64(83.65064232938317)}",HSL,2,5610_rsi_enabled=False_rsi_min=50_rsi_exit_enabled=False_adx_enabled=False_adx_min=18_bb_enabled=True_bb_length=20_bb_stddev=2.0_sma_enabled=True_sma_length=50_macd_enabled=False_macd_fast=12_macd_slow=26_macd_signal=9_combination_mode=all_protective_exit=False_use_hard_stop=True_hard_stop_pct=5.0_use_trailing_stop=True_trailing_stop_pct=10.0
TVSMOTOR.NS,2020-06-02,2020-06-10,140,355.14532470703125,337.3880584716797,355.32289736938475,337.21936444244386,49745.20563171386,47210.71102194214,-2534.4946097717257,-2618.0863767145092,-5.094952523738126,-5.262992369751932,-5.236172753429019,83.59176694278361,"{'brokerage_entry': 20.0, 'brokerage_exit': 20.0, 'exchange_entry': np.float64(1.4774326072619017), 'exchange_exit': np.float64(1.4021581173516815), 'sebi_entry': np.float64(0.04974520563171386), 'sebi_exit': np.float64(0.04721071102194214), 'ipft_entry': np.float64(0.04974520563171386), 'ipft_exit': np.float64(0.04721071102194214), 'stamp_buy': np.float64(1.492356168951416), 'stt_sell': np.float64(11.802677755485535), 'dp_sell': 16.5, 'gst': np.float64(10.72323046042576), 'fees_total': np.float64(83.59176694278361)}",HSL,6,5610_rsi_enabled=False_rsi_min=50_rsi_exit_enabled=False_adx_enabled=False_adx_min=18_bb_enabled=True_bb_length=20_bb_stddev=2.0_sma_enabled=True_sma_length=50_macd_enabled=False_macd_fast=12_macd_slow=26_macd_signal=9_combination_mode=all_protective_exit=False_use_hard_stop=True_hard_stop_pct=5.0_use_trailing_stop=True_trailing_stop_pct=10.0
TVSMOTOR.NS,2022-02-10,2022-02-15,76,655.7492065429688,622.9617462158203,656.0770811462402,622.6502653427125,49861.85816711425,47321.42016604615,-2540.438001068105,-2624.0694495639605,-5.094952523738111,-5.262678821092616,-5.2481388991279205,83.63144849585515,"{'brokerage_entry': 20.0, 'brokerage_exit': 20.0, 'exchange_entry': np.float64(1.4808971875632932), 'exchange_exit': np.float64(1.4054461789315706), 'sebi_entry': np.float64(0.04986185816711425), 'sebi_exit': np.float64(0.047321420166046145), 'ipft_entry': np.float64(0.04986185816711425), 'ipft_exit': np.float64(0.047321420166046145), 'stamp_buy': np.float64(1.4958557450134276), 'stt_sell': np.float64(11.830355041511536), 'dp_sell': 16.5, 'gst': np.float64(10.724527786169013), 'fees_total': np.float64(83.63144849585515)}",HSL,3,5610_rsi_enabled=False_rsi_min=50_rsi_exit_enabled=False_adx_enabled=False_adx_min=18_bb_enabled=True_bb_length=20_bb_stddev=2.0_sma_enabled=True_sma_length=50_macd_enabled=False_macd_fast=12_macd_slow=26_macd_signal=9_combination_mode=all_protective_exit=False_use_hard_stop=True_hard_stop_pct=5.0_use_trailing_stop=True_trailing_stop_pct=10.0
TVSMOTOR.NS,2022-12-28,2023-01-03,46,1068.7093505859375,1028.09130859375,1069.2437052612304,1027.5772629394532,49185.2104420166,47268.55409521485,-1916.6563468017484,-2000.2269911550923,-3.89681436671142,-4.066724475059667,-4.000453982310185,83.57064435334388,"{'brokerage_entry': 20.0, 'brokerage_exit': 20.0, 'exchange_entry': np.float64(1.460800750127893), 'exchange_exit': np.float64(1.4038760566278812), 'sebi_entry': np.float64(0.0491852104420166), 'sebi_exit': np.float64(0.04726855409521485), 'ipft_entry': np.float64(0.0491852104420166), 'ipft_exit': np.float64(0.04726855409521485), 'stamp_buy': np.float64(1.475556313260498), 'stt_sell': np.float64(11.817138523803713), 'dp_sell': 16.5, 'gst': np.float64(10.720365180449441), 'fees_total': np.float64(83.57064435334388)}",TwoRedBelow20,4,5610_rsi_enabled=False_rsi_min=50_rsi_exit_enabled=False_adx_enabled=False_adx_min=18_bb_enabled=True_bb_length=20_bb_stddev=2.0_sma_enabled=True_sma_length=50_macd_enabled=False_macd_fast=12_macd_slow=26_macd_signal=9_combination_mode=all_protective_exit=False_use_hard_stop=True_hard_stop_pct=5.0_use_trailing_stop=True_trailing_stop_pct=10.0
TVSMOTOR.NS,2023-08-30,2023-09-13,35,1404.15283203125,1442.6900634765625,1404.8549084472656,1441.9687184448244,49169.9217956543,50468.90514556885,1298.9833499145534,1214.4939360137282,2.641825129014867,2.4699936295629144,2.4289878720274563,84.48941390082524,"{'brokerage_entry': 20.0, 'brokerage_exit': 20.0, 'exchange_entry': np.float64(1.4603466773309328), 'exchange_exit': np.float64(1.498926482823395), 'sebi_entry': np.float64(0.0491699217956543), 'sebi_exit': np.float64(0.05046890514556885), 'ipft_entry': np.float64(0.0491699217956543), 'ipft_exit': np.float64(0.05046890514556885), 'stamp_buy': np.float64(1.475097653869629), 'stt_sell': np.float64(12.617226286392214), 'dp_sell': 16.5, 'gst': np.float64(10.738539146526618), 'fees_total': np.float64(84.48941390082524)}",Time,10,5610_rsi_enabled=False_rsi_min=50_rsi_exit_enabled=False_adx_enabled=False_adx_min=18_bb_enabled=True_bb_length=20_bb_stddev=2.0_sma_enabled=True_sma_length=50_macd_enabled=False_macd_fast=12_macd_slow=26_macd_signal=9_combination_mode=all_protective_exit=False_use_hard_stop=True_hard_stop_pct=5.0_use_trailing_stop=True_trailing_stop_pct=10.0
