ticker,entry_date,exit_date,position_size,entry_price,exit_price,entry_price_effective,exit_price_effective,entry_notional,exit_notional,gross_profit,net_profit,gross_return_%,net_return_%,return_%,fees,fees_breakdown,exit_reason,days_held,combo_name
SBICARD.NS,2020-03-17,2020-03-18,69,720.0840454101562,684.0798431396485,720.4440874328612,683.7378032180786,49710.64203286743,47177.908422047425,-2532.7336108200034,-2616.313620304818,-5.094952523738123,-5.263085555352467,-5.232627240609636,83.58000948481444,"{'brokerage_entry': 20.0, 'brokerage_exit': 20.0, 'exchange_entry': np.float64(1.4764060683761626), 'exchange_exit': np.float64(1.4011838801348084), 'sebi_entry': np.float64(0.04971064203286742), 'sebi_exit': np.float64(0.04717790842204742), 'ipft_entry': np.float64(0.04971064203286742), 'ipft_exit': np.float64(0.04717790842204742), 'stamp_buy': np.float64(1.4913192609860229), 'stt_sell': np.float64(11.794477105511856), 'dp_sell': 16.5, 'gst': np.float64(10.722846068895747), 'fees_total': np.float64(83.58000948481444)}",HSL,1,1413_rsi_enabled=False_rsi_buy_below=40_rsi_sell_above=70_macd_enabled=True_macd_fast=12_macd_slow=26_macd_signal=9_adx_enabled=False_adx_length=14_adx_min_adx=20_sma_enabled=False_sma_length=50_bb_enabled=False_bb_length=20_bb_stddev=2.0_combination_mode=all
SBICARD.NS,2020-06-02,2020-06-12,88,562.6588745117188,568.0875112644785,562.9402039489746,567.8034675088463,49538.73794750977,49966.705140778475,427.96719326870516,343.59725424092477,0.8639041101979029,0.6935930717593035,0.6871945084818495,84.3699390277804,"{'brokerage_entry': 20.0, 'brokerage_exit': 20.0, 'exchange_entry': np.float64(1.4713005170410403), 'exchange_exit': np.float64(1.4840111426811207), 'sebi_entry': np.float64(0.049538737947509764), 'sebi_exit': np.float64(0.04996670514077847), 'ipft_entry': np.float64(0.049538737947509764), 'ipft_exit': np.float64(0.04996670514077847), 'stamp_buy': np.float64(1.4861621384252932), 'stt_sell': np.float64(12.491676285194618), 'dp_sell': 16.5, 'gst': np.float64(10.73777805826177), 'fees_total': np.float64(84.3699390277804)}",TSL,8,1413_rsi_enabled=False_rsi_buy_below=40_rsi_sell_above=70_macd_enabled=True_macd_fast=12_macd_slow=26_macd_signal=9_adx_enabled=False_adx_length=14_adx_min_adx=20_sma_enabled=False_sma_length=50_bb_enabled=False_bb_length=20_bb_stddev=2.0_combination_mode=all
SBICARD.NS,2020-12-04,2020-12-14,58,847.7144165039062,805.3286956787109,848.1382737121581,804.9260313308716,49192.01987530517,46685.70981719055,-2506.310058114621,-2589.7136485220553,-5.094952523738125,-5.264499516561048,-5.179427297044111,83.4035904074343,"{'brokerage_entry': 20.0, 'brokerage_exit': 20.0, 'exchange_entry': np.float64(1.4610029902965638), 'exchange_exit': np.float64(1.3865655815705595), 'sebi_entry': np.float64(0.04919201987530517), 'sebi_exit': np.float64(0.04668570981719055), 'ipft_entry': np.float64(0.04919201987530517), 'ipft_exit': np.float64(0.04668570981719055), 'stamp_buy': np.float64(1.4757605962591553), 'stt_sell': np.float64(11.671427454297639), 'dp_sell': 16.5, 'gst': np.float64(10.71707832562538), 'fees_total': np.float64(83.4035904074343)}",HSL,6,1413_rsi_enabled=False_rsi_buy_below=40_rsi_sell_above=70_macd_enabled=True_macd_fast=12_macd_slow=26_macd_signal=9_adx_enabled=False_adx_length=14_adx_min_adx=20_sma_enabled=False_sma_length=50_bb_enabled=False_bb_length=20_bb_stddev=2.0_combination_mode=all
SBICARD.NS,2021-05-20,2021-06-03,48,1021.876708984375,1037.7183837890625,1022.3876473388672,1037.199524597168,49074.60707226562,49785.57718066406,710.9701083984401,626.683511838941,1.4487535424409803,1.2770015884510453,1.253367023677882,84.28659655949907,"{'brokerage_entry': 20.0, 'brokerage_exit': 20.0, 'exchange_entry': np.float64(1.457515830046289), 'exchange_exit': np.float64(1.4786316422657226), 'sebi_entry': np.float64(0.04907460707226562), 'sebi_exit': np.float64(0.04978557718066406), 'ipft_entry': np.float64(0.04907460707226562), 'ipft_exit': np.float64(0.04978557718066406), 'stamp_buy': np.float64(1.4722382121679687), 'stt_sell': np.float64(12.446394295166016), 'dp_sell': 16.5, 'gst': np.float64(10.734096211347216), 'fees_total': np.float64(84.28659655949907)}",Time,10,1413_rsi_enabled=False_rsi_buy_below=40_rsi_sell_above=70_macd_enabled=True_macd_fast=12_macd_slow=26_macd_signal=9_adx_enabled=False_adx_length=14_adx_min_adx=20_sma_enabled=False_sma_length=50_bb_enabled=False_bb_length=20_bb_stddev=2.0_combination_mode=all
SBICARD.NS,2021-07-30,2021-08-13,48,1023.3076782226562,1016.5466918945312,1023.8193320617676,1016.038418548584,49143.327938964845,48769.84409033203,-373.48384863281535,-457.4831496064952,-0.7599889228028589,-0.9309160954151929,-0.9149662992129903,83.99930097367982,"{'brokerage_entry': 20.0, 'brokerage_exit': 20.0, 'exchange_entry': np.float64(1.4595568397872558), 'exchange_exit': np.float64(1.4484643694828614), 'sebi_entry': np.float64(0.049143327938964844), 'sebi_exit': np.float64(0.048769844090332026), 'ipft_entry': np.float64(0.049143327938964844), 'ipft_exit': np.float64(0.048769844090332026), 'stamp_buy': np.float64(1.4742998381689454), 'stt_sell': np.float64(12.192461022583007), 'dp_sell': 16.5, 'gst': np.float64(10.728692559599166), 'fees_total': np.float64(83.99930097367982)}",Time,10,1413_rsi_enabled=False_rsi_buy_below=40_rsi_sell_above=70_macd_enabled=True_macd_fast=12_macd_slow=26_macd_signal=9_adx_enabled=False_adx_length=14_adx_min_adx=20_sma_enabled=False_sma_length=50_bb_enabled=False_bb_length=20_bb_stddev=2.0_combination_mode=all
SBICARD.NS,2021-10-07,2021-10-21,44,1124.577392578125,1068.3485229492187,1125.139681274414,1067.814348687744,49506.145976074215,46983.83134226074,-2522.3146338134757,-2605.825080119893,-5.0949525237381295,-5.263639551701843,-5.211650160239786,83.51044630641705,"{'brokerage_entry': 20.0, 'brokerage_exit': 20.0, 'exchange_entry': np.float64(1.4703325354894041), 'exchange_exit': np.float64(1.395419790865144), 'sebi_entry': np.float64(0.04950614597607421), 'sebi_exit': np.float64(0.04698383134226074), 'ipft_entry': np.float64(0.04950614597607421), 'ipft_exit': np.float64(0.04698383134226074), 'stamp_buy': np.float64(1.4851843792822266), 'stt_sell': np.float64(11.745957835565186), 'dp_sell': 16.5, 'gst': np.float64(10.720571810578418), 'fees_total': np.float64(83.51044630641705)}",HSL,9,1413_rsi_enabled=False_rsi_buy_below=40_rsi_sell_above=70_macd_enabled=True_macd_fast=12_macd_slow=26_macd_signal=9_adx_enabled=False_adx_length=14_adx_min_adx=20_sma_enabled=False_sma_length=50_bb_enabled=False_bb_length=20_bb_stddev=2.0_combination_mode=all
SBICARD.NS,2022-03-15,2022-03-30,61,808.5291137695312,860.1497802734375,808.933378326416,859.7197053833008,49344.93607791138,52442.90202838135,3097.965950469974,3012.897401008337,6.278184139459729,6.105788436428884,6.025794802016674,85.06854946163666,"{'brokerage_entry': 20.0, 'brokerage_exit': 20.0, 'exchange_entry': np.float64(1.465544601513968), 'exchange_exit': np.float64(1.5575541902429262), 'sebi_entry': np.float64(0.04934493607791138), 'sebi_exit': np.float64(0.05244290202838135), 'ipft_entry': np.float64(0.04934493607791138), 'ipft_exit': np.float64(0.05244290202838135), 'stamp_buy': np.float64(1.4803480823373414), 'stt_sell': np.float64(13.110725507095339), 'dp_sell': 16.5, 'gst': np.float64(10.750801404234505), 'fees_total': np.float64(85.06854946163666)}",Time,10,1413_rsi_enabled=False_rsi_buy_below=40_rsi_sell_above=70_macd_enabled=True_macd_fast=12_macd_slow=26_macd_signal=9_adx_enabled=False_adx_length=14_adx_min_adx=20_sma_enabled=False_sma_length=50_bb_enabled=False_bb_length=20_bb_stddev=2.0_combination_mode=all
SBICARD.NS,2022-06-28,2022-07-12,65,768.1358032226562,841.3905639648438,768.5198711242675,840.9698686828614,49953.79162307739,54663.04146438599,4709.2498413086,4623.502169935341,9.427212005931187,9.255558026148709,9.247004339870681,85.74767137325847,"{'brokerage_entry': 20.0, 'brokerage_exit': 20.0, 'exchange_entry': np.float64(1.4836276112053985), 'exchange_exit': np.float64(1.623492331492264), 'sebi_entry': np.float64(0.04995379162307739), 'sebi_exit': np.float64(0.05466304146438599), 'ipft_entry': np.float64(0.04995379162307739), 'ipft_exit': np.float64(0.05466304146438599), 'stamp_buy': np.float64(1.498613748692322), 'stt_sell': np.float64(13.665760366096498), 'dp_sell': 16.5, 'gst': np.float64(10.766943649597065), 'fees_total': np.float64(85.74767137325847)}",Time,10,1413_rsi_enabled=False_rsi_buy_below=40_rsi_sell_above=70_macd_enabled=True_macd_fast=12_macd_slow=26_macd_signal=9_adx_enabled=False_adx_length=14_adx_min_adx=20_sma_enabled=False_sma_length=50_bb_enabled=False_bb_length=20_bb_stddev=2.0_combination_mode=all
SBICARD.NS,2023-03-09,2023-03-14,65,759.3749389648438,721.4061920166015,759.7546264343262,721.0454889205932,49384.0507182312,46867.95677983856,-2516.093938392638,-2599.5628517016175,-5.094952523738129,-5.263972505078309,-5.199125703403236,83.46891330897938,"{'brokerage_entry': 20.0, 'brokerage_exit': 20.0, 'exchange_entry': np.float64(1.4667063063314667), 'exchange_exit': np.float64(1.3919783163612054), 'sebi_entry': np.float64(0.049384050718231196), 'sebi_exit': np.float64(0.04686795677983856), 'ipft_entry': np.float64(0.049384050718231196), 'ipft_exit': np.float64(0.04686795677983856), 'stamp_buy': np.float64(1.481521521546936), 'stt_sell': np.float64(11.716989194959641), 'dp_sell': 16.5, 'gst': np.float64(10.719213954783987), 'fees_total': np.float64(83.46891330897938)}",HSL,3,1413_rsi_enabled=False_rsi_buy_below=40_rsi_sell_above=70_macd_enabled=True_macd_fast=12_macd_slow=26_macd_signal=9_adx_enabled=False_adx_length=14_adx_min_adx=20_sma_enabled=False_sma_length=50_bb_enabled=False_bb_length=20_bb_stddev=2.0_combination_mode=all
SBICARD.NS,2023-04-13,2023-04-28,66,753.759033203125,767.170166015625,754.1359127197265,766.7865809326172,49772.970239501956,50607.914341552736,834.9441020507802,750.374086989568,1.677505075612572,1.5075935460127294,1.500748173979136,84.57001506121217,"{'brokerage_entry': 20.0, 'brokerage_exit': 20.0, 'exchange_entry': np.float64(1.4782572161132082), 'exchange_exit': np.float64(1.5030550559441163), 'sebi_entry': np.float64(0.04977297023950195), 'sebi_exit': np.float64(0.050607914341552734), 'ipft_entry': np.float64(0.04977297023950195), 'ipft_exit': np.float64(0.050607914341552734), 'stamp_buy': np.float64(1.4931891071850587), 'stt_sell': np.float64(12.651978585388184), 'dp_sell': 16.5, 'gst': np.float64(10.742773327419497), 'fees_total': np.float64(84.57001506121217)}",Time,10,1413_rsi_enabled=False_rsi_buy_below=40_rsi_sell_above=70_macd_enabled=True_macd_fast=12_macd_slow=26_macd_signal=9_adx_enabled=False_adx_length=14_adx_min_adx=20_sma_enabled=False_sma_length=50_bb_enabled=False_bb_length=20_bb_stddev=2.0_combination_mode=all
SBICARD.NS,2023-12-18,2023-12-29,64,776.0613403320312,754.653076171875,776.4493710021973,754.2757496337891,49692.759744140625,48273.647976562504,-1419.1117675781206,-1503.0054938117862,-2.8557716956854082,-3.0245965439442286,-3.0060109876235726,83.89372623366548,"{'brokerage_entry': 20.0, 'brokerage_exit': 20.0, 'exchange_entry': np.float64(1.4758749644009765), 'exchange_exit': np.float64(1.4337273449039063), 'sebi_entry': np.float64(0.04969275974414062), 'sebi_exit': np.float64(0.0482736479765625), 'ipft_entry': np.float64(0.04969275974414062), 'ipft_exit': np.float64(0.0482736479765625), 'stamp_buy': np.float64(1.4907827923242187), 'stt_sell': np.float64(12.068411994140627), 'dp_sell': 16.5, 'gst': np.float64(10.728996322454332), 'fees_total': np.float64(83.89372623366548)}",MACD_cross_down,8,1413_rsi_enabled=False_rsi_buy_below=40_rsi_sell_above=70_macd_enabled=True_macd_fast=12_macd_slow=26_macd_signal=9_adx_enabled=False_adx_length=14_adx_min_adx=20_sma_enabled=False_sma_length=50_bb_enabled=False_bb_length=20_bb_stddev=2.0_combination_mode=all
SBICARD.NS,2024-04-05,2024-04-23,68,728.1743774414062,745.3729858398438,728.5384646301269,745.0002993469238,49540.61559484863,50660.02035559082,1119.4047607421962,1034.835432197091,2.2595697435350304,2.0888626832176387,2.069670864394182,84.56932854510532,"{'brokerage_entry': 20.0, 'brokerage_exit': 20.0, 'exchange_entry': np.float64(1.4713562831670042), 'exchange_exit': np.float64(1.5046026045610474), 'sebi_entry': np.float64(0.049540615594848625), 'sebi_exit': np.float64(0.05066002035559082), 'ipft_entry': np.float64(0.049540615594848625), 'ipft_exit': np.float64(0.05066002035559082), 'stamp_buy': np.float64(1.4862184678454589), 'stt_sell': np.float64(12.665005088897706), 'dp_sell': 16.5, 'gst': np.float64(10.741744828733209), 'fees_total': np.float64(84.56932854510532)}",Time,10,1413_rsi_enabled=False_rsi_buy_below=40_rsi_sell_above=70_macd_enabled=True_macd_fast=12_macd_slow=26_macd_signal=9_adx_enabled=False_adx_length=14_adx_min_adx=20_sma_enabled=False_sma_length=50_bb_enabled=False_bb_length=20_bb_stddev=2.0_combination_mode=all
SBICARD.NS,2024-06-13,2024-06-28,68,724.8842163085938,722.4414672851562,725.246658416748,722.0802465515137,49316.77277233887,49101.45676550293,-215.3160068359357,-299.42230650457407,-0.4365979254763881,-0.6071409171212357,-0.5988446130091482,84.1062996686384,"{'brokerage_entry': 20.0, 'brokerage_exit': 20.0, 'exchange_entry': np.float64(1.4647081513384643), 'exchange_exit': np.float64(1.458313265935437), 'sebi_entry': np.float64(0.04931677277233887), 'sebi_exit': np.float64(0.04910145676550293), 'ipft_entry': np.float64(0.04931677277233887), 'ipft_exit': np.float64(0.04910145676550293), 'stamp_buy': np.float64(1.4795031831701662), 'stt_sell': np.float64(12.275364191375733), 'dp_sell': 16.5, 'gst': np.float64(10.731574417742925), 'fees_total': np.float64(84.1062996686384)}",Time,10,1413_rsi_enabled=False_rsi_buy_below=40_rsi_sell_above=70_macd_enabled=True_macd_fast=12_macd_slow=26_macd_signal=9_adx_enabled=False_adx_length=14_adx_min_adx=20_sma_enabled=False_sma_length=50_bb_enabled=False_bb_length=20_bb_stddev=2.0_combination_mode=all
SBICARD.NS,2024-08-27,2024-09-10,68,734.5552978515625,791.5350952148438,734.9225755004883,791.1393276672363,49974.7351340332,53797.47428137207,3822.7391473388707,3737.238833449114,7.6493434874366235,7.4782564098154145,7.474477666898228,85.50031388975668,"{'brokerage_entry': 20.0, 'brokerage_exit': 20.0, 'exchange_entry': np.float64(1.4842496334807862), 'exchange_exit': np.float64(1.5977849861567506), 'sebi_entry': np.float64(0.0499747351340332), 'sebi_exit': np.float64(0.05379747428137207), 'ipft_entry': np.float64(0.0499747351340332), 'ipft_exit': np.float64(0.05379747428137207), 'stamp_buy': np.float64(1.499242054020996), 'stt_sell': np.float64(13.449368570343019), 'dp_sell': 16.5, 'gst': np.float64(10.762124226924305), 'fees_total': np.float64(85.50031388975668)}",Time,10,1413_rsi_enabled=False_rsi_buy_below=40_rsi_sell_above=70_macd_enabled=True_macd_fast=12_macd_slow=26_macd_signal=9_adx_enabled=False_adx_length=14_adx_min_adx=20_sma_enabled=False_sma_length=50_bb_enabled=False_bb_length=20_bb_stddev=2.0_combination_mode=all
SBICARD.NS,2024-12-05,2024-12-19,69,722.2421264648438,701.3046875,722.6032475280762,700.95403515625,49859.62407943726,48365.82842578125,-1493.7956536560087,-1577.7271207612473,-2.996002639883659,-3.1643381792200915,-3.155454241522495,83.93146710523864,"{'brokerage_entry': 20.0, 'brokerage_exit': 20.0, 'exchange_entry': np.float64(1.4808308351592865), 'exchange_exit': np.float64(1.436465104245703), 'sebi_entry': np.float64(0.049859624079437254), 'sebi_exit': np.float64(0.04836582842578124), 'ipft_entry': np.float64(0.049859624079437254), 'ipft_exit': np.float64(0.04836582842578124), 'stamp_buy': np.float64(1.4957887223831177), 'stt_sell': np.float64(12.091457106445313), 'dp_sell': 16.5, 'gst': np.float64(10.730474431994777), 'fees_total': np.float64(83.93146710523864)}",Time,10,1413_rsi_enabled=False_rsi_buy_below=40_rsi_sell_above=70_macd_enabled=True_macd_fast=12_macd_slow=26_macd_signal=9_adx_enabled=False_adx_length=14_adx_min_adx=20_sma_enabled=False_sma_length=50_bb_enabled=False_bb_length=20_bb_stddev=2.0_combination_mode=all
BDL.NS,2018-03-26,2018-04-05,287,173.5834197998047,170.06321716308594,173.6702115097046,169.9781855545044,49843.350703285214,48783.73925414276,-1059.6114491424523,-1143.661929404034,-2.1258832606384397,-2.294512534304108,-2.287323858808068,84.0504802615818,"{'brokerage_entry': 20.0, 'brokerage_exit': 20.0, 'exchange_entry': np.float64(1.480347515887571), 'exchange_exit': np.float64(1.44887705584804), 'sebi_entry': np.float64(0.04984335070328521), 'sebi_exit': np.float64(0.04878373925414276), 'ipft_entry': np.float64(0.04984335070328521), 'ipft_exit': np.float64(0.04878373925414276), 'stamp_buy': np.float64(1.4953005210985564), 'stt_sell': np.float64(12.195934813535692), 'dp_sell': 16.5, 'gst': np.float64(10.732766175297082), 'fees_total': np.float64(84.0504802615818)}",MACD_cross_down,6,1413_rsi_enabled=False_rsi_buy_below=40_rsi_sell_above=70_macd_enabled=True_macd_fast=12_macd_slow=26_macd_signal=9_adx_enabled=False_adx_length=14_adx_min_adx=20_sma_enabled=False_sma_length=50_bb_enabled=False_bb_length=20_bb_stddev=2.0_combination_mode=all
BDL.NS,2018-04-17,2018-05-02,282,177.16921997070312,170.58798217773438,177.25780458068846,170.5026881866455,49986.700891754146,48081.75806863404,-1904.942823120109,-1988.8012124398924,-3.8108992774803236,-3.978660677660299,-3.977602424879785,83.85838931978341,"{'brokerage_entry': 20.0, 'brokerage_exit': 20.0, 'exchange_entry': np.float64(1.4846050164850981), 'exchange_exit': np.float64(1.4280282146384309), 'sebi_entry': np.float64(0.049986700891754145), 'sebi_exit': np.float64(0.04808175806863404), 'ipft_entry': np.float64(0.049986700891754145), 'ipft_exit': np.float64(0.04808175806863404), 'stamp_buy': np.float64(1.4996010267526245), 'stt_sell': np.float64(12.02043951715851), 'dp_sell': 16.5, 'gst': np.float64(10.729578626827976), 'fees_total': np.float64(83.85838931978341)}",Time,10,1413_rsi_enabled=False_rsi_buy_below=40_rsi_sell_above=70_macd_enabled=True_macd_fast=12_macd_slow=26_macd_signal=9_adx_enabled=False_adx_length=14_adx_min_adx=20_sma_enabled=False_sma_length=50_bb_enabled=False_bb_length=20_bb_stddev=2.0_combination_mode=all
BDL.NS,2018-05-29,2018-06-12,283,176.0541534423828,174.5236053466797,176.142180519104,174.43634354400635,49848.237086906425,49365.485222953794,-482.75186395263154,-566.9698708676998,-0.9684432031387432,-1.1373920202618861,-1.1339397417353996,84.21800691506827,"{'brokerage_entry': 20.0, 'brokerage_exit': 20.0, 'exchange_entry': np.float64(1.4804926414811208), 'exchange_exit': np.float64(1.4661549111217276), 'sebi_entry': np.float64(0.04984823708690642), 'sebi_exit': np.float64(0.049365485222953795), 'ipft_entry': np.float64(0.04984823708690642), 'ipft_exit': np.float64(0.049365485222953795), 'stamp_buy': np.float64(1.4954471126071929), 'stt_sell': np.float64(12.341371305738448), 'dp_sell': 16.5, 'gst': np.float64(10.736113499500062), 'fees_total': np.float64(84.21800691506827)}",Time,10,1413_rsi_enabled=False_rsi_buy_below=40_rsi_sell_above=70_macd_enabled=True_macd_fast=12_macd_slow=26_macd_signal=9_adx_enabled=False_adx_length=14_adx_min_adx=20_sma_enabled=False_sma_length=50_bb_enabled=False_bb_length=20_bb_stddev=2.0_combination_mode=all
BDL.NS,2018-08-01,2018-08-14,299,166.71791076660156,158.38201522827148,166.80126972198485,158.30282422065736,49873.57964687347,47332.54444197655,-2541.0352048969216,-2624.6706406744897,-5.094952523738121,-5.262647396193122,-5.249341281348979,83.63543577756786,"{'brokerage_entry': 20.0, 'brokerage_exit': 20.0, 'exchange_entry': np.float64(1.4812453155121421), 'exchange_exit': np.float64(1.4057765699267035), 'sebi_entry': np.float64(0.049873579646873466), 'sebi_exit': np.float64(0.04733254444197654), 'ipft_entry': np.float64(0.049873579646873466), 'ipft_exit': np.float64(0.04733254444197654), 'stamp_buy': np.float64(1.4962073894062042), 'stt_sell': np.float64(11.833136110494138), 'dp_sell': 16.5, 'gst': np.float64(10.724658144050977), 'fees_total': np.float64(83.63543577756786)}",HSL,9,1413_rsi_enabled=False_rsi_buy_below=40_rsi_sell_above=70_macd_enabled=True_macd_fast=12_macd_slow=26_macd_signal=9_adx_enabled=False_adx_length=14_adx_min_adx=20_sma_enabled=False_sma_length=50_bb_enabled=False_bb_length=20_bb_stddev=2.0_combination_mode=all
BDL.NS,2018-11-09,2018-11-12,351,142.06396484375,134.96076660156248,142.13499682617186,134.89328621826172,49889.383885986324,47347.543462609865,-2541.8404233764595,-2625.4812352630934,-5.094952523738121,-5.262605048928211,-5.250962470526186,83.64081188663363,"{'brokerage_entry': 20.0, 'brokerage_exit': 20.0, 'exchange_entry': np.float64(1.481714701413794), 'exchange_exit': np.float64(1.406222040839513), 'sebi_entry': np.float64(0.04988938388598632), 'sebi_exit': np.float64(0.047347543462609866), 'ipft_entry': np.float64(0.04988938388598632), 'ipft_exit': np.float64(0.047347543462609866), 'stamp_buy': np.float64(1.4966815165795897), 'stt_sell': np.float64(11.836885865652466), 'dp_sell': 16.5, 'gst': np.float64(10.724833907451087), 'fees_total': np.float64(83.64081188663363)}",HSL,1,1413_rsi_enabled=False_rsi_buy_below=40_rsi_sell_above=70_macd_enabled=True_macd_fast=12_macd_slow=26_macd_signal=9_adx_enabled=False_adx_length=14_adx_min_adx=20_sma_enabled=False_sma_length=50_bb_enabled=False_bb_length=20_bb_stddev=2.0_combination_mode=all
BDL.NS,2019-01-08,2019-01-14,376,132.88629150390625,126.24197692871093,132.9527346496582,126.17885594024658,49990.22822827148,47443.24983353271,-2546.9783947387696,-2630.653510724381,-5.094952523738131,-5.262335468267858,-5.261307021448761,83.67511598561119,"{'brokerage_entry': 20.0, 'brokerage_exit': 20.0, 'exchange_entry': np.float64(1.484709778379663), 'exchange_exit': np.float64(1.4090645200559215), 'sebi_entry': np.float64(0.049990228228271476), 'sebi_exit': np.float64(0.04744324983353271), 'ipft_entry': np.float64(0.049990228228271476), 'ipft_exit': np.float64(0.04744324983353271), 'stamp_buy': np.float64(1.4997068468481445), 'stt_sell': np.float64(11.860812458383178), 'dp_sell': 16.5, 'gst': np.float64(10.725955425820656), 'fees_total': np.float64(83.67511598561119)}",HSL,4,1413_rsi_enabled=False_rsi_buy_below=40_rsi_sell_above=70_macd_enabled=True_macd_fast=12_macd_slow=26_macd_signal=9_adx_enabled=False_adx_length=14_adx_min_adx=20_sma_enabled=False_sma_length=50_bb_enabled=False_bb_length=20_bb_stddev=2.0_combination_mode=all
BDL.NS,2019-02-27,2019-03-05,384,129.8940887451172,127.25465281617392,129.95903578948975,127.19102548976583,49904.26974316406,48841.35378807008,-1062.9159550939803,-1146.9871004271022,-2.129909846520857,-2.2983746808242147,-2.2939742008542043,84.07114533312179,"{'brokerage_entry': 20.0, 'brokerage_exit': 20.0, 'exchange_entry': np.float64(1.4821568113719727), 'exchange_exit': np.float64(1.4505882075056815), 'sebi_entry': np.float64(0.04990426974316406), 'sebi_exit': np.float64(0.04884135378807008), 'ipft_entry': np.float64(0.04990426974316406), 'ipft_exit': np.float64(0.04884135378807008), 'stamp_buy': np.float64(1.497128092294922), 'stt_sell': np.float64(12.21033844701752), 'dp_sell': 16.5, 'gst': np.float64(10.733442527869222), 'fees_total': np.float64(84.07114533312179)}",TSL,3,1413_rsi_enabled=False_rsi_buy_below=40_rsi_sell_above=70_macd_enabled=True_macd_fast=12_macd_slow=26_macd_signal=9_adx_enabled=False_adx_length=14_adx_min_adx=20_sma_enabled=False_sma_length=50_bb_enabled=False_bb_length=20_bb_stddev=2.0_combination_mode=all
BDL.NS,2019-05-22,2019-05-31,370,134.7864990234375,139.61458909723393,134.85389227294922,139.54478180268532,49895.94014099121,51631.56926699357,1735.6291260023572,1650.756617464464,3.478497691591703,3.308398664901218,3.3015132349289282,84.87250853789322,"{'brokerage_entry': 20.0, 'brokerage_exit': 20.0, 'exchange_entry': np.float64(1.481909422187439), 'exchange_exit': np.float64(1.533457607229709), 'sebi_entry': np.float64(0.049895940140991205), 'sebi_exit': np.float64(0.05163156926699356), 'ipft_entry': np.float64(0.049895940140991205), 'ipft_exit': np.float64(0.05163156926699356), 'stamp_buy': np.float64(1.4968782042297364), 'stt_sell': np.float64(12.907892316748391), 'dp_sell': 16.5, 'gst': np.float64(10.749315968681962), 'fees_total': np.float64(84.87250853789322)}",TSL,7,1413_rsi_enabled=False_rsi_buy_below=40_rsi_sell_above=70_macd_enabled=True_macd_fast=12_macd_slow=26_macd_signal=9_adx_enabled=False_adx_length=14_adx_min_adx=20_sma_enabled=False_sma_length=50_bb_enabled=False_bb_length=20_bb_stddev=2.0_combination_mode=all
BDL.NS,2019-06-28,2019-07-05,323,154.60403442382812,146.87383270263672,154.68133644104003,146.8003957862854,49962.07167045593,47416.527838970185,-2545.5438314857456,-2629.2093694888513,-5.094952523738126,-5.262410627867502,-5.258418738977703,83.66553800310582,"{'brokerage_entry': 20.0, 'brokerage_exit': 20.0, 'exchange_entry': np.float64(1.483873528612541), 'exchange_exit': np.float64(1.4082708768174146), 'sebi_entry': np.float64(0.04996207167045593), 'sebi_exit': np.float64(0.047416527838970185), 'ipft_entry': np.float64(0.04996207167045593), 'ipft_exit': np.float64(0.047416527838970185), 'stamp_buy': np.float64(1.498862150113678), 'stt_sell': np.float64(11.854131959742547), 'dp_sell': 16.5, 'gst': np.float64(10.725642288800785), 'fees_total': np.float64(83.66553800310582)}",HSL,5,1413_rsi_enabled=False_rsi_buy_below=40_rsi_sell_above=70_macd_enabled=True_macd_fast=12_macd_slow=26_macd_signal=9_adx_enabled=False_adx_length=14_adx_min_adx=20_sma_enabled=False_sma_length=50_bb_enabled=False_bb_length=20_bb_stddev=2.0_combination_mode=all
BDL.NS,2019-09-24,2019-09-30,351,142.12655639648438,135.02022857666014,142.1976196746826,134.95271846237182,49911.364505813595,47368.404180292506,-2542.9603255210895,-2626.6086145288095,-5.094952523738136,-5.26254619671411,-5.253217229057619,83.64828900772001,"{'brokerage_entry': 20.0, 'brokerage_exit': 20.0, 'exchange_entry': np.float64(1.4823675258226638), 'exchange_exit': np.float64(1.4068416041546874), 'sebi_entry': np.float64(0.04991136450581359), 'sebi_exit': np.float64(0.047368404180292506), 'ipft_entry': np.float64(0.04991136450581359), 'ipft_exit': np.float64(0.047368404180292506), 'stamp_buy': np.float64(1.4973409351744078), 'stt_sell': np.float64(11.842101045073127), 'dp_sell': 16.5, 'gst': np.float64(10.72507836012292), 'fees_total': np.float64(83.64828900772001)}",HSL,4,1413_rsi_enabled=False_rsi_buy_below=40_rsi_sell_above=70_macd_enabled=True_macd_fast=12_macd_slow=26_macd_signal=9_adx_enabled=False_adx_length=14_adx_min_adx=20_sma_enabled=False_sma_length=50_bb_enabled=False_bb_length=20_bb_stddev=2.0_combination_mode=all
BDL.NS,2019-10-29,2019-11-13,333,150.02249145507812,160.8021240234375,150.09750270080565,160.7217229614258,49982.46839936828,53520.33374615479,3537.865346786515,3452.44416348094,7.078212541482305,6.9073102510570985,6.90488832696188,85.42118330557518,"{'brokerage_entry': 20.0, 'brokerage_exit': 20.0, 'exchange_entry': np.float64(1.4844793114612378), 'exchange_exit': np.float64(1.5895539122607973), 'sebi_entry': np.float64(0.04998246839936828), 'sebi_exit': np.float64(0.05352033374615479), 'ipft_entry': np.float64(0.04998246839936828), 'ipft_exit': np.float64(0.05352033374615479), 'stamp_buy': np.float64(1.4994740519810483), 'stt_sell': np.float64(13.380083436538698), 'dp_sell': 16.5, 'gst': np.float64(10.760586989042356), 'fees_total': np.float64(85.42118330557518)}",Time,10,1413_rsi_enabled=False_rsi_buy_below=40_rsi_sell_above=70_macd_enabled=True_macd_fast=12_macd_slow=26_macd_signal=9_adx_enabled=False_adx_length=14_adx_min_adx=20_sma_enabled=False_sma_length=50_bb_enabled=False_bb_length=20_bb_stddev=2.0_combination_mode=all
BDL.NS,2020-01-14,2020-01-27,346,144.20924377441406,136.99878158569337,144.28134839630127,136.9302821949005,49921.346545120236,47377.87763943558,-2543.4689056846546,-2627.1205902707147,-5.094952523738117,-5.262519487322429,-5.254241180541429,83.65168458606001,"{'brokerage_entry': 20.0, 'brokerage_exit': 20.0, 'exchange_entry': np.float64(1.482663992390071), 'exchange_exit': np.float64(1.4071229658912368), 'sebi_entry': np.float64(0.04992134654512023), 'sebi_exit': np.float64(0.04737787763943558), 'ipft_entry': np.float64(0.04992134654512023), 'ipft_exit': np.float64(0.04737787763943558), 'stamp_buy': np.float64(1.4976403963536071), 'stt_sell': np.float64(11.844469409858895), 'dp_sell': 16.5, 'gst': np.float64(10.725189373197075), 'fees_total': np.float64(83.65168458606001)}",HSL,9,1413_rsi_enabled=False_rsi_buy_below=40_rsi_sell_above=70_macd_enabled=True_macd_fast=12_macd_slow=26_macd_signal=9_adx_enabled=False_adx_length=14_adx_min_adx=20_sma_enabled=False_sma_length=50_bb_enabled=False_bb_length=20_bb_stddev=2.0_combination_mode=all
BDL.NS,2020-02-27,2020-02-28,341,146.28707885742188,138.97272491455078,146.3602223968506,138.9032385520935,49908.83583732605,47366.004346263886,-2542.831491062163,-2626.478919895756,-5.094952523738129,-5.2625529644821984,-5.252957839791512,83.64742883359312,"{'brokerage_entry': 20.0, 'brokerage_exit': 20.0, 'exchange_entry': np.float64(1.4822924243685838), 'exchange_exit': np.float64(1.4067703290840374), 'sebi_entry': np.float64(0.04990883583732605), 'sebi_exit': np.float64(0.04736600434626388), 'ipft_entry': np.float64(0.04990883583732605), 'ipft_exit': np.float64(0.04736600434626388), 'stamp_buy': np.float64(1.4972650751197816), 'stt_sell': np.float64(11.841501086565971), 'dp_sell': 16.5, 'gst': np.float64(10.725050238087565), 'fees_total': np.float64(83.64742883359312)}",HSL,1,1413_rsi_enabled=False_rsi_buy_below=40_rsi_sell_above=70_macd_enabled=True_macd_fast=12_macd_slow=26_macd_signal=9_adx_enabled=False_adx_length=14_adx_min_adx=20_sma_enabled=False_sma_length=50_bb_enabled=False_bb_length=20_bb_stddev=2.0_combination_mode=all
BDL.NS,2020-04-13,2020-04-15,458,108.96704864501953,103.51869621276855,109.02153216934204,103.46693686466217,49931.86173355865,47387.857084015275,-2544.004649543378,-2627.659911068479,-5.094952523738126,-5.262491362909582,-5.255319822136958,83.65526152510077,"{'brokerage_entry': 20.0, 'brokerage_exit': 20.0, 'exchange_entry': np.float64(1.482976293486692), 'exchange_exit': np.float64(1.4074193553952536), 'sebi_entry': np.float64(0.04993186173355865), 'sebi_exit': np.float64(0.04738785708401527), 'ipft_entry': np.float64(0.04993186173355865), 'ipft_exit': np.float64(0.04738785708401527), 'stamp_buy': np.float64(1.4979558520067597), 'stt_sell': np.float64(11.846964271003818), 'dp_sell': 16.5, 'gst': np.float64(10.725306315573079), 'fees_total': np.float64(83.65526152510077)}",HSL,1,1413_rsi_enabled=False_rsi_buy_below=40_rsi_sell_above=70_macd_enabled=True_macd_fast=12_macd_slow=26_macd_signal=9_adx_enabled=False_adx_length=14_adx_min_adx=20_sma_enabled=False_sma_length=50_bb_enabled=False_bb_length=20_bb_stddev=2.0_combination_mode=all
BDL.NS,2020-11-12,2020-11-26,336,148.6160430908203,152.97738647460938,148.6903511123657,152.90089778137207,49959.95797375488,51374.701654541015,1414.7436807861377,1329.9406823552338,2.831755145849673,2.6620132127690788,2.6598813647104675,84.80299843090393,"{'brokerage_entry': 20.0, 'brokerage_exit': 20.0, 'exchange_entry': np.float64(1.48381075182052), 'exchange_exit': np.float64(1.525828639139868), 'sebi_entry': np.float64(0.049959957973754875), 'sebi_exit': np.float64(0.05137470165454101), 'ipft_entry': np.float64(0.049959957973754875), 'ipft_exit': np.float64(0.05137470165454101), 'stamp_buy': np.float64(1.4987987392126463), 'stt_sell': np.float64(12.843675413635253), 'dp_sell': 16.5, 'gst': np.float64(10.748215567839054), 'fees_total': np.float64(84.80299843090393)}",Time,10,1413_rsi_enabled=False_rsi_buy_below=40_rsi_sell_above=70_macd_enabled=True_macd_fast=12_macd_slow=26_macd_signal=9_adx_enabled=False_adx_length=14_adx_min_adx=20_sma_enabled=False_sma_length=50_bb_enabled=False_bb_length=20_bb_stddev=2.0_combination_mode=all
BDL.NS,2021-01-01,2021-01-13,304,164.1282958984375,159.03610229492188,164.2103600463867,158.95658424377442,49919.94945410156,48322.801610107424,-1597.1478439941347,-1681.0710112265924,-3.199417991123204,-3.3675334803218058,-3.362142022453185,83.9231672324577,"{'brokerage_entry': 20.0, 'brokerage_exit': 20.0, 'exchange_entry': np.float64(1.4826224987868164), 'exchange_exit': np.float64(1.4351872078201906), 'sebi_entry': np.float64(0.04991994945410156), 'sebi_exit': np.float64(0.04832280161010742), 'ipft_entry': np.float64(0.04991994945410156), 'ipft_exit': np.float64(0.04832280161010742), 'stamp_buy': np.float64(1.4975984836230467), 'stt_sell': np.float64(12.080700402526857), 'dp_sell': 16.5, 'gst': np.float64(10.730573137572375), 'fees_total': np.float64(83.9231672324577)}",MACD_cross_down,8,1413_rsi_enabled=False_rsi_buy_below=40_rsi_sell_above=70_macd_enabled=True_macd_fast=12_macd_slow=26_macd_signal=9_adx_enabled=False_adx_length=14_adx_min_adx=20_sma_enabled=False_sma_length=50_bb_enabled=False_bb_length=20_bb_stddev=2.0_combination_mode=all
BDL.NS,2021-02-09,2021-02-12,308,161.93585205078125,161.25218535211502,162.01681997680663,161.17155925943896,49901.180552856444,49640.840251907204,-260.34030094923946,-344.6410152590249,-0.5217117071478524,-0.6906470176471546,-0.6892820305180498,84.30071430978549,"{'brokerage_entry': 20.0, 'brokerage_exit': 20.0, 'exchange_entry': np.float64(1.4820650624198364), 'exchange_exit': np.float64(1.474332955481644), 'sebi_entry': np.float64(0.049901180552856444), 'sebi_exit': np.float64(0.0496408402519072), 'ipft_entry': np.float64(0.049901180552856444), 'ipft_exit': np.float64(0.0496408402519072), 'stamp_buy': np.float64(1.4970354165856934), 'stt_sell': np.float64(12.410210062976802), 'dp_sell': 16.5, 'gst': np.float64(10.73798677071198), 'fees_total': np.float64(84.30071430978549)}",TSL,3,1413_rsi_enabled=False_rsi_buy_below=40_rsi_sell_above=70_macd_enabled=True_macd_fast=12_macd_slow=26_macd_signal=9_adx_enabled=False_adx_length=14_adx_min_adx=20_sma_enabled=False_sma_length=50_bb_enabled=False_bb_length=20_bb_stddev=2.0_combination_mode=all
BDL.NS,2021-05-11,2021-05-26,289,172.36834716796875,179.5543212890625,172.45453134155272,179.46454412841797,49839.35955770874,51865.253253112794,2025.8936954040546,1940.9578385572436,4.064846967100936,3.894427728971554,3.881915677114487,84.93585684681105,"{'brokerage_entry': 20.0, 'brokerage_exit': 20.0, 'exchange_entry': np.float64(1.4802289788639496), 'exchange_exit': np.float64(1.54039802161745), 'sebi_entry': np.float64(0.04983935955770874), 'sebi_exit': np.float64(0.051865253253112795), 'ipft_entry': np.float64(0.04983935955770874), 'ipft_exit': np.float64(0.051865253253112795), 'stamp_buy': np.float64(1.4951807867312623), 'stt_sell': np.float64(12.9663133132782), 'dp_sell': 16.5, 'gst': np.float64(10.750326520698547), 'fees_total': np.float64(84.93585684681105)}",Time,10,1413_rsi_enabled=False_rsi_buy_below=40_rsi_sell_above=70_macd_enabled=True_macd_fast=12_macd_slow=26_macd_signal=9_adx_enabled=False_adx_length=14_adx_min_adx=20_sma_enabled=False_sma_length=50_bb_enabled=False_bb_length=20_bb_stddev=2.0_combination_mode=all
BDL.NS,2021-07-02,2021-07-16,280,177.9681396484375,179.89077758789062,178.05712371826172,179.8008321990967,49855.994641113284,50344.23301574708,488.2383746337946,403.7385468248919,0.9792972302495663,0.8098094316063502,0.8074770936497838,84.49982780890268,"{'brokerage_entry': 20.0, 'brokerage_exit': 20.0, 'exchange_entry': np.float64(1.4807230408410645), 'exchange_exit': np.float64(1.4952237205676882), 'sebi_entry': np.float64(0.04985599464111328), 'sebi_exit': np.float64(0.05034423301574708), 'ipft_entry': np.float64(0.04985599464111328), 'ipft_exit': np.float64(0.05034423301574708), 'stamp_buy': np.float64(1.4956798392333985), 'stt_sell': np.float64(12.58605825393677), 'dp_sell': 16.5, 'gst': np.float64(10.741742499010046), 'fees_total': np.float64(84.49982780890268)}",Time,10,1413_rsi_enabled=False_rsi_buy_below=40_rsi_sell_above=70_macd_enabled=True_macd_fast=12_macd_slow=26_macd_signal=9_adx_enabled=False_adx_length=14_adx_min_adx=20_sma_enabled=False_sma_length=50_bb_enabled=False_bb_length=20_bb_stddev=2.0_combination_mode=all
BDL.NS,2021-10-18,2021-10-29,251,198.9093475341797,197.1520886479592,199.00880220794676,197.05351260363523,49951.20935419464,49460.43166351244,-490.7776906821964,-575.0299267226087,-0.9825141313440162,-1.1511831928736291,-1.1500598534452173,84.25223604041231,"{'brokerage_entry': 20.0, 'brokerage_exit': 20.0, 'exchange_entry': np.float64(1.4835509178195807), 'exchange_exit': np.float64(1.4689748204063195), 'sebi_entry': np.float64(0.049951209354194635), 'sebi_exit': np.float64(0.04946043166351244), 'ipft_entry': np.float64(0.049951209354194635), 'ipft_exit': np.float64(0.04946043166351244), 'stamp_buy': np.float64(1.498536280625839), 'stt_sell': np.float64(12.365107915878111), 'dp_sell': 16.5, 'gst': np.float64(10.737242823647037), 'fees_total': np.float64(84.25223604041231)}",TSL,9,1413_rsi_enabled=False_rsi_buy_below=40_rsi_sell_above=70_macd_enabled=True_macd_fast=12_macd_slow=26_macd_signal=9_adx_enabled=False_adx_length=14_adx_min_adx=20_sma_enabled=False_sma_length=50_bb_enabled=False_bb_length=20_bb_stddev=2.0_combination_mode=all
BDL.NS,2022-01-14,2022-01-31,237,210.7529296875,239.71189880371094,210.85830615234374,239.59204285430908,49973.41855810547,56783.31415647125,6809.89559836578,6723.537224925997,13.627035721896286,13.454227104972528,13.447074449851995,86.35837343978243,"{'brokerage_entry': 20.0, 'brokerage_exit': 20.0, 'exchange_entry': np.float64(1.4842105311757325), 'exchange_exit': np.float64(1.686464430447196), 'sebi_entry': np.float64(0.04997341855810547), 'sebi_exit': np.float64(0.05678331415647125), 'ipft_entry': np.float64(0.04997341855810547), 'ipft_exit': np.float64(0.05678331415647125), 'stamp_buy': np.float64(1.4992025567431642), 'stt_sell': np.float64(14.195828539117812), 'dp_sell': 16.5, 'gst': np.float64(10.779153916869372), 'fees_total': np.float64(86.35837343978243)}",Time,10,1413_rsi_enabled=False_rsi_buy_below=40_rsi_sell_above=70_macd_enabled=True_macd_fast=12_macd_slow=26_macd_signal=9_adx_enabled=False_adx_length=14_adx_min_adx=20_sma_enabled=False_sma_length=50_bb_enabled=False_bb_length=20_bb_stddev=2.0_combination_mode=all
BDL.NS,2022-03-11,2022-03-28,207,241.09657287597656,269.6091520766003,241.21712116241454,269.47434750056203,49931.94408061981,55781.18993261634,5849.245851996529,5763.178290700058,11.714436438830367,11.542066700617275,11.526356581400115,86.0675612964718,"{'brokerage_entry': 20.0, 'brokerage_exit': 20.0, 'exchange_entry': np.float64(1.4829787391944085), 'exchange_exit': np.float64(1.6567013409987053), 'sebi_entry': np.float64(0.04993194408061981), 'sebi_exit': np.float64(0.05578118993261634), 'ipft_entry': np.float64(0.04993194408061981), 'ipft_exit': np.float64(0.05578118993261634), 'stamp_buy': np.float64(1.4979583224185944), 'stt_sell': np.float64(13.945297483154086), 'dp_sell': 16.5, 'gst': np.float64(10.773199142679525), 'fees_total': np.float64(86.0675612964718)}",TSL,10,1413_rsi_enabled=False_rsi_buy_below=40_rsi_sell_above=70_macd_enabled=True_macd_fast=12_macd_slow=26_macd_signal=9_adx_enabled=False_adx_length=14_adx_min_adx=20_sma_enabled=False_sma_length=50_bb_enabled=False_bb_length=20_bb_stddev=2.0_combination_mode=all
BDL.NS,2022-05-31,2022-06-06,130,383.58612060546875,372.1223279826485,383.77791366577145,371.9362668186572,49891.128776550286,48351.71468642544,-1539.4140901248466,-1623.3436244623256,-3.0855467251893454,-3.253772091894072,-3.246687248924651,83.92953433747893,"{'brokerage_entry': 20.0, 'brokerage_exit': 20.0, 'exchange_entry': np.float64(1.4817665246635434), 'exchange_exit': np.float64(1.4360459261868355), 'sebi_entry': np.float64(0.04989112877655028), 'sebi_exit': np.float64(0.048351714686425434), 'ipft_entry': np.float64(0.04989112877655028), 'ipft_exit': np.float64(0.048351714686425434), 'stamp_buy': np.float64(1.4967338632965086), 'stt_sell': np.float64(12.08792867160636), 'dp_sell': 16.5, 'gst': np.float64(10.730573664799739), 'fees_total': np.float64(83.92953433747893)}",TSL,4,1413_rsi_enabled=False_rsi_buy_below=40_rsi_sell_above=70_macd_enabled=True_macd_fast=12_macd_slow=26_macd_signal=9_adx_enabled=False_adx_length=14_adx_min_adx=20_sma_enabled=False_sma_length=50_bb_enabled=False_bb_length=20_bb_stddev=2.0_combination_mode=all
BDL.NS,2022-07-28,2022-08-12,130,382.85186767578125,402.18658447265625,383.0432936096191,401.98549118041996,49795.628169250485,52258.1138534546,2462.4856842041117,2377.439864621569,4.945184496587458,4.7743947652209195,4.754879729243138,85.04581958254248,"{'brokerage_entry': 20.0, 'brokerage_exit': 20.0, 'exchange_entry': np.float64(1.4789301566267394), 'exchange_exit': np.float64(1.5520659814476014), 'sebi_entry': np.float64(0.04979562816925048), 'sebi_exit': np.float64(0.052258113853454594), 'ipft_entry': np.float64(0.04979562816925048), 'ipft_exit': np.float64(0.052258113853454594), 'stamp_buy': np.float64(1.4938688450775146), 'stt_sell': np.float64(13.064528463363649), 'dp_sell': 16.5, 'gst': np.float64(10.752318651981556), 'fees_total': np.float64(85.04581958254248)}",Time,10,1413_rsi_enabled=False_rsi_buy_below=40_rsi_sell_above=70_macd_enabled=True_macd_fast=12_macd_slow=26_macd_signal=9_adx_enabled=False_adx_length=14_adx_min_adx=20_sma_enabled=False_sma_length=50_bb_enabled=False_bb_length=20_bb_stddev=2.0_combination_mode=all
BDL.NS,2022-10-21,2022-11-07,106,468.48797607421875,487.8939514160156,468.7222200622558,487.65000444030767,49684.55532659912,51690.90047067261,2006.3451440734934,1921.4698319964746,4.038166651356496,3.867338289264706,3.842939663992949,84.87531207701888,"{'brokerage_entry': 20.0, 'brokerage_exit': 20.0, 'exchange_entry': np.float64(1.4756312931999938), 'exchange_exit': np.float64(1.5352197439789765), 'sebi_entry': np.float64(0.049684555326599114), 'sebi_exit': np.float64(0.05169090047067261), 'ipft_entry': np.float64(0.049684555326599114), 'ipft_exit': np.float64(0.05169090047067261), 'stamp_buy': np.float64(1.4905366597979737), 'stt_sell': np.float64(12.922725117668152), 'dp_sell': 16.5, 'gst': np.float64(10.748448350779233), 'fees_total': np.float64(84.87531207701888)}",Time,10,1413_rsi_enabled=False_rsi_buy_below=40_rsi_sell_above=70_macd_enabled=True_macd_fast=12_macd_slow=26_macd_signal=9_adx_enabled=False_adx_length=14_adx_min_adx=20_sma_enabled=False_sma_length=50_bb_enabled=False_bb_length=20_bb_stddev=2.0_combination_mode=all
BDL.NS,2023-01-02,2023-01-16,107,463.0484313964844,453.6639404296875,463.2799556121826,453.43710845947265,49570.95525050354,48517.770605163576,-1053.184645339963,-1137.1403235281261,-2.124600262427392,-2.2939649191379563,-2.274280647056252,83.95567818816308,"{'brokerage_entry': 20.0, 'brokerage_exit': 20.0, 'exchange_entry': np.float64(1.4722573709399551), 'exchange_exit': np.float64(1.4409777869733582), 'sebi_entry': np.float64(0.049570955250503534), 'sebi_exit': np.float64(0.048517770605163574), 'ipft_entry': np.float64(0.049570955250503534), 'ipft_exit': np.float64(0.048517770605163574), 'stamp_buy': np.float64(1.4871286575151061), 'stt_sell': np.float64(12.129442651290894), 'dp_sell': 16.5, 'gst': np.float64(10.729694269732436), 'fees_total': np.float64(83.95567818816308)}",Time,10,1413_rsi_enabled=False_rsi_buy_below=40_rsi_sell_above=70_macd_enabled=True_macd_fast=12_macd_slow=26_macd_signal=9_adx_enabled=False_adx_length=14_adx_min_adx=20_sma_enabled=False_sma_length=50_bb_enabled=False_bb_length=20_bb_stddev=2.0_combination_mode=all
BDL.NS,2023-01-31,2023-02-01,107,463.2689514160156,440.1055038452148,463.50058589172363,439.8854510932922,49594.56269041443,47067.74326698227,-2526.8194234321636,-2610.3599463462638,-5.094952523738139,-5.263399463043942,-5.220719892692528,83.54052291410038,"{'brokerage_entry': 20.0, 'brokerage_exit': 20.0, 'exchange_entry': np.float64(1.4729585119053086), 'exchange_exit': np.float64(1.3979119750293734), 'sebi_entry': np.float64(0.04959456269041443), 'sebi_exit': np.float64(0.047067743266982265), 'ipft_entry': np.float64(0.04959456269041443), 'ipft_exit': np.float64(0.047067743266982265), 'stamp_buy': np.float64(1.487836880712433), 'stt_sell': np.float64(11.766935816745567), 'dp_sell': 16.5, 'gst': np.float64(10.721555117792905), 'fees_total': np.float64(83.54052291410038)}",HSL,1,1413_rsi_enabled=False_rsi_buy_below=40_rsi_sell_above=70_macd_enabled=True_macd_fast=12_macd_slow=26_macd_signal=9_adx_enabled=False_adx_length=14_adx_min_adx=20_sma_enabled=False_sma_length=50_bb_enabled=False_bb_length=20_bb_stddev=2.0_combination_mode=all
BDL.NS,2023-02-21,2023-03-08,108,461.27960205078125,466.84466552734375,461.5102418518066,466.6112431945801,49843.106119995115,50394.01426501465,550.9081450195372,466.394878544562,1.1052845376314424,0.9357259505893084,0.932789757089124,84.5132664749752,"{'brokerage_entry': 20.0, 'brokerage_exit': 20.0, 'exchange_entry': np.float64(1.4803402517638549), 'exchange_exit': np.float64(1.496702223670935), 'sebi_entry': np.float64(0.04984310611999511), 'sebi_exit': np.float64(0.05039401426501465), 'ipft_entry': np.float64(0.04984310611999511), 'ipft_exit': np.float64(0.05039401426501465), 'stamp_buy': np.float64(1.4952931835998535), 'stt_sell': np.float64(12.598503566253664), 'dp_sell': 16.5, 'gst': np.float64(10.741953008916866), 'fees_total': np.float64(84.5132664749752)}",Time,10,1413_rsi_enabled=False_rsi_buy_below=40_rsi_sell_above=70_macd_enabled=True_macd_fast=12_macd_slow=26_macd_signal=9_adx_enabled=False_adx_length=14_adx_min_adx=20_sma_enabled=False_sma_length=50_bb_enabled=False_bb_length=20_bb_stddev=2.0_combination_mode=all
BDL.NS,2023-03-29,2023-04-18,105,472.3602600097656,487.0519104003906,472.5964401397705,486.8083844451905,49622.6262146759,51114.880366745,1492.2541520690938,1407.5485660197826,3.0072051116628717,2.8365055890643287,2.8150971320395652,84.70558604931117,"{'brokerage_entry': 20.0, 'brokerage_exit': 20.0, 'exchange_entry': np.float64(1.4737919985758743), 'exchange_exit': np.float64(1.5181119468923265), 'sebi_entry': np.float64(0.0496226262146759), 'sebi_exit': np.float64(0.051114880366745), 'ipft_entry': np.float64(0.0496226262146759), 'ipft_exit': np.float64(0.051114880366745), 'stamp_buy': np.float64(1.488678786440277), 'stt_sell': np.float64(12.77872009168625), 'dp_sell': 16.5, 'gst': np.float64(10.744808212553588), 'fees_total': np.float64(84.70558604931117)}",Time,10,1413_rsi_enabled=False_rsi_buy_below=40_rsi_sell_above=70_macd_enabled=True_macd_fast=12_macd_slow=26_macd_signal=9_adx_enabled=False_adx_length=14_adx_min_adx=20_sma_enabled=False_sma_length=50_bb_enabled=False_bb_length=20_bb_stddev=2.0_combination_mode=all
BDL.NS,2023-07-11,2023-07-17,82,609.2354125976562,578.7736419677734,609.5400303039551,578.4842551467896,49982.28248492432,47435.70892203674,-2546.5735628875773,-2630.245975979203,-5.094952523738138,-5.262356669630963,-5.260491951958406,83.67241309162571,"{'brokerage_entry': 20.0, 'brokerage_exit': 20.0, 'exchange_entry': np.float64(1.4844737898022522), 'exchange_exit': np.float64(1.4088405549844913), 'sebi_entry': np.float64(0.04998228248492432), 'sebi_exit': np.float64(0.04743570892203674), 'ipft_entry': np.float64(0.04998228248492432), 'ipft_exit': np.float64(0.04743570892203674), 'stamp_buy': np.float64(1.4994684745477296), 'stt_sell': np.float64(11.858927230509186), 'dp_sell': 16.5, 'gst': np.float64(10.72586705896812), 'fees_total': np.float64(83.67241309162571)}",HSL,4,1413_rsi_enabled=False_rsi_buy_below=40_rsi_sell_above=70_macd_enabled=True_macd_fast=12_macd_slow=26_macd_signal=9_adx_enabled=False_adx_length=14_adx_min_adx=20_sma_enabled=False_sma_length=50_bb_enabled=False_bb_length=20_bb_stddev=2.0_combination_mode=all
BDL.NS,2023-11-07,2023-11-22,96,518.5090942382812,540.1260375976562,518.7683487854003,539.8559745788574,49801.76148339843,51826.17355957031,2024.4120761718732,1939.4899853992613,4.064940708666936,3.8944204534729074,3.8789799707985226,84.92209077261182,"{'brokerage_entry': 20.0, 'brokerage_exit': 20.0, 'exchange_entry': np.float64(1.4791123160569335), 'exchange_exit': np.float64(1.5392373547192382), 'sebi_entry': np.float64(0.04980176148339843), 'sebi_exit': np.float64(0.0518261735595703), 'ipft_entry': np.float64(0.04980176148339843), 'ipft_exit': np.float64(0.0518261735595703), 'stamp_buy': np.float64(1.494052844501953), 'stt_sell': np.float64(12.956543389892577), 'dp_sell': 16.5, 'gst': np.float64(10.74988899735518), 'fees_total': np.float64(84.92209077261182)}",Time,10,1413_rsi_enabled=False_rsi_buy_below=40_rsi_sell_above=70_macd_enabled=True_macd_fast=12_macd_slow=26_macd_signal=9_adx_enabled=False_adx_length=14_adx_min_adx=20_sma_enabled=False_sma_length=50_bb_enabled=False_bb_length=20_bb_stddev=2.0_combination_mode=all
BDL.NS,2024-04-23,2024-05-06,52,957.158203125,939.7655465959268,957.6367822265624,939.2956638226289,49797.112675781245,48843.3745187767,-953.7381570045472,-1037.8026600785145,-1.9152479044601243,-2.0840619150661084,-2.075605320157029,84.06450307396724,"{'brokerage_entry': 20.0, 'brokerage_exit': 20.0, 'exchange_entry': np.float64(1.478974246470703), 'exchange_exit': np.float64(1.4506482232076678), 'sebi_entry': np.float64(0.04979711267578124), 'sebi_exit': np.float64(0.0488433745187767), 'ipft_entry': np.float64(0.04979711267578124), 'ipft_exit': np.float64(0.0488433745187767), 'stamp_buy': np.float64(1.4939133802734375), 'stt_sell': np.float64(12.210843629694175), 'dp_sell': 16.5, 'gst': np.float64(10.732842619932148), 'fees_total': np.float64(84.06450307396724)}",TSL,8,1413_rsi_enabled=False_rsi_buy_below=40_rsi_sell_above=70_macd_enabled=True_macd_fast=12_macd_slow=26_macd_signal=9_adx_enabled=False_adx_length=14_adx_min_adx=20_sma_enabled=False_sma_length=50_bb_enabled=False_bb_length=20_bb_stddev=2.0_combination_mode=all
BDL.NS,2024-11-28,2024-12-12,42,1165.4681396484375,1222.2996826171875,1166.0508737182618,1221.688532775879,48974.13669616699,51310.91837658692,2336.7816804199247,2252.0634639548416,4.771460689378145,4.598475064351878,4.504126927909683,84.71821646508317,"{'brokerage_entry': 20.0, 'brokerage_exit': 20.0, 'exchange_entry': np.float64(1.4545318598761596), 'exchange_exit': np.float64(1.5239342757846315), 'sebi_entry': np.float64(0.04897413669616699), 'sebi_exit': np.float64(0.05131091837658691), 'ipft_entry': np.float64(0.04897413669616699), 'ipft_exit': np.float64(0.05131091837658691), 'stamp_buy': np.float64(1.4692241008850098), 'stt_sell': np.float64(12.82772959414673), 'dp_sell': 16.5, 'gst': np.float64(10.742226524245133), 'fees_total': np.float64(84.71821646508317)}",Time,10,1413_rsi_enabled=False_rsi_buy_below=40_rsi_sell_above=70_macd_enabled=True_macd_fast=12_macd_slow=26_macd_signal=9_adx_enabled=False_adx_length=14_adx_min_adx=20_sma_enabled=False_sma_length=50_bb_enabled=False_bb_length=20_bb_stddev=2.0_combination_mode=all
INDHOTEL.NS,2015-01-30,2015-02-11,469,106.41803741455078,102.90008544921875,106.47124643325805,102.84863540649414,49935.014577198024,48236.01000564575,-1699.004571552272,-1782.9038098365452,-3.402431311851651,-3.5704481613402352,-3.5658076196730906,83.89923828427324,"{'brokerage_entry': 20.0, 'brokerage_exit': 20.0, 'exchange_entry': np.float64(1.4830699329427812), 'exchange_exit': np.float64(1.4326094971676788), 'sebi_entry': np.float64(0.049935014577198025), 'sebi_exit': np.float64(0.04823601000564575), 'ipft_entry': np.float64(0.049935014577198025), 'ipft_exit': np.float64(0.04823601000564575), 'stamp_buy': np.float64(1.4980504373159407), 'stt_sell': np.float64(12.059002501411438), 'dp_sell': 16.5, 'gst': np.float64(10.730163866269708), 'fees_total': np.float64(83.89923828427324)}",MACD_cross_down,8,1413_rsi_enabled=False_rsi_buy_below=40_rsi_sell_above=70_macd_enabled=True_macd_fast=12_macd_slow=26_macd_signal=9_adx_enabled=False_adx_length=14_adx_min_adx=20_sma_enabled=False_sma_length=50_bb_enabled=False_bb_length=20_bb_stddev=2.0_combination_mode=all
INDHOTEL.NS,2015-03-31,2015-04-01,486,102.8121337890625,97.67152709960936,102.86353985595703,97.62269133605956,49991.68036999512,47444.627989324945,-2547.052380670175,-2630.7279906290946,-5.094952523738148,-5.26233159429474,-5.261455981258189,83.6756099589198,"{'brokerage_entry': 20.0, 'brokerage_exit': 20.0, 'exchange_entry': np.float64(1.484752906988855), 'exchange_exit': np.float64(1.4091054512829508), 'sebi_entry': np.float64(0.049991680369995115), 'sebi_exit': np.float64(0.047444627989324945), 'ipft_entry': np.float64(0.049991680369995115), 'ipft_exit': np.float64(0.047444627989324945), 'stamp_buy': np.float64(1.4997504110998536), 'stt_sell': np.float64(11.861156997331236), 'dp_sell': 16.5, 'gst': np.float64(10.725971575498276), 'fees_total': np.float64(83.6756099589198)}",HSL,1,1413_rsi_enabled=False_rsi_buy_below=40_rsi_sell_above=70_macd_enabled=True_macd_fast=12_macd_slow=26_macd_signal=9_adx_enabled=False_adx_length=14_adx_min_adx=20_sma_enabled=False_sma_length=50_bb_enabled=False_bb_length=20_bb_stddev=2.0_combination_mode=all
INDHOTEL.NS,2015-10-28,2015-11-13,603,82.75981140136719,83.15558624267578,82.80119130706787,83.11400844955445,49929.118358161926,50117.74709508133,188.6287369194033,104.1890735457441,0.37779304566584265,0.20867397016376973,0.2083781470914882,84.43966337365922,"{'brokerage_entry': 20.0, 'brokerage_exit': 20.0, 'exchange_entry': np.float64(1.4828948152374093), 'exchange_exit': np.float64(1.4884970887239155), 'sebi_entry': np.float64(0.049929118358161925), 'sebi_exit': np.float64(0.05011774709508133), 'ipft_entry': np.float64(0.049929118358161925), 'ipft_exit': np.float64(0.05011774709508133), 'stamp_buy': np.float64(1.4978735507448577), 'stt_sell': np.float64(12.529436773770332), 'dp_sell': 16.5, 'gst': np.float64(10.740867414276206), 'fees_total': np.float64(84.43966337365922)}",Time,10,1413_rsi_enabled=False_rsi_buy_below=40_rsi_sell_above=70_macd_enabled=True_macd_fast=12_macd_slow=26_macd_signal=9_adx_enabled=False_adx_length=14_adx_min_adx=20_sma_enabled=False_sma_length=50_bb_enabled=False_bb_length=20_bb_stddev=2.0_combination_mode=all
INDHOTEL.NS,2015-12-02,2015-12-16,545,91.55469512939453,94.54496002197266,91.60047247695923,94.49768754196168,49922.25749994278,51501.23971036912,1578.9822104263367,1494.1453854370973,3.1628822282889475,2.9929443504008404,2.9882907708741944,84.83682498923949,"{'brokerage_entry': 20.0, 'brokerage_exit': 20.0, 'exchange_entry': np.float64(1.4826910477483006), 'exchange_exit': np.float64(1.529586819397963), 'sebi_entry': np.float64(0.04992225749994278), 'sebi_exit': np.float64(0.051501239710369115), 'ipft_entry': np.float64(0.04992225749994278), 'ipft_exit': np.float64(0.051501239710369115), 'stamp_buy': np.float64(1.4976677249982835), 'stt_sell': np.float64(12.87530992759228), 'dp_sell': 16.5, 'gst': np.float64(10.74872247508204), 'fees_total': np.float64(84.83682498923949)}",Time,10,1413_rsi_enabled=False_rsi_buy_below=40_rsi_sell_above=70_macd_enabled=True_macd_fast=12_macd_slow=26_macd_signal=9_adx_enabled=False_adx_length=14_adx_min_adx=20_sma_enabled=False_sma_length=50_bb_enabled=False_bb_length=20_bb_stddev=2.0_combination_mode=all
INDHOTEL.NS,2016-04-12,2016-04-29,548,91.15892791748047,92.52214813232422,91.2045073814392,92.47588705825807,49980.07004502868,50676.78610792542,696.7160628967395,612.1122939071498,1.39398776806244,1.224712757216382,1.2242245878142997,84.60376898958964,"{'brokerage_entry': 20.0, 'brokerage_exit': 20.0, 'exchange_entry': np.float64(1.4844080803373518), 'exchange_exit': np.float64(1.5051005474053851), 'sebi_entry': np.float64(0.04998007004502868), 'sebi_exit': np.float64(0.05067678610792542), 'ipft_entry': np.float64(0.04998007004502868), 'ipft_exit': np.float64(0.05067678610792542), 'stamp_buy': np.float64(1.4994021013508605), 'stt_sell': np.float64(12.669196526981356), 'dp_sell': 16.5, 'gst': np.float64(10.744348021208758), 'fees_total': np.float64(84.60376898958964)}",Time,10,1413_rsi_enabled=False_rsi_buy_below=40_rsi_sell_above=70_macd_enabled=True_macd_fast=12_macd_slow=26_macd_signal=9_adx_enabled=False_adx_length=14_adx_min_adx=20_sma_enabled=False_sma_length=50_bb_enabled=False_bb_length=20_bb_stddev=2.0_combination_mode=all
INDHOTEL.NS,2016-08-19,2016-08-22,418,119.5379638671875,114.46907043457031,119.59773284912109,114.41183589935304,49991.85233093261,47824.14740592957,-2167.7049250030395,-2251.489622710607,-4.3361164348410535,-4.503713140706112,-4.502979245421214,83.78469770756745,"{'brokerage_entry': 20.0, 'brokerage_exit': 20.0, 'exchange_entry': np.float64(1.4847580142286987), 'exchange_exit': np.float64(1.4203771779561083), 'sebi_entry': np.float64(0.04999185233093261), 'sebi_exit': np.float64(0.04782414740592957), 'ipft_entry': np.float64(0.04999185233093261), 'ipft_exit': np.float64(0.04782414740592957), 'stamp_buy': np.float64(1.4997555699279783), 'stt_sell': np.float64(11.956036851482393), 'dp_sell': 16.5, 'gst': np.float64(10.728138094498537), 'fees_total': np.float64(83.78469770756745)}",MACD_cross_down,1,1413_rsi_enabled=False_rsi_buy_below=40_rsi_sell_above=70_macd_enabled=True_macd_fast=12_macd_slow=26_macd_signal=9_adx_enabled=False_adx_length=14_adx_min_adx=20_sma_enabled=False_sma_length=50_bb_enabled=False_bb_length=20_bb_stddev=2.0_combination_mode=all
INDHOTEL.NS,2016-09-07,2016-09-12,419,119.0971908569336,113.1423313140869,119.15673945236206,113.08576014842987,49926.6738305397,47382.933502192114,-2543.740328347587,-2627.3938251099394,-5.0949525237381295,-5.2625052372361045,-5.254787650219879,83.65349676235238,"{'brokerage_entry': 20.0, 'brokerage_exit': 20.0, 'exchange_entry': np.float64(1.4828222127670292), 'exchange_exit': np.float64(1.4072731250151058), 'sebi_entry': np.float64(0.0499266738305397), 'sebi_exit': np.float64(0.04738293350219211), 'ipft_entry': np.float64(0.0499266738305397), 'ipft_exit': np.float64(0.04738293350219211), 'stamp_buy': np.float64(1.497800214916191), 'stt_sell': np.float64(11.84573337554803), 'dp_sell': 16.5, 'gst': np.float64(10.725248619440567), 'fees_total': np.float64(83.65349676235238)}",HSL,3,1413_rsi_enabled=False_rsi_buy_below=40_rsi_sell_above=70_macd_enabled=True_macd_fast=12_macd_slow=26_macd_signal=9_adx_enabled=False_adx_length=14_adx_min_adx=20_sma_enabled=False_sma_length=50_bb_enabled=False_bb_length=20_bb_stddev=2.0_combination_mode=all
INDHOTEL.NS,2016-09-27,2016-09-29,436,114.46907043457031,108.7456169128418,114.52630496978759,108.69124410438538,49933.468966827386,47389.38242951202,-2544.0865373153647,-2627.742345571079,-5.094952523738123,-5.262487065172227,-5.255484691142158,83.6558082557143,"{'brokerage_entry': 20.0, 'brokerage_exit': 20.0, 'exchange_entry': np.float64(1.4830240283147733), 'exchange_exit': np.float64(1.4074646581565071), 'sebi_entry': np.float64(0.049933468966827384), 'sebi_exit': np.float64(0.04738938242951202), 'ipft_entry': np.float64(0.049933468966827384), 'ipft_exit': np.float64(0.04738938242951202), 'stamp_buy': np.float64(1.4980040690048215), 'stt_sell': np.float64(11.847345607378006), 'dp_sell': 16.5, 'gst': np.float64(10.725324190067512), 'fees_total': np.float64(83.6558082557143)}",HSL,2,1413_rsi_enabled=False_rsi_buy_below=40_rsi_sell_above=70_macd_enabled=True_macd_fast=12_macd_slow=26_macd_signal=9_adx_enabled=False_adx_length=14_adx_min_adx=20_sma_enabled=False_sma_length=50_bb_enabled=False_bb_length=20_bb_stddev=2.0_combination_mode=all
INDHOTEL.NS,2016-10-21,2016-10-25,427,116.98147583007812,111.13240203857421,117.03996656799316,111.07683583755494,49976.06572453308,47429.80890263596,-2546.256821897121,-2629.92712024082,-5.094952523738122,-5.262373262307036,-5.25985424048164,83.67029834369887,"{'brokerage_entry': 20.0, 'brokerage_exit': 20.0, 'exchange_entry': np.float64(1.4842891520186325), 'exchange_exit': np.float64(1.408665324408288), 'sebi_entry': np.float64(0.04997606572453308), 'sebi_exit': np.float64(0.047429808902635956), 'ipft_entry': np.float64(0.04997606572453308), 'ipft_exit': np.float64(0.047429808902635956), 'stamp_buy': np.float64(1.4992819717359924), 'stt_sell': np.float64(11.85745222565899), 'dp_sell': 16.5, 'gst': np.float64(10.725797920622627), 'fees_total': np.float64(83.67029834369887)}",HSL,2,1413_rsi_enabled=False_rsi_buy_below=40_rsi_sell_above=70_macd_enabled=True_macd_fast=12_macd_slow=26_macd_signal=9_adx_enabled=False_adx_length=14_adx_min_adx=20_sma_enabled=False_sma_length=50_bb_enabled=False_bb_length=20_bb_stddev=2.0_combination_mode=all
INDHOTEL.NS,2017-01-18,2017-02-02,530,94.19345092773438,97.1466293334961,94.24054765319823,97.09805601882935,49947.490256195066,51461.96968997956,1514.4794337844942,1429.6521943955668,3.0321432088304996,2.862310372478114,2.859304388791134,84.82723938892735,"{'brokerage_entry': 20.0, 'brokerage_exit': 20.0, 'exchange_entry': np.float64(1.4834404606089935), 'exchange_exit': np.float64(1.528420499792393), 'sebi_entry': np.float64(0.04994749025619506), 'sebi_exit': np.float64(0.051461969689979556), 'ipft_entry': np.float64(0.04994749025619506), 'ipft_exit': np.float64(0.051461969689979556), 'stamp_buy': np.float64(1.4984247076858521), 'stt_sell': np.float64(12.86549242249489), 'dp_sell': 16.5, 'gst': np.float64(10.748642378452873), 'fees_total': np.float64(84.82723938892735)}",Time,10,1413_rsi_enabled=False_rsi_buy_below=40_rsi_sell_above=70_macd_enabled=True_macd_fast=12_macd_slow=26_macd_signal=9_adx_enabled=False_adx_length=14_adx_min_adx=20_sma_enabled=False_sma_length=50_bb_enabled=False_bb_length=20_bb_stddev=2.0_combination_mode=all
INDHOTEL.NS,2017-11-23,2017-12-07,445,112.12397766113281,115.0994644165039,112.18003964996338,115.04191468429566,49920.1176442337,51193.65203451157,1273.5343902778695,1188.7861120713114,2.551144609381697,2.3813768239559203,2.377572224142623,84.74827820655804,"{'brokerage_entry': 20.0, 'brokerage_exit': 20.0, 'exchange_entry': np.float64(1.482627494033741), 'exchange_exit': np.float64(1.5204514654249937), 'sebi_entry': np.float64(0.0499201176442337), 'sebi_exit': np.float64(0.051193652034511566), 'ipft_entry': np.float64(0.0499201176442337), 'ipft_exit': np.float64(0.051193652034511566), 'stamp_buy': np.float64(1.4976035293270111), 'stt_sell': np.float64(12.798413008627893), 'dp_sell': 16.5, 'gst': np.float64(10.74695516978692), 'fees_total': np.float64(84.74827820655804)}",Time,10,1413_rsi_enabled=False_rsi_buy_below=40_rsi_sell_above=70_macd_enabled=True_macd_fast=12_macd_slow=26_macd_signal=9_adx_enabled=False_adx_length=14_adx_min_adx=20_sma_enabled=False_sma_length=50_bb_enabled=False_bb_length=20_bb_stddev=2.0_combination_mode=all
INDHOTEL.NS,2018-04-17,2018-05-02,359,139.0450897216797,139.37567138671875,139.11461226654052,139.3059835510254,49942.14580368804,50010.848094818124,68.702291130081,-15.707526957501699,0.13756375506998655,-0.03145144587748522,-0.0314150539150034,84.40981808758269,"{'brokerage_entry': 20.0, 'brokerage_exit': 20.0, 'exchange_entry': np.float64(1.483281730369535), 'exchange_exit': np.float64(1.4853221884160983), 'sebi_entry': np.float64(0.04994214580368804), 'sebi_exit': np.float64(0.05001084809481812), 'ipft_entry': np.float64(0.04994214580368804), 'ipft_exit': np.float64(0.05001084809481812), 'stamp_buy': np.float64(1.4982643741106414), 'stt_sell': np.float64(12.50271202370453), 'dp_sell': 16.5, 'gst': np.float64(10.740331783184878), 'fees_total': np.float64(84.40981808758269)}",Time,10,1413_rsi_enabled=False_rsi_buy_below=40_rsi_sell_above=70_macd_enabled=True_macd_fast=12_macd_slow=26_macd_signal=9_adx_enabled=False_adx_length=14_adx_min_adx=20_sma_enabled=False_sma_length=50_bb_enabled=False_bb_length=20_bb_stddev=2.0_combination_mode=all
INDHOTEL.NS,2018-05-29,2018-06-01,361,138.19491577148438,131.28516998291016,138.2640132293701,131.2195273979187,49913.30877580261,47370.249390648656,-2543.0593851539525,-2626.708335541663,-5.0949525237381135,-5.262540993505645,-5.253416671083326,83.6489503877105,"{'brokerage_entry': 20.0, 'brokerage_exit': 20.0, 'exchange_entry': np.float64(1.4824252706413374), 'exchange_exit': np.float64(1.4068964069022651), 'sebi_entry': np.float64(0.049913308775802606), 'sebi_exit': np.float64(0.047370249390648655), 'ipft_entry': np.float64(0.049913308775802606), 'ipft_exit': np.float64(0.047370249390648655), 'stamp_buy': np.float64(1.4973992632740782), 'stt_sell': np.float64(11.842562347662165), 'dp_sell': 16.5, 'gst': np.float64(10.725099982897767), 'fees_total': np.float64(83.6489503877105)}",HSL,3,1413_rsi_enabled=False_rsi_buy_below=40_rsi_sell_above=70_macd_enabled=True_macd_fast=12_macd_slow=26_macd_signal=9_adx_enabled=False_adx_length=14_adx_min_adx=20_sma_enabled=False_sma_length=50_bb_enabled=False_bb_length=20_bb_stddev=2.0_combination_mode=all
INDHOTEL.NS,2018-08-31,2018-09-04,384,130.0544891357422,123.55176467895507,130.11951638031005,123.48998879661559,49965.894290039054,47420.15569790039,-2545.7385921386667,-2629.405430477692,-5.0949525237381215,-5.2624004190031615,-5.258810860955384,83.66683833902513,"{'brokerage_entry': 20.0, 'brokerage_exit': 20.0, 'exchange_entry': np.float64(1.4839870604141598), 'exchange_exit': np.float64(1.4083786242276415), 'sebi_entry': np.float64(0.04996589429003905), 'sebi_exit': np.float64(0.04742015569790038), 'ipft_entry': np.float64(0.04996589429003905), 'ipft_exit': np.float64(0.04742015569790038), 'stamp_buy': np.float64(1.4989768287011715), 'stt_sell': np.float64(11.855038924475098), 'dp_sell': 16.5, 'gst': np.float64(10.725684801231182), 'fees_total': np.float64(83.66683833902513)}",HSL,2,1413_rsi_enabled=False_rsi_buy_below=40_rsi_sell_above=70_macd_enabled=True_macd_fast=12_macd_slow=26_macd_signal=9_adx_enabled=False_adx_length=14_adx_min_adx=20_sma_enabled=False_sma_length=50_bb_enabled=False_bb_length=20_bb_stddev=2.0_combination_mode=all
INDHOTEL.NS,2018-09-28,2018-10-01,385,129.72280883789062,123.23666839599609,129.78767024230956,123.1750500617981,49968.25304328918,47422.39427379227,-2545.85876949691,-2629.5264102101996,-5.094952523738116,-5.262394120387103,-5.259052820420399,83.6676407132895,"{'brokerage_entry': 20.0, 'brokerage_exit': 20.0, 'exchange_entry': np.float64(1.4840571153856887), 'exchange_exit': np.float64(1.4084451099316304), 'sebi_entry': np.float64(0.049968253043289175), 'sebi_exit': np.float64(0.047422394273792266), 'ipft_entry': np.float64(0.049968253043289175), 'ipft_exit': np.float64(0.047422394273792266), 'stamp_buy': np.float64(1.4990475912986754), 'stt_sell': np.float64(11.855598568448068), 'dp_sell': 16.5, 'gst': np.float64(10.725711033591267), 'fees_total': np.float64(83.6676407132895)}",HSL,1,1413_rsi_enabled=False_rsi_buy_below=40_rsi_sell_above=70_macd_enabled=True_macd_fast=12_macd_slow=26_macd_signal=9_adx_enabled=False_adx_length=14_adx_min_adx=20_sma_enabled=False_sma_length=50_bb_enabled=False_bb_length=20_bb_stddev=2.0_combination_mode=all
INDHOTEL.NS,2018-11-16,2018-12-03,388,128.58572387695312,134.50807189941406,128.6500167388916,134.44081786346436,49916.20649468994,52163.03733102417,2246.8308363342294,2161.804214612088,4.501205107750418,4.330866398755802,4.323608429224176,85.02662172214143,"{'brokerage_entry': 20.0, 'brokerage_exit': 20.0, 'exchange_entry': np.float64(1.4825113328922912), 'exchange_exit': np.float64(1.549242208731418), 'sebi_entry': np.float64(0.04991620649468994), 'sebi_exit': np.float64(0.05216303733102417), 'ipft_entry': np.float64(0.04991620649468994), 'ipft_exit': np.float64(0.05216303733102417), 'stamp_buy': np.float64(1.4974861948406983), 'stt_sell': np.float64(13.040759332756043), 'dp_sell': 16.5, 'gst': np.float64(10.752464165269528), 'fees_total': np.float64(85.02662172214143)}",Time,10,1413_rsi_enabled=False_rsi_buy_below=40_rsi_sell_above=70_macd_enabled=True_macd_fast=12_macd_slow=26_macd_signal=9_adx_enabled=False_adx_length=14_adx_min_adx=20_sma_enabled=False_sma_length=50_bb_enabled=False_bb_length=20_bb_stddev=2.0_combination_mode=all
INDHOTEL.NS,2019-03-12,2019-03-27,349,143.1309814453125,143.3205108642578,143.20254693603516,143.2488506088257,49977.68888067627,49993.84886248017,16.15998180389579,-68.24734641896504,0.03233439193732706,-0.13655562701570353,-0.13649469283793006,84.40732822286083,"{'brokerage_entry': 20.0, 'brokerage_exit': 20.0, 'exchange_entry': np.float64(1.4843373597560854), 'exchange_exit': np.float64(1.484817311215661), 'sebi_entry': np.float64(0.04997768888067627), 'sebi_exit': np.float64(0.049993848862480164), 'ipft_entry': np.float64(0.04997768888067627), 'ipft_exit': np.float64(0.049993848862480164), 'stamp_buy': np.float64(1.4993306664202881), 'stt_sell': np.float64(12.498462215620043), 'dp_sell': 16.5, 'gst': np.float64(10.740437594362449), 'fees_total': np.float64(84.40732822286083)}",Time,10,1413_rsi_enabled=False_rsi_buy_below=40_rsi_sell_above=70_macd_enabled=True_macd_fast=12_macd_slow=26_macd_signal=9_adx_enabled=False_adx_length=14_adx_min_adx=20_sma_enabled=False_sma_length=50_bb_enabled=False_bb_length=20_bb_stddev=2.0_combination_mode=all
INDHOTEL.NS,2019-05-31,2019-06-07,335,148.9112091064453,141.46564865112305,148.98566471099852,141.3949158267975,49910.19767818451,47367.296801977165,-2542.9008762073427,-2626.5487682967073,-5.0949525237381135,-5.2625493195446875,-5.2530975365934145,83.64789208936476,"{'brokerage_entry': 20.0, 'brokerage_exit': 20.0, 'exchange_entry': np.float64(1.48233287104208), 'exchange_exit': np.float64(1.4068087150187218), 'sebi_entry': np.float64(0.049910197678184505), 'sebi_exit': np.float64(0.04736729680197716), 'ipft_entry': np.float64(0.049910197678184505), 'ipft_exit': np.float64(0.04736729680197716), 'stamp_buy': np.float64(1.4973059303455352), 'stt_sell': np.float64(11.841824200494292), 'dp_sell': 16.5, 'gst': np.float64(10.725065383503804), 'fees_total': np.float64(83.64789208936476)}",HSL,4,1413_rsi_enabled=False_rsi_buy_below=40_rsi_sell_above=70_macd_enabled=True_macd_fast=12_macd_slow=26_macd_signal=9_adx_enabled=False_adx_length=14_adx_min_adx=20_sma_enabled=False_sma_length=50_bb_enabled=False_bb_length=20_bb_stddev=2.0_combination_mode=all
INDHOTEL.NS,2019-06-24,2019-07-04,341,146.41519165039062,144.65631103515625,146.4883992462158,144.58398287963868,49952.54414295959,49303.13816195679,-649.4059810027975,-733.6130999198732,-1.300045857813082,-1.4686200923427242,-1.4672261998397464,84.20711891707569,"{'brokerage_entry': 20.0, 'brokerage_exit': 20.0, 'exchange_entry': np.float64(1.4835905610458997), 'exchange_exit': np.float64(1.4643032034101167), 'sebi_entry': np.float64(0.04995254414295958), 'sebi_exit': np.float64(0.04930313816195679), 'ipft_entry': np.float64(0.04995254414295958), 'ipft_exit': np.float64(0.04930313816195679), 'stamp_buy': np.float64(1.4985763242887877), 'stt_sell': np.float64(12.325784540489199), 'dp_sell': 16.5, 'gst': np.float64(10.736352923231856), 'fees_total': np.float64(84.20711891707569)}",MACD_cross_down,8,1413_rsi_enabled=False_rsi_buy_below=40_rsi_sell_above=70_macd_enabled=True_macd_fast=12_macd_slow=26_macd_signal=9_adx_enabled=False_adx_length=14_adx_min_adx=20_sma_enabled=False_sma_length=50_bb_enabled=False_bb_length=20_bb_stddev=2.0_combination_mode=all
INDHOTEL.NS,2019-09-20,2019-10-07,352,141.70896911621094,148.5068359375,141.77982360076905,148.43258251953125,49906.49790747071,52248.269046875,2341.7711394042926,2256.7206759926553,4.692317108177097,4.5218974895348,4.5134413519853105,85.05046341163714,"{'brokerage_entry': 20.0, 'brokerage_exit': 20.0, 'exchange_entry': np.float64(1.48222298785188), 'exchange_exit': np.float64(1.5517735906921875), 'sebi_entry': np.float64(0.049906497907470704), 'sebi_exit': np.float64(0.052248269046875), 'ipft_entry': np.float64(0.049906497907470704), 'ipft_exit': np.float64(0.052248269046875), 'stamp_buy': np.float64(1.4971949372241213), 'stt_sell': np.float64(13.06206726171875), 'dp_sell': 16.5, 'gst': np.float64(10.752895100241497), 'fees_total': np.float64(85.05046341163714)}",Time,10,1413_rsi_enabled=False_rsi_buy_below=40_rsi_sell_above=70_macd_enabled=True_macd_fast=12_macd_slow=26_macd_signal=9_adx_enabled=False_adx_length=14_adx_min_adx=20_sma_enabled=False_sma_length=50_bb_enabled=False_bb_length=20_bb_stddev=2.0_combination_mode=all
INDHOTEL.NS,2020-06-01,2020-06-09,624,80.00544738769531,82.57246873115997,80.04545011138916,82.5311824967944,49948.36086950683,51499.4578779997,1551.0970084928704,1466.258936089216,3.1054012213638136,2.93554965681438,2.932517872178432,84.83807240365437,"{'brokerage_entry': 20.0, 'brokerage_exit': 20.0, 'exchange_entry': np.float64(1.483466317824353), 'exchange_exit': np.float64(1.5295338989765912), 'sebi_entry': np.float64(0.04994836086950683), 'sebi_exit': np.float64(0.0514994578779997), 'ipft_entry': np.float64(0.04994836086950683), 'ipft_exit': np.float64(0.0514994578779997), 'stamp_buy': np.float64(1.498450826085205), 'stt_sell': np.float64(12.874864469499926), 'dp_sell': 16.5, 'gst': np.float64(10.748861253773272), 'fees_total': np.float64(84.83807240365437)}",TSL,6,1413_rsi_enabled=False_rsi_buy_below=40_rsi_sell_above=70_macd_enabled=True_macd_fast=12_macd_slow=26_macd_signal=9_adx_enabled=False_adx_length=14_adx_min_adx=20_sma_enabled=False_sma_length=50_bb_enabled=False_bb_length=20_bb_stddev=2.0_combination_mode=all
INDHOTEL.NS,2020-08-12,2020-08-13,597,83.62701416015625,85.16750778288042,83.66882766723633,85.12492402898899,49950.29011734009,50819.579645306425,869.2895279663353,784.6467266031469,1.7403092673220815,1.5708551937534379,1.5692934532062937,84.64280136318837,"{'brokerage_entry': 20.0, 'brokerage_exit': 20.0, 'exchange_entry': np.float64(1.4835236164850008), 'exchange_exit': np.float64(1.509341515465601), 'sebi_entry': np.float64(0.04995029011734009), 'sebi_exit': np.float64(0.05081957964530642), 'ipft_entry': np.float64(0.04995029011734009), 'ipft_exit': np.float64(0.05081957964530642), 'stamp_buy': np.float64(1.4985087035202027), 'stt_sell': np.float64(12.704894911326607), 'dp_sell': 16.5, 'gst': np.float64(10.744992876865659), 'fees_total': np.float64(84.64280136318837)}",TSL,1,1413_rsi_enabled=False_rsi_buy_below=40_rsi_sell_above=70_macd_enabled=True_macd_fast=12_macd_slow=26_macd_signal=9_adx_enabled=False_adx_length=14_adx_min_adx=20_sma_enabled=False_sma_length=50_bb_enabled=False_bb_length=20_bb_stddev=2.0_combination_mode=all
INDHOTEL.NS,2020-11-10,2020-11-11,459,108.79165649414062,103.3520736694336,108.84605232238769,103.30039763259889,49960.33801597595,47414.88251336289,-2545.4555026130547,-2629.120450880995,-5.0949525237381055,-5.2624152583600905,-5.25824090176199,83.66494826794046,"{'brokerage_entry': 20.0, 'brokerage_exit': 20.0, 'exchange_entry': np.float64(1.4838220390744856), 'exchange_exit': np.float64(1.408222010646878), 'sebi_entry': np.float64(0.04996033801597594), 'sebi_exit': np.float64(0.04741488251336289), 'ipft_entry': np.float64(0.04996033801597594), 'ipft_exit': np.float64(0.04741488251336289), 'stamp_buy': np.float64(1.4988101404792784), 'stt_sell': np.float64(11.853720628340723), 'dp_sell': 16.5, 'gst': np.float64(10.725623008340408), 'fees_total': np.float64(83.66494826794046)}",HSL,1,1413_rsi_enabled=False_rsi_buy_below=40_rsi_sell_above=70_macd_enabled=True_macd_fast=12_macd_slow=26_macd_signal=9_adx_enabled=False_adx_length=14_adx_min_adx=20_sma_enabled=False_sma_length=50_bb_enabled=False_bb_length=20_bb_stddev=2.0_combination_mode=all
INDHOTEL.NS,2021-02-10,2021-02-22,411,121.37399291992188,115.30529327392577,121.43467991638182,115.24764062728882,49909.65344563293,47366.780297815705,-2542.8731478172267,-2626.520854775657,-5.094952523738124,-5.262550776147447,-5.253041709551314,83.64770695843035,"{'brokerage_entry': 20.0, 'brokerage_exit': 20.0, 'exchange_entry': np.float64(1.482316707335298), 'exchange_exit': np.float64(1.4067933748451265), 'sebi_entry': np.float64(0.04990965344563293), 'sebi_exit': np.float64(0.0473667802978157), 'ipft_entry': np.float64(0.04990965344563293), 'ipft_exit': np.float64(0.0473667802978157), 'stamp_buy': np.float64(1.497289603368988), 'stt_sell': np.float64(11.841695074453927), 'dp_sell': 16.5, 'gst': np.float64(10.725059330940118), 'fees_total': np.float64(83.64770695843035)}",HSL,8,1413_rsi_enabled=False_rsi_buy_below=40_rsi_sell_above=70_macd_enabled=True_macd_fast=12_macd_slow=26_macd_signal=9_adx_enabled=False_adx_length=14_adx_min_adx=20_sma_enabled=False_sma_length=50_bb_enabled=False_bb_length=20_bb_stddev=2.0_combination_mode=all
INDHOTEL.NS,2021-04-28,2021-04-30,459,108.74382781982422,103.306636428833,108.79819973373412,103.2549831106186,49938.373677783966,47394.03724777394,-2544.3364300100293,-2627.9939066953875,-5.094952523738124,-5.262473951698793,-5.255987813390775,83.65747668535843,"{'brokerage_entry': 20.0, 'brokerage_exit': 20.0, 'exchange_entry': np.float64(1.4831696982301839), 'exchange_exit': np.float64(1.407602906258886), 'sebi_entry': np.float64(0.04993837367778396), 'sebi_exit': np.float64(0.04739403724777393), 'ipft_entry': np.float64(0.04993837367778396), 'ipft_exit': np.float64(0.04739403724777393), 'stamp_buy': np.float64(1.498151210333519), 'stt_sell': np.float64(11.848509311943484), 'dp_sell': 16.5, 'gst': np.float64(10.725378736741234), 'fees_total': np.float64(83.65747668535843)}",HSL,2,1413_rsi_enabled=False_rsi_buy_below=40_rsi_sell_above=70_macd_enabled=True_macd_fast=12_macd_slow=26_macd_signal=9_adx_enabled=False_adx_length=14_adx_min_adx=20_sma_enabled=False_sma_length=50_bb_enabled=False_bb_length=20_bb_stddev=2.0_combination_mode=all
INDHOTEL.NS,2021-09-02,2021-09-17,348,143.46987915039062,143.03802490234375,143.5416140899658,142.96650588989257,49952.4817033081,49752.344049682615,-200.13765362548293,-284.47387280111917,-0.4006560771378629,-0.5694889685176141,-0.5689477456022383,84.33621917563626,"{'brokerage_entry': 20.0, 'brokerage_exit': 20.0, 'exchange_entry': np.float64(1.4835887065882505), 'exchange_exit': np.float64(1.4776446182755736), 'sebi_entry': np.float64(0.0499524817033081), 'sebi_exit': np.float64(0.049752344049682616), 'ipft_entry': np.float64(0.0499524817033081), 'ipft_exit': np.float64(0.049752344049682616), 'stamp_buy': np.float64(1.498574451099243), 'stt_sell': np.float64(12.438086012420655), 'dp_sell': 16.5, 'gst': np.float64(10.738915735746563), 'fees_total': np.float64(84.33621917563626)}",Time,10,1413_rsi_enabled=False_rsi_buy_below=40_rsi_sell_above=70_macd_enabled=True_macd_fast=12_macd_slow=26_macd_signal=9_adx_enabled=False_adx_length=14_adx_min_adx=20_sma_enabled=False_sma_length=50_bb_enabled=False_bb_length=20_bb_stddev=2.0_combination_mode=all
INDHOTEL.NS,2022-01-12,2022-01-24,242,206.1011199951172,195.79606399536132,206.20417055511473,195.69816596336366,49901.40927433776,47358.956163134004,-2542.4531112037585,-2626.098013752326,-5.094952523738117,-5.262572845017465,-5.252196027504652,83.64490254856771,"{'brokerage_entry': 20.0, 'brokerage_exit': 20.0, 'exchange_entry': np.float64(1.4820718554478316), 'exchange_exit': np.float64(1.40656099804508), 'sebi_entry': np.float64(0.04990140927433776), 'sebi_exit': np.float64(0.047358956163134), 'ipft_entry': np.float64(0.04990140927433776), 'ipft_exit': np.float64(0.047358956163134), 'stamp_buy': np.float64(1.497042278230133), 'stt_sell': np.float64(11.8397390407835), 'dp_sell': 16.5, 'gst': np.float64(10.724967645186217), 'fees_total': np.float64(83.64490254856771)}",HSL,8,1413_rsi_enabled=False_rsi_buy_below=40_rsi_sell_above=70_macd_enabled=True_macd_fast=12_macd_slow=26_macd_signal=9_adx_enabled=False_adx_length=14_adx_min_adx=20_sma_enabled=False_sma_length=50_bb_enabled=False_bb_length=20_bb_stddev=2.0_combination_mode=all
INDHOTEL.NS,2022-03-23,2022-04-06,233,213.8701171875,248.45947265625,213.97705224609373,248.33524291992188,49856.65317333984,57862.1116003418,8005.458427001962,7918.797871391553,16.05695111376383,15.883131673238793,15.837595742783106,86.66055561040999,"{'brokerage_entry': 20.0, 'brokerage_exit': 20.0, 'exchange_entry': np.float64(1.480742599248193), 'exchange_exit': np.float64(1.7185047145301515), 'sebi_entry': np.float64(0.049856653173339836), 'sebi_exit': np.float64(0.0578621116003418), 'ipft_entry': np.float64(0.049856653173339836), 'ipft_exit': np.float64(0.0578621116003418), 'stamp_buy': np.float64(1.4956995952001952), 'stt_sell': np.float64(14.46552790008545), 'dp_sell': 16.5, 'gst': np.float64(10.784643271798629), 'fees_total': np.float64(86.66055561040999)}",Time,10,1413_rsi_enabled=False_rsi_buy_below=40_rsi_sell_above=70_macd_enabled=True_macd_fast=12_macd_slow=26_macd_signal=9_adx_enabled=False_adx_length=14_adx_min_adx=20_sma_enabled=False_sma_length=50_bb_enabled=False_bb_length=20_bb_stddev=2.0_combination_mode=all
INDHOTEL.NS,2022-07-05,2022-07-19,213,234.43243408203125,248.75912475585938,234.54965029907225,248.63474519348145,49959.07551370239,52959.20072621155,3000.1252125091632,2914.866879021169,6.005165591357494,5.8345092439144555,5.829733758042338,85.2583334879942,"{'brokerage_entry': 20.0, 'brokerage_exit': 20.0, 'exchange_entry': np.float64(1.483784542756961), 'exchange_exit': np.float64(1.5728882615684832), 'sebi_entry': np.float64(0.049959075513702385), 'sebi_exit': np.float64(0.05295920072621155), 'ipft_entry': np.float64(0.049959075513702385), 'ipft_exit': np.float64(0.05295920072621155), 'stamp_buy': np.float64(1.4987722654110718), 'stt_sell': np.float64(13.239800181552889), 'dp_sell': 16.5, 'gst': np.float64(10.75725168422495), 'fees_total': np.float64(85.2583334879942)}",Time,10,1413_rsi_enabled=False_rsi_buy_below=40_rsi_sell_above=70_macd_enabled=True_macd_fast=12_macd_slow=26_macd_signal=9_adx_enabled=False_adx_length=14_adx_min_adx=20_sma_enabled=False_sma_length=50_bb_enabled=False_bb_length=20_bb_stddev=2.0_combination_mode=all
INDHOTEL.NS,2023-02-02,2023-02-16,158,315.2865905761719,319.202880859375,315.44423387145997,319.0432794189453,49840.188951690674,50408.83814819336,568.6491965026871,484.1318661893898,1.1409451056733955,0.9713684405543715,0.9682637323787796,84.51733031329732,"{'brokerage_entry': 20.0, 'brokerage_exit': 20.0, 'exchange_entry': np.float64(1.480253611865213), 'exchange_exit': np.float64(1.4971424930013428), 'sebi_entry': np.float64(0.04984018895169067), 'sebi_exit': np.float64(0.05040883814819336), 'ipft_entry': np.float64(0.04984018895169067), 'ipft_exit': np.float64(0.05040883814819336), 'stamp_buy': np.float64(1.4952056685507202), 'stt_sell': np.float64(12.60220953704834), 'dp_sell': 16.5, 'gst': np.float64(10.742020948631938), 'fees_total': np.float64(84.51733031329732)}",Time,10,1413_rsi_enabled=False_rsi_buy_below=40_rsi_sell_above=70_macd_enabled=True_macd_fast=12_macd_slow=26_macd_signal=9_adx_enabled=False_adx_length=14_adx_min_adx=20_sma_enabled=False_sma_length=50_bb_enabled=False_bb_length=20_bb_stddev=2.0_combination_mode=all
INDHOTEL.NS,2023-03-31,2023-04-19,155,321.5823669433594,327.7294616699219,321.743158126831,327.56559693908696,49870.189509658805,50772.66752555848,902.4780158996728,817.854096622734,1.8096542739723935,1.6399658887687463,1.6357081932454678,84.62391927693872,"{'brokerage_entry': 20.0, 'brokerage_exit': 20.0, 'exchange_entry': np.float64(1.4811446284368666), 'exchange_exit': np.float64(1.5079482255090868), 'sebi_entry': np.float64(0.049870189509658804), 'sebi_exit': np.float64(0.05077266752555847), 'ipft_entry': np.float64(0.049870189509658804), 'ipft_exit': np.float64(0.05077266752555847), 'stamp_buy': np.float64(1.4961056852897643), 'stt_sell': np.float64(12.69316688138962), 'dp_sell': 16.5, 'gst': np.float64(10.74426814224295), 'fees_total': np.float64(84.62391927693872)}",Time,10,1413_rsi_enabled=False_rsi_buy_below=40_rsi_sell_above=70_macd_enabled=True_macd_fast=12_macd_slow=26_macd_signal=9_adx_enabled=False_adx_length=14_adx_min_adx=20_sma_enabled=False_sma_length=50_bb_enabled=False_bb_length=20_bb_stddev=2.0_combination_mode=all
INDHOTEL.NS,2023-08-24,2023-09-07,125,399.5695495605469,424.4711608886719,399.76933433532713,424.25892530822756,49971.16679191589,53032.36566352844,3061.198871612549,2975.918695057881,6.125930347713585,5.955271581810076,5.951837390115762,85.28017655466793,"{'brokerage_entry': 20.0, 'brokerage_exit': 20.0, 'exchange_entry': np.float64(1.484143653719902), 'exchange_exit': np.float64(1.5750612602067948), 'sebi_entry': np.float64(0.04997116679191589), 'sebi_exit': np.float64(0.05303236566352844), 'ipft_entry': np.float64(0.04997116679191589), 'ipft_exit': np.float64(0.05303236566352844), 'stamp_buy': np.float64(1.4991350037574769), 'stt_sell': np.float64(13.258091415882111), 'dp_sell': 16.5, 'gst': np.float64(10.757738156190763), 'fees_total': np.float64(85.28017655466793)}",Time,10,1413_rsi_enabled=False_rsi_buy_below=40_rsi_sell_above=70_macd_enabled=True_macd_fast=12_macd_slow=26_macd_signal=9_adx_enabled=False_adx_length=14_adx_min_adx=20_sma_enabled=False_sma_length=50_bb_enabled=False_bb_length=20_bb_stddev=2.0_combination_mode=all
INDHOTEL.NS,2023-11-13,2023-11-29,122,408.218017578125,417.56231689453125,408.42212658691403,417.353535736084,49827.49944360351,50917.131359802246,1089.631916198734,1004.9693547156431,2.186808345524176,2.0168970266170034,2.009938709431286,84.66256148309085,"{'brokerage_entry': 20.0, 'brokerage_exit': 20.0, 'exchange_entry': np.float64(1.4798767334750242), 'exchange_exit': np.float64(1.5122388013861268), 'sebi_entry': np.float64(0.04982749944360351), 'sebi_exit': np.float64(0.05091713135980224), 'ipft_entry': np.float64(0.04982749944360351), 'ipft_exit': np.float64(0.05091713135980224), 'stamp_buy': np.float64(1.4948249833081053), 'stt_sell': np.float64(12.729282839950562), 'dp_sell': 16.5, 'gst': np.float64(10.744848863364233), 'fees_total': np.float64(84.66256148309085)}",Time,10,1413_rsi_enabled=False_rsi_buy_below=40_rsi_sell_above=70_macd_enabled=True_macd_fast=12_macd_slow=26_macd_signal=9_adx_enabled=False_adx_length=14_adx_min_adx=20_sma_enabled=False_sma_length=50_bb_enabled=False_bb_length=20_bb_stddev=2.0_combination_mode=all
INDHOTEL.NS,2024-06-14,2024-07-01,81,612.0501708984375,612.9974365234375,612.3561959838867,612.6909378051758,49600.85187469482,49627.96596221924,27.114087524423667,-57.16268268237958,0.05466456018320249,-0.11524536479088705,-0.11432536536475917,84.27677020680325,"{'brokerage_entry': 20.0, 'brokerage_exit': 20.0, 'exchange_entry': np.float64(1.473145300678436), 'exchange_exit': np.float64(1.4739505890779114), 'sebi_entry': np.float64(0.04960085187469482), 'sebi_exit': np.float64(0.04962796596221924), 'ipft_entry': np.float64(0.04960085187469482), 'ipft_exit': np.float64(0.04962796596221924), 'stamp_buy': np.float64(1.4880255562408446), 'stt_sell': np.float64(12.40699149055481), 'dp_sell': 16.5, 'gst': np.float64(10.73619963457743), 'fees_total': np.float64(84.27677020680325)}",Time,10,1413_rsi_enabled=False_rsi_buy_below=40_rsi_sell_above=70_macd_enabled=True_macd_fast=12_macd_slow=26_macd_signal=9_adx_enabled=False_adx_length=14_adx_min_adx=20_sma_enabled=False_sma_length=50_bb_enabled=False_bb_length=20_bb_stddev=2.0_combination_mode=all
INDHOTEL.NS,2024-07-24,2024-08-05,79,631.5429077148438,599.9657623291015,631.8586791687011,599.665779447937,49916.835654327384,47373.59657638702,-2543.239077940365,-2626.8892280621135,-5.094952523738124,-5.26253155599294,-5.253778456124227,83.65015012174868,"{'brokerage_entry': 20.0, 'brokerage_exit': 20.0, 'exchange_entry': np.float64(1.4825300189335233), 'exchange_exit': np.float64(1.4069958183186946), 'sebi_entry': np.float64(0.049916835654327384), 'sebi_exit': np.float64(0.04737359657638702), 'ipft_entry': np.float64(0.049916835654327384), 'ipft_exit': np.float64(0.04737359657638702), 'stamp_buy': np.float64(1.4975050696298216), 'stt_sell': np.float64(11.843399144096756), 'dp_sell': 16.5, 'gst': np.float64(10.725139206308455), 'fees_total': np.float64(83.65015012174868)}",HSL,8,1413_rsi_enabled=False_rsi_buy_below=40_rsi_sell_above=70_macd_enabled=True_macd_fast=12_macd_slow=26_macd_signal=9_adx_enabled=False_adx_length=14_adx_min_adx=20_sma_enabled=False_sma_length=50_bb_enabled=False_bb_length=20_bb_stddev=2.0_combination_mode=all
INDHOTEL.NS,2024-08-22,2024-09-05,77,642.7100219726562,668.4843139648438,643.0313769836425,668.1500718078613,49513.41602774047,51447.55552920532,1934.1395014648442,1849.3456639996516,3.906293802029777,3.7350395354736463,3.698691327999303,84.79383746519267,"{'brokerage_entry': 20.0, 'brokerage_exit': 20.0, 'exchange_entry': np.float64(1.4705484560238922), 'exchange_exit': np.float64(1.527992399217398), 'sebi_entry': np.float64(0.049513416027740474), 'sebi_exit': np.float64(0.05144755552920532), 'ipft_entry': np.float64(0.049513416027740474), 'ipft_exit': np.float64(0.05144755552920532), 'stamp_buy': np.float64(1.4854024808322142), 'stt_sell': np.float64(12.86188888230133), 'dp_sell': 16.5, 'gst': np.float64(10.746083303703934), 'fees_total': np.float64(84.79383746519267)}",Time,10,1413_rsi_enabled=False_rsi_buy_below=40_rsi_sell_above=70_macd_enabled=True_macd_fast=12_macd_slow=26_macd_signal=9_adx_enabled=False_adx_length=14_adx_min_adx=20_sma_enabled=False_sma_length=50_bb_enabled=False_bb_length=20_bb_stddev=2.0_combination_mode=all
INDHOTEL.NS,2024-11-08,2024-11-26,68,730.751220703125,794.4139404296875,731.1165963134765,794.0167334594727,49715.928549316406,53993.137875244145,4277.209325927739,4191.670222263771,8.603297676890218,8.431241947147353,8.383340444527542,85.53910366396765,"{'brokerage_entry': 20.0, 'brokerage_exit': 20.0, 'exchange_entry': np.float64(1.4765630779146972), 'exchange_exit': np.float64(1.603596194894751), 'sebi_entry': np.float64(0.049715928549316404), 'sebi_exit': np.float64(0.053993137875244145), 'ipft_entry': np.float64(0.049715928549316404), 'ipft_exit': np.float64(0.053993137875244145), 'stamp_buy': np.float64(1.4914778564794922), 'stt_sell': np.float64(13.498284468811036), 'dp_sell': 16.5, 'gst': np.float64(10.761763933018543), 'fees_total': np.float64(85.53910366396765)}",Time,10,1413_rsi_enabled=False_rsi_buy_below=40_rsi_sell_above=70_macd_enabled=True_macd_fast=12_macd_slow=26_macd_signal=9_adx_enabled=False_adx_length=14_adx_min_adx=20_sma_enabled=False_sma_length=50_bb_enabled=False_bb_length=20_bb_stddev=2.0_combination_mode=all
BSE.NS,2017-03-30,2017-04-17,575,86.87567138671875,90.89727020263672,86.9191092224121,90.85182156753541,49978.48780288696,52239.797401332864,2261.309598445907,2176.256717285138,4.524565863946137,4.354386883149012,4.352513434570277,85.05288116076888,"{'brokerage_entry': 20.0, 'brokerage_exit': 20.0, 'exchange_entry': np.float64(1.4843610877457427), 'exchange_exit': np.float64(1.551521982819586), 'sebi_entry': np.float64(0.04997848780288695), 'sebi_exit': np.float64(0.05223979740133286), 'ipft_entry': np.float64(0.04997848780288695), 'ipft_exit': np.float64(0.05223979740133286), 'stamp_buy': np.float64(1.4993546340866089), 'stt_sell': np.float64(13.059949350333216), 'dp_sell': 16.5, 'gst': np.float64(10.753257535375278), 'fees_total': np.float64(85.05288116076888)}",Time,10,1413_rsi_enabled=False_rsi_buy_below=40_rsi_sell_above=70_macd_enabled=True_macd_fast=12_macd_slow=26_macd_signal=9_adx_enabled=False_adx_length=14_adx_min_adx=20_sma_enabled=False_sma_length=50_bb_enabled=False_bb_length=20_bb_stddev=2.0_combination_mode=all
BSE.NS,2017-05-16,2017-05-30,525,95.166015625,95.70521545410156,95.21359863281249,95.65736284637451,49987.139282226555,50220.11549434662,232.97621212006197,148.503216495836,0.4660723047275863,0.2970828469646749,0.297006432991672,84.47299562422596,"{'brokerage_entry': 20.0, 'brokerage_exit': 20.0, 'exchange_entry': np.float64(1.4846180366821287), 'exchange_exit': np.float64(1.4915374301820945), 'sebi_entry': np.float64(0.049987139282226555), 'sebi_exit': np.float64(0.050220115494346615), 'ipft_entry': np.float64(0.049987139282226555), 'ipft_exit': np.float64(0.050220115494346615), 'stamp_buy': np.float64(1.4996141784667967), 'stt_sell': np.float64(12.555028873586654), 'dp_sell': 16.5, 'gst': np.float64(10.741782595755128), 'fees_total': np.float64(84.47299562422596)}",Time,10,1413_rsi_enabled=False_rsi_buy_below=40_rsi_sell_above=70_macd_enabled=True_macd_fast=12_macd_slow=26_macd_signal=9_adx_enabled=False_adx_length=14_adx_min_adx=20_sma_enabled=False_sma_length=50_bb_enabled=False_bb_length=20_bb_stddev=2.0_combination_mode=all
BSE.NS,2017-07-12,2017-07-21,505,98.94047546386719,97.42170715332031,98.98994570159911,97.37299629974366,49989.92257930755,49173.36313137055,-816.5594479370047,-900.7317882625202,-1.633448114750642,-1.8018267318448744,-1.8014635765250406,84.17234032551549,"{'brokerage_entry': 20.0, 'brokerage_exit': 20.0, 'exchange_entry': np.float64(1.4847007006054342), 'exchange_exit': np.float64(1.4604488850017052), 'sebi_entry': np.float64(0.04998992257930755), 'sebi_exit': np.float64(0.049173363131370544), 'ipft_entry': np.float64(0.04998992257930755), 'ipft_exit': np.float64(0.049173363131370544), 'stamp_buy': np.float64(1.4996976773792265), 'stt_sell': np.float64(12.293340782842638), 'dp_sell': 16.5, 'gst': np.float64(10.73582570826513), 'fees_total': np.float64(84.17234032551549)}",MACD_cross_down,7,1413_rsi_enabled=False_rsi_buy_below=40_rsi_sell_above=70_macd_enabled=True_macd_fast=12_macd_slow=26_macd_signal=9_adx_enabled=False_adx_length=14_adx_min_adx=20_sma_enabled=False_sma_length=50_bb_enabled=False_bb_length=20_bb_stddev=2.0_combination_mode=all
BSE.NS,2018-01-01,2018-01-15,583,85.62279510498047,90.24446868896484,85.66560650253295,90.19934645462037,49943.04859097671,52586.21898304368,2643.170392066968,2558.020336080604,5.292368941499726,5.121874631703531,5.116040672161208,85.15005598636402,"{'brokerage_entry': 20.0, 'brokerage_exit': 20.0, 'exchange_entry': np.float64(1.4833085431520083), 'exchange_exit': np.float64(1.5618107037963973), 'sebi_entry': np.float64(0.04994304859097671), 'sebi_exit': np.float64(0.05258621898304367), 'ipft_entry': np.float64(0.04994304859097671), 'ipft_exit': np.float64(0.05258621898304367), 'stamp_buy': np.float64(1.4982914577293014), 'stt_sell': np.float64(13.14655474576092), 'dp_sell': 16.5, 'gst': np.float64(10.755032000777359), 'fees_total': np.float64(85.15005598636402)}",Time,10,1413_rsi_enabled=False_rsi_buy_below=40_rsi_sell_above=70_macd_enabled=True_macd_fast=12_macd_slow=26_macd_signal=9_adx_enabled=False_adx_length=14_adx_min_adx=20_sma_enabled=False_sma_length=50_bb_enabled=False_bb_length=20_bb_stddev=2.0_combination_mode=all
BSE.NS,2018-04-05,2018-04-19,667,74.85663604736328,75.28691864013672,74.89406436538695,75.24927518081665,49954.3409317131,50191.26654560471,236.92561389160983,152.4631204339607,0.4742843354003687,0.3052049483394761,0.3049262408679214,84.46249345764912,"{'brokerage_entry': 20.0, 'brokerage_exit': 20.0, 'exchange_entry': np.float64(1.4836439256718792), 'exchange_exit': np.float64(1.49068061640446), 'sebi_entry': np.float64(0.049954340931713095), 'sebi_exit': np.float64(0.050191266545604706), 'ipft_entry': np.float64(0.049954340931713095), 'ipft_exit': np.float64(0.050191266545604706), 'stamp_buy': np.float64(1.498630227951393), 'stt_sell': np.float64(12.547816636401178), 'dp_sell': 16.5, 'gst': np.float64(10.741430836265573), 'fees_total': np.float64(84.46249345764912)}",Time,10,1413_rsi_enabled=False_rsi_buy_below=40_rsi_sell_above=70_macd_enabled=True_macd_fast=12_macd_slow=26_macd_signal=9_adx_enabled=False_adx_length=14_adx_min_adx=20_sma_enabled=False_sma_length=50_bb_enabled=False_bb_length=20_bb_stddev=2.0_combination_mode=all
BSE.NS,2018-05-28,2018-06-11,647,77.15614318847656,77.18389892578125,77.19472126007079,77.14530697631837,49944.984655265805,49913.013613677984,-31.971041587821674,-116.35293281414727,-0.06401251658899229,-0.232962195538246,-0.23270586562829454,84.38189122632559,"{'brokerage_entry': 20.0, 'brokerage_exit': 20.0, 'exchange_entry': np.float64(1.4833660442613945), 'exchange_exit': np.float64(1.482416504326236), 'sebi_entry': np.float64(0.049944984655265805), 'sebi_exit': np.float64(0.04991301361367798), 'ipft_entry': np.float64(0.049944984655265805), 'ipft_exit': np.float64(0.04991301361367798), 'stamp_buy': np.float64(1.4983495396579742), 'stt_sell': np.float64(12.478253403419496), 'dp_sell': 16.5, 'gst': np.float64(10.739789738122594), 'fees_total': np.float64(84.38189122632559)}",Time,10,1413_rsi_enabled=False_rsi_buy_below=40_rsi_sell_above=70_macd_enabled=True_macd_fast=12_macd_slow=26_macd_signal=9_adx_enabled=False_adx_length=14_adx_min_adx=20_sma_enabled=False_sma_length=50_bb_enabled=False_bb_length=20_bb_stddev=2.0_combination_mode=all
BSE.NS,2019-03-05,2019-03-19,857,58.29884719848633,58.98203659057617,58.32799662208557,58.95254557228089,49987.09310512734,50522.331555444725,535.2384503173889,450.67859909652054,1.0707533026410128,0.9015899327226391,0.9013571981930412,84.55985122086837,"{'brokerage_entry': 20.0, 'brokerage_exit': 20.0, 'exchange_entry': np.float64(1.4846166652222819), 'exchange_exit': np.float64(1.5005132471967084), 'sebi_entry': np.float64(0.049987093105127334), 'sebi_exit': np.float64(0.05052233155544472), 'ipft_entry': np.float64(0.049987093105127334), 'ipft_exit': np.float64(0.05052233155544472), 'stamp_buy': np.float64(1.4996127931538201), 'stt_sell': np.float64(12.630582888861182), 'dp_sell': 16.5, 'gst': np.float64(10.743506777113224), 'fees_total': np.float64(84.55985122086837)}",Time,10,1413_rsi_enabled=False_rsi_buy_below=40_rsi_sell_above=70_macd_enabled=True_macd_fast=12_macd_slow=26_macd_signal=9_adx_enabled=False_adx_length=14_adx_min_adx=20_sma_enabled=False_sma_length=50_bb_enabled=False_bb_length=20_bb_stddev=2.0_combination_mode=all
BSE.NS,2019-06-04,2019-06-18,826,60.488922119140625,59.452030181884766,60.51916658020019,59.42230416679383,49988.831595245356,49082.8232417717,-906.008353473655,-990.1545985527887,-1.81242154409512,-1.980751633824877,-1.9803091971055773,84.14624507913373,"{'brokerage_entry': 20.0, 'brokerage_exit': 20.0, 'exchange_entry': np.float64(1.484668298378787), 'exchange_exit': np.float64(1.4577598502806195), 'sebi_entry': np.float64(0.04998883159524535), 'sebi_exit': np.float64(0.0490828232417717), 'ipft_entry': np.float64(0.04998883159524535), 'ipft_exit': np.float64(0.0490828232417717), 'stamp_buy': np.float64(1.4996649478573607), 'stt_sell': np.float64(12.270705810442925), 'dp_sell': 16.5, 'gst': np.float64(10.735302862500017), 'fees_total': np.float64(84.14624507913373)}",MACD_cross_down,9,1413_rsi_enabled=False_rsi_buy_below=40_rsi_sell_above=70_macd_enabled=True_macd_fast=12_macd_slow=26_macd_signal=9_adx_enabled=False_adx_length=14_adx_min_adx=20_sma_enabled=False_sma_length=50_bb_enabled=False_bb_length=20_bb_stddev=2.0_combination_mode=all
BSE.NS,2019-08-27,2019-08-29,934,53.46535110473633,50.79208354949951,53.492083780288695,50.76668750772476,49961.60625078964,47416.08613221493,-2545.5201185747137,-2629.1854982565696,-5.0949525237381295,-5.262411870945433,-5.258370996513139,83.66537968185608,"{'brokerage_entry': 20.0, 'brokerage_exit': 20.0, 'exchange_entry': np.float64(1.4838597056484524), 'exchange_exit': np.float64(1.4082577581267834), 'sebi_entry': np.float64(0.04996160625078964), 'sebi_exit': np.float64(0.04741608613221493), 'ipft_entry': np.float64(0.04996160625078964), 'ipft_exit': np.float64(0.04741608613221493), 'stamp_buy': np.float64(1.4988481875236892), 'stt_sell': np.float64(11.854021533053732), 'dp_sell': 16.5, 'gst': np.float64(10.725637112737424), 'fees_total': np.float64(83.66537968185608)}",HSL,2,1413_rsi_enabled=False_rsi_buy_below=40_rsi_sell_above=70_macd_enabled=True_macd_fast=12_macd_slow=26_macd_signal=9_adx_enabled=False_adx_length=14_adx_min_adx=20_sma_enabled=False_sma_length=50_bb_enabled=False_bb_length=20_bb_stddev=2.0_combination_mode=all
BSE.NS,2020-01-02,2020-01-06,947,52.763519287109375,50.125343322753906,52.789901046752924,50.10028065109253,49992.03629127502,47444.96577658463,-2547.070514690393,-2630.7462457226275,-5.094952523738119,-5.262330644814652,-5.261492491445255,83.67573103223476,"{'brokerage_entry': 20.0, 'brokerage_exit': 20.0, 'exchange_entry': np.float64(1.484763477850868), 'exchange_exit': np.float64(1.4091154835645634), 'sebi_entry': np.float64(0.04999203629127502), 'sebi_exit': np.float64(0.04744496577658463), 'ipft_entry': np.float64(0.04999203629127502), 'ipft_exit': np.float64(0.04744496577658463), 'stamp_buy': np.float64(1.4997610887382506), 'stt_sell': np.float64(11.861241444146158), 'dp_sell': 16.5, 'gst': np.float64(10.725975533799206), 'fees_total': np.float64(83.67573103223476)}",HSL,2,1413_rsi_enabled=False_rsi_buy_below=40_rsi_sell_above=70_macd_enabled=True_macd_fast=12_macd_slow=26_macd_signal=9_adx_enabled=False_adx_length=14_adx_min_adx=20_sma_enabled=False_sma_length=50_bb_enabled=False_bb_length=20_bb_stddev=2.0_combination_mode=all
BSE.NS,2020-04-17,2020-04-21,1281,38.994510650634766,37.04478511810303,39.01400790596008,37.02626272554398,49976.94412753486,47430.642551421835,-2546.3015761130227,-2629.9721732620173,-5.09495252373811,-5.262370917578834,-5.259944346524035,83.67059714899456,"{'brokerage_entry': 20.0, 'brokerage_exit': 20.0, 'exchange_entry': np.float64(1.4843152405877853), 'exchange_exit': np.float64(1.4086900837772285), 'sebi_entry': np.float64(0.04997694412753485), 'sebi_exit': np.float64(0.047430642551421834), 'ipft_entry': np.float64(0.04997694412753485), 'ipft_exit': np.float64(0.047430642551421834), 'stamp_buy': np.float64(1.4993083238260458), 'stt_sell': np.float64(11.857660637855458), 'dp_sell': 16.5, 'gst': np.float64(10.725807689590125), 'fees_total': np.float64(83.67059714899456)}",HSL,2,1413_rsi_enabled=False_rsi_buy_below=40_rsi_sell_above=70_macd_enabled=True_macd_fast=12_macd_slow=26_macd_signal=9_adx_enabled=False_adx_length=14_adx_min_adx=20_sma_enabled=False_sma_length=50_bb_enabled=False_bb_length=20_bb_stddev=2.0_combination_mode=all
BSE.NS,2020-06-23,2020-06-29,1074,46.492488861083984,44.16786441802979,46.51573510551452,44.14578048582077,49957.899503322595,47412.56824177151,-2545.3312615510877,-2628.9953803131034,-5.094952523738119,-5.262421772032779,-5.257990760626207,83.66411876201556,"{'brokerage_entry': 20.0, 'brokerage_exit': 20.0, 'exchange_entry': np.float64(1.483749615248681), 'exchange_exit': np.float64(1.4081532767806137), 'sebi_entry': np.float64(0.04995789950332259), 'sebi_exit': np.float64(0.04741256824177151), 'ipft_entry': np.float64(0.04995789950332259), 'ipft_exit': np.float64(0.04741256824177151), 'stamp_buy': np.float64(1.498736985099678), 'stt_sell': np.float64(11.853142060442877), 'dp_sell': 16.5, 'gst': np.float64(10.72559588895351), 'fees_total': np.float64(83.66411876201556)}",HSL,4,1413_rsi_enabled=False_rsi_buy_below=40_rsi_sell_above=70_macd_enabled=True_macd_fast=12_macd_slow=26_macd_signal=9_adx_enabled=False_adx_length=14_adx_min_adx=20_sma_enabled=False_sma_length=50_bb_enabled=False_bb_length=20_bb_stddev=2.0_combination_mode=all
BSE.NS,2020-11-17,2020-12-02,898,55.61524200439453,57.41096115112305,55.64304962539673,57.38225567054749,49967.45856360626,51529.26559215164,1561.8070285453796,1476.9591019266632,3.125648318809874,2.9558419507099054,2.9539182038533265,84.84792661871637,"{'brokerage_entry': 20.0, 'brokerage_exit': 20.0, 'exchange_entry': np.float64(1.484033519339106), 'exchange_exit': np.float64(1.5304191880869038), 'sebi_entry': np.float64(0.04996745856360626), 'sebi_exit': np.float64(0.05152926559215164), 'ipft_entry': np.float64(0.04996745856360626), 'ipft_exit': np.float64(0.05152926559215164), 'stamp_buy': np.float64(1.499023756908188), 'stt_sell': np.float64(12.882316398037911), 'dp_sell': 16.5, 'gst': np.float64(10.749140308032754), 'fees_total': np.float64(84.84792661871637)}",Time,10,1413_rsi_enabled=False_rsi_buy_below=40_rsi_sell_above=70_macd_enabled=True_macd_fast=12_macd_slow=26_macd_signal=9_adx_enabled=False_adx_length=14_adx_min_adx=20_sma_enabled=False_sma_length=50_bb_enabled=False_bb_length=20_bb_stddev=2.0_combination_mode=all
BSE.NS,2021-04-07,2021-04-12,789,63.31492233276367,60.14917621612548,63.34657979393005,60.119101628017425,49980.45145741081,47433.971184505746,-2546.4802729050643,-2630.1520631382564,-5.094952523738132,-5.262361556256557,-5.2603041262765124,83.67179023319227,"{'brokerage_entry': 20.0, 'brokerage_exit': 20.0, 'exchange_entry': np.float64(1.484419408285101), 'exchange_exit': np.float64(1.4087889441798207), 'sebi_entry': np.float64(0.049980451457410806), 'sebi_exit': np.float64(0.04743397118450574), 'ipft_entry': np.float64(0.049980451457410806), 'ipft_exit': np.float64(0.04743397118450574), 'stamp_buy': np.float64(1.4994135437223244), 'stt_sell': np.float64(11.858492796126438), 'dp_sell': 16.5, 'gst': np.float64(10.725846695594774), 'fees_total': np.float64(83.67179023319227)}",HSL,3,1413_rsi_enabled=False_rsi_buy_below=40_rsi_sell_above=70_macd_enabled=True_macd_fast=12_macd_slow=26_macd_signal=9_adx_enabled=False_adx_length=14_adx_min_adx=20_sma_enabled=False_sma_length=50_bb_enabled=False_bb_length=20_bb_stddev=2.0_combination_mode=all
BSE.NS,2021-09-09,2021-09-20,379,131.8512725830078,125.25870895385742,131.9171982192993,125.1960795993805,49996.61812511444,47449.314168165205,-2547.303956949232,-2630.9812465783893,-5.094952523738128,-5.262318423207084,-5.261962493156778,83.67728962915714,"{'brokerage_entry': 20.0, 'brokerage_exit': 20.0, 'exchange_entry': np.float64(1.4848995583158988), 'exchange_exit': np.float64(1.4092446307945066), 'sebi_entry': np.float64(0.04999661812511443), 'sebi_exit': np.float64(0.0474493141681652), 'ipft_entry': np.float64(0.04999661812511443), 'ipft_exit': np.float64(0.0474493141681652), 'stamp_buy': np.float64(1.4998985437534331), 'stt_sell': np.float64(11.862328542041302), 'dp_sell': 16.5, 'gst': np.float64(10.726026489665452), 'fees_total': np.float64(83.67728962915714)}",HSL,6,1413_rsi_enabled=False_rsi_buy_below=40_rsi_sell_above=70_macd_enabled=True_macd_fast=12_macd_slow=26_macd_signal=9_adx_enabled=False_adx_length=14_adx_min_adx=20_sma_enabled=False_sma_length=50_bb_enabled=False_bb_length=20_bb_stddev=2.0_combination_mode=all
BSE.NS,2022-01-20,2022-01-21,217,229.9963836669922,218.49656448364257,230.11138185882567,218.38731620140075,49934.16986336517,47390.04761570396,-2544.1222476612093,-2627.7782943400584,-5.094952523738132,-5.262485191063447,-5.2555565886801165,83.65604667884901,"{'brokerage_entry': 20.0, 'brokerage_exit': 20.0, 'exchange_entry': np.float64(1.4830448449419456), 'exchange_exit': np.float64(1.4074844141864076), 'sebi_entry': np.float64(0.049934169863365165), 'sebi_exit': np.float64(0.04739004761570396), 'ipft_entry': np.float64(0.049934169863365165), 'ipft_exit': np.float64(0.04739004761570396), 'stamp_buy': np.float64(1.4980250959009551), 'stt_sell': np.float64(11.84751190392599), 'dp_sell': 16.5, 'gst': np.float64(10.725331984935568), 'fees_total': np.float64(83.65604667884901)}",HSL,1,1413_rsi_enabled=False_rsi_buy_below=40_rsi_sell_above=70_macd_enabled=True_macd_fast=12_macd_slow=26_macd_signal=9_adx_enabled=False_adx_length=14_adx_min_adx=20_sma_enabled=False_sma_length=50_bb_enabled=False_bb_length=20_bb_stddev=2.0_combination_mode=all
BSE.NS,2022-03-10,2022-03-14,179,278.17156982421875,297.62113678557324,278.31065560913083,297.47232621718047,49817.60735403442,53247.5463928753,3429.939038840879,3344.6073688809824,6.884993521398232,6.7137053474129225,6.689214737761964,85.33166995989677,"{'brokerage_entry': 20.0, 'brokerage_exit': 20.0, 'exchange_entry': np.float64(1.4795829384148222), 'exchange_exit': np.float64(1.5814521278683964), 'sebi_entry': np.float64(0.04981760735403442), 'sebi_exit': np.float64(0.0532475463928753), 'ipft_entry': np.float64(0.04981760735403442), 'ipft_exit': np.float64(0.0532475463928753), 'stamp_buy': np.float64(1.4945282206210326), 'stt_sell': np.float64(13.311886598218825), 'dp_sell': 16.5, 'gst': np.float64(10.758089767279866), 'fees_total': np.float64(85.33166995989677)}",TSL,2,1413_rsi_enabled=False_rsi_buy_below=40_rsi_sell_above=70_macd_enabled=True_macd_fast=12_macd_slow=26_macd_signal=9_adx_enabled=False_adx_length=14_adx_min_adx=20_sma_enabled=False_sma_length=50_bb_enabled=False_bb_length=20_bb_stddev=2.0_combination_mode=all
BSE.NS,2022-07-13,2022-07-27,228,219.1561279296875,213.51710510253906,219.26570599365232,213.4103465499878,49992.58096655273,48657.559013397215,-1335.0219531555122,-1419.046227473948,-2.6704401480065645,-2.8385136354999423,-2.838092454947896,84.02427431843589,"{'brokerage_entry': 20.0, 'brokerage_exit': 20.0, 'exchange_entry': np.float64(1.484779654706616), 'exchange_exit': np.float64(1.4451295026978972), 'sebi_entry': np.float64(0.04999258096655272), 'sebi_exit': np.float64(0.04865755901339721), 'ipft_entry': np.float64(0.04999258096655272), 'ipft_exit': np.float64(0.04865755901339721), 'stamp_buy': np.float64(1.4997774289965817), 'stt_sell': np.float64(12.164389753349305), 'dp_sell': 16.5, 'gst': np.float64(10.732897698725594), 'fees_total': np.float64(84.02427431843589)}",Time,10,1413_rsi_enabled=False_rsi_buy_below=40_rsi_sell_above=70_macd_enabled=True_macd_fast=12_macd_slow=26_macd_signal=9_adx_enabled=False_adx_length=14_adx_min_adx=20_sma_enabled=False_sma_length=50_bb_enabled=False_bb_length=20_bb_stddev=2.0_combination_mode=all
BSE.NS,2022-09-06,2022-09-19,226,220.4273681640625,211.1050262451172,220.53758184814453,210.99947373199464,49841.49349768066,47685.88106343079,-2155.6124342498733,-2239.347258293494,-4.324935476402173,-4.492937713428873,-4.478694516586988,83.73482404362106,"{'brokerage_entry': 20.0, 'brokerage_exit': 20.0, 'exchange_entry': np.float64(1.4802923568811157), 'exchange_exit': np.float64(1.4162706675838945), 'sebi_entry': np.float64(0.04984149349768066), 'sebi_exit': np.float64(0.04768588106343079), 'ipft_entry': np.float64(0.04984149349768066), 'ipft_exit': np.float64(0.04768588106343079), 'stamp_buy': np.float64(1.49524480493042), 'stt_sell': np.float64(11.921470265857698), 'dp_sell': 16.5, 'gst': np.float64(10.726491199245702), 'fees_total': np.float64(83.73482404362106)}",MACD_cross_down,9,1413_rsi_enabled=False_rsi_buy_below=40_rsi_sell_above=70_macd_enabled=True_macd_fast=12_macd_slow=26_macd_signal=9_adx_enabled=False_adx_length=14_adx_min_adx=20_sma_enabled=False_sma_length=50_bb_enabled=False_bb_length=20_bb_stddev=2.0_combination_mode=all
BSE.NS,2023-04-10,2023-04-25,335,149.15719604492188,161.25015258789062,149.23177464294432,161.1695275115967,49992.64450538634,53991.79171638489,3999.147210998548,3913.5898419129785,7.999471223347005,7.828331308801473,7.827179683825956,85.55736908556939,"{'brokerage_entry': 20.0, 'brokerage_exit': 20.0, 'exchange_entry': np.float64(1.4847815418099743), 'exchange_exit': np.float64(1.6035562139766313), 'sebi_entry': np.float64(0.04999264450538634), 'sebi_exit': np.float64(0.053991791716384886), 'ipft_entry': np.float64(0.04999264450538634), 'ipft_exit': np.float64(0.053991791716384886), 'stamp_buy': np.float64(1.4997793351615902), 'stt_sell': np.float64(13.497947929096222), 'dp_sell': 16.5, 'gst': np.float64(10.763335193081426), 'fees_total': np.float64(85.55736908556939)}",Time,10,1413_rsi_enabled=False_rsi_buy_below=40_rsi_sell_above=70_macd_enabled=True_macd_fast=12_macd_slow=26_macd_signal=9_adx_enabled=False_adx_length=14_adx_min_adx=20_sma_enabled=False_sma_length=50_bb_enabled=False_bb_length=20_bb_stddev=2.0_combination_mode=all
BSE.NS,2024-02-01,2024-02-12,60,824.5596923828125,783.3317077636718,824.9719722290039,782.94004190979,49498.31833374023,46976.402514587404,-2521.915819152826,-2605.4236027395373,-5.094952523738119,-5.263660848379906,-5.210847205479075,83.50778358671161,"{'brokerage_entry': 20.0, 'brokerage_exit': 20.0, 'exchange_entry': np.float64(1.4701000545120848), 'exchange_exit': np.float64(1.3951991546832458), 'sebi_entry': np.float64(0.04949831833374023), 'sebi_exit': np.float64(0.0469764025145874), 'ipft_entry': np.float64(0.04949831833374023), 'ipft_exit': np.float64(0.0469764025145874), 'stamp_buy': np.float64(1.484949550012207), 'stt_sell': np.float64(11.744100628646851), 'dp_sell': 16.5, 'gst': np.float64(10.720484757160557), 'fees_total': np.float64(83.50778358671161)}",HSL,7,1413_rsi_enabled=False_rsi_buy_below=40_rsi_sell_above=70_macd_enabled=True_macd_fast=12_macd_slow=26_macd_signal=9_adx_enabled=False_adx_length=14_adx_min_adx=20_sma_enabled=False_sma_length=50_bb_enabled=False_bb_length=20_bb_stddev=2.0_combination_mode=all
BSE.NS,2024-03-27,2024-04-12,61,814.6886596679688,935.5062866210938,815.0960039978027,935.0385334777833,49720.856243865965,57037.35054214478,7316.4942982788125,7230.079937472923,14.715141393369397,14.541342373533428,14.460159874945846,86.41436080588969,"{'brokerage_entry': 20.0, 'brokerage_exit': 20.0, 'exchange_entry': np.float64(1.4767094304428192), 'exchange_exit': np.float64(1.6940093111016998), 'sebi_entry': np.float64(0.04972085624386596), 'sebi_exit': np.float64(0.057037350542144774), 'ipft_entry': np.float64(0.04972085624386596), 'ipft_exit': np.float64(0.057037350542144774), 'stamp_buy': np.float64(1.491625687315979), 'stt_sell': np.float64(14.259337635536195), 'dp_sell': 16.5, 'gst': np.float64(10.779162327920977), 'fees_total': np.float64(86.41436080588969)}",Time,10,1413_rsi_enabled=False_rsi_buy_below=40_rsi_sell_above=70_macd_enabled=True_macd_fast=12_macd_slow=26_macd_signal=9_adx_enabled=False_adx_length=14_adx_min_adx=20_sma_enabled=False_sma_length=50_bb_enabled=False_bb_length=20_bb_stddev=2.0_combination_mode=all
BSE.NS,2024-07-31,2024-08-05,58,850.0532836914062,807.5506195068359,850.4783103332519,807.1468441970825,49327.74199932861,46814.51696343078,-2513.225035897827,-2596.6747947374256,-5.094952523738131,-5.2641266141328105,-5.193349589474852,83.44975883959852,"{'brokerage_entry': 20.0, 'brokerage_exit': 20.0, 'exchange_entry': np.float64(1.4650339373800596), 'exchange_exit': np.float64(1.3903911538138942), 'sebi_entry': np.float64(0.04932774199932861), 'sebi_exit': np.float64(0.04681451696343078), 'ipft_entry': np.float64(0.04932774199932861), 'ipft_exit': np.float64(0.04681451696343078), 'stamp_buy': np.float64(1.4798322599798583), 'stt_sell': np.float64(11.703629240857696), 'dp_sell': 16.5, 'gst': np.float64(10.718587729641504), 'fees_total': np.float64(83.44975883959852)}",HSL,3,1413_rsi_enabled=False_rsi_buy_below=40_rsi_sell_above=70_macd_enabled=True_macd_fast=12_macd_slow=26_macd_signal=9_adx_enabled=False_adx_length=14_adx_min_adx=20_sma_enabled=False_sma_length=50_bb_enabled=False_bb_length=20_bb_stddev=2.0_combination_mode=all
NYKAA.NS,2021-11-11,2021-11-17,135,368.92498779296875,350.4787384033203,369.10945028686524,350.30349903411866,49829.77578872681,47290.97236960602,-2538.8034191207917,-2622.4239541924658,-5.094952523738137,-5.262764908498238,-5.244847908384932,83.62053507167391,"{'brokerage_entry': 20.0, 'brokerage_exit': 20.0, 'exchange_entry': np.float64(1.4799443409251862), 'exchange_exit': np.float64(1.4045418793772988), 'sebi_entry': np.float64(0.049829775788726806), 'sebi_exit': np.float64(0.04729097236960601), 'ipft_entry': np.float64(0.049829775788726806), 'ipft_exit': np.float64(0.04729097236960601), 'stamp_buy': np.float64(1.4948932736618044), 'stt_sell': np.float64(11.822743092401504), 'dp_sell': 16.5, 'gst': np.float64(10.72417098899145), 'fees_total': np.float64(83.62053507167391)}",HSL,4,1413_rsi_enabled=False_rsi_buy_below=40_rsi_sell_above=70_macd_enabled=True_macd_fast=12_macd_slow=26_macd_signal=9_adx_enabled=False_adx_length=14_adx_min_adx=20_sma_enabled=False_sma_length=50_bb_enabled=False_bb_length=20_bb_stddev=2.0_combination_mode=all
NYKAA.NS,2021-11-25,2021-11-26,125,399.5916748046875,386.0550109863281,399.79147064208985,385.86198348083497,49973.93383026123,48232.74793510437,-1741.1858951568574,-1825.0868192936566,-3.484188179123292,-3.6520775520547333,-3.6501736385873134,83.90092413679919,"{'brokerage_entry': 20.0, 'brokerage_exit': 20.0, 'exchange_entry': np.float64(1.4842258347587585), 'exchange_exit': np.float64(1.4325126136725999), 'sebi_entry': np.float64(0.049973933830261226), 'sebi_exit': np.float64(0.04823274793510437), 'ipft_entry': np.float64(0.049973933830261226), 'ipft_exit': np.float64(0.04823274793510437), 'stamp_buy': np.float64(1.499218014907837), 'stt_sell': np.float64(12.058186983776093), 'dp_sell': 16.5, 'gst': np.float64(10.730367326153175), 'fees_total': np.float64(83.90092413679919)}",TSL,1,1413_rsi_enabled=False_rsi_buy_below=40_rsi_sell_above=70_macd_enabled=True_macd_fast=12_macd_slow=26_macd_signal=9_adx_enabled=False_adx_length=14_adx_min_adx=20_sma_enabled=False_sma_length=50_bb_enabled=False_bb_length=20_bb_stddev=2.0_combination_mode=all
NYKAA.NS,2022-03-24,2022-04-07,189,263.7916564941406,299.2166748046875,263.9235523223877,299.06706646728514,49881.55138893128,56523.675562316894,6642.124173385615,6555.84661403403,13.315793090708688,13.142828223038732,13.111693228068058,86.27755935158555,"{'brokerage_entry': 20.0, 'brokerage_exit': 20.0, 'exchange_entry': np.float64(1.481482076251259), 'exchange_exit': np.float64(1.6787531642008118), 'sebi_entry': np.float64(0.04988155138893128), 'sebi_exit': np.float64(0.05652367556231689), 'ipft_entry': np.float64(0.04988155138893128), 'ipft_exit': np.float64(0.05652367556231689), 'stamp_buy': np.float64(1.4964465416679384), 'stt_sell': np.float64(14.130918890579224), 'dp_sell': 16.5, 'gst': np.float64(10.777148224983822), 'fees_total': np.float64(86.27755935158555)}",Time,10,1413_rsi_enabled=False_rsi_buy_below=40_rsi_sell_above=70_macd_enabled=True_macd_fast=12_macd_slow=26_macd_signal=9_adx_enabled=False_adx_length=14_adx_min_adx=20_sma_enabled=False_sma_length=50_bb_enabled=False_bb_length=20_bb_stddev=2.0_combination_mode=all
NYKAA.NS,2022-11-14,2022-11-15,236,211.60000610351562,201.02000579833984,211.70580610656737,200.91949579544067,49962.5702411499,47417.001007724,-2545.5692334259,-2629.234941027201,-5.094952523738125,-5.2624092962730025,-5.258469882054402,83.66570760130088,"{'brokerage_entry': 20.0, 'brokerage_exit': 20.0, 'exchange_entry': np.float64(1.483888336162152), 'exchange_exit': np.float64(1.408284929929403), 'sebi_entry': np.float64(0.049962570241149896), 'sebi_exit': np.float64(0.047417001007723995), 'ipft_entry': np.float64(0.049962570241149896), 'ipft_exit': np.float64(0.047417001007723995), 'stamp_buy': np.float64(1.498877107234497), 'stt_sell': np.float64(11.854250251931001), 'dp_sell': 16.5, 'gst': np.float64(10.725647833546073), 'fees_total': np.float64(83.66570760130088)}",HSL,1,1413_rsi_enabled=False_rsi_buy_below=40_rsi_sell_above=70_macd_enabled=True_macd_fast=12_macd_slow=26_macd_signal=9_adx_enabled=False_adx_length=14_adx_min_adx=20_sma_enabled=False_sma_length=50_bb_enabled=False_bb_length=20_bb_stddev=2.0_combination_mode=all
NYKAA.NS,2023-02-08,2023-02-14,341,146.3000030517578,141.20999450683595,146.3731530532837,141.13938950958254,49913.245191169735,48128.53182276765,-1784.7133684020882,-1868.5802494244986,-3.5756308001344417,-3.7436561022385164,-3.7371604988489975,83.86688102241035,"{'brokerage_entry': 20.0, 'brokerage_exit': 20.0, 'exchange_entry': np.float64(1.482423382177741), 'exchange_exit': np.float64(1.429417395136199), 'sebi_entry': np.float64(0.049913245191169735), 'sebi_exit': np.float64(0.04812853182276765), 'ipft_entry': np.float64(0.049913245191169735), 'ipft_exit': np.float64(0.04812853182276765), 'stamp_buy': np.float64(1.4973973557350921), 'stt_sell': np.float64(12.032132955691912), 'dp_sell': 16.5, 'gst': np.float64(10.729426379641527), 'fees_total': np.float64(83.86688102241035)}",TSL,4,1413_rsi_enabled=False_rsi_buy_below=40_rsi_sell_above=70_macd_enabled=True_macd_fast=12_macd_slow=26_macd_signal=9_adx_enabled=False_adx_length=14_adx_min_adx=20_sma_enabled=False_sma_length=50_bb_enabled=False_bb_length=20_bb_stddev=2.0_combination_mode=all
NYKAA.NS,2023-03-02,2023-03-09,338,147.5,140.125,147.57375,140.0549375,49879.9275,47338.568875,-2541.3586250000008,-2624.996220119154,-5.094952523738132,-5.262630383973902,-5.249992440238308,83.63759511915325,"{'brokerage_entry': 20.0, 'brokerage_exit': 20.0, 'exchange_entry': np.float64(1.48143384675), 'exchange_exit': np.float64(1.4059554955875), 'sebi_entry': np.float64(0.0498799275), 'sebi_exit': np.float64(0.047338568874999994), 'ipft_entry': np.float64(0.0498799275), 'ipft_exit': np.float64(0.047338568874999994), 'stamp_buy': np.float64(1.496397825), 'stt_sell': np.float64(11.83464221875), 'dp_sell': 16.5, 'gst': np.float64(10.724728740315749), 'fees_total': np.float64(83.63759511915325)}",HSL,4,1413_rsi_enabled=False_rsi_buy_below=40_rsi_sell_above=70_macd_enabled=True_macd_fast=12_macd_slow=26_macd_signal=9_adx_enabled=False_adx_length=14_adx_min_adx=20_sma_enabled=False_sma_length=50_bb_enabled=False_bb_length=20_bb_stddev=2.0_combination_mode=all
NYKAA.NS,2023-05-08,2023-05-12,387,129.0,122.55,129.06449999999998,122.488725,49947.96149999999,47403.136575000004,-2544.8249249999863,-2628.4856631633297,-5.094952523738104,-5.262448324669527,-5.256971326326659,83.66073816334347,"{'brokerage_entry': 20.0, 'brokerage_exit': 20.0, 'exchange_entry': np.float64(1.4834544565499996), 'exchange_exit': np.float64(1.4078731562775002), 'sebi_entry': np.float64(0.049947961499999985), 'sebi_exit': np.float64(0.047403136575000004), 'ipft_entry': np.float64(0.049947961499999985), 'ipft_exit': np.float64(0.047403136575000004), 'stamp_buy': np.float64(1.4984388449999997), 'stt_sell': np.float64(11.850784143750001), 'dp_sell': 16.5, 'gst': np.float64(10.72548536561595), 'fees_total': np.float64(83.66073816334347)}",HSL,4,1413_rsi_enabled=False_rsi_buy_below=40_rsi_sell_above=70_macd_enabled=True_macd_fast=12_macd_slow=26_macd_signal=9_adx_enabled=False_adx_length=14_adx_min_adx=20_sma_enabled=False_sma_length=50_bb_enabled=False_bb_length=20_bb_stddev=2.0_combination_mode=all
NYKAA.NS,2023-06-02,2023-06-16,368,135.75,144.35000610351562,135.817875,144.27783110046389,49980.977999999996,53094.24184497071,3113.2638449707156,3027.9652234959517,6.228897411672729,6.058235242007373,6.055930446991904,85.29862147476366,"{'brokerage_entry': 20.0, 'brokerage_exit': 20.0, 'exchange_entry': np.float64(1.4844350465999998), 'exchange_exit': np.float64(1.5768989827956301), 'sebi_entry': np.float64(0.049980977999999995), 'sebi_exit': np.float64(0.05309424184497071), 'ipft_entry': np.float64(0.049980977999999995), 'ipft_exit': np.float64(0.05309424184497071), 'stamp_buy': np.float64(1.4994293399999998), 'stt_sell': np.float64(13.273560461242678), 'dp_sell': 16.5, 'gst': np.float64(10.758147204435405), 'fees_total': np.float64(85.29862147476366)}",Time,10,1413_rsi_enabled=False_rsi_buy_below=40_rsi_sell_above=70_macd_enabled=True_macd_fast=12_macd_slow=26_macd_signal=9_adx_enabled=False_adx_length=14_adx_min_adx=20_sma_enabled=False_sma_length=50_bb_enabled=False_bb_length=20_bb_stddev=2.0_combination_mode=all
NYKAA.NS,2023-09-08,2023-09-25,342,146.0500030517578,142.5500030517578,146.1230280532837,142.47872805023195,49974.075594223024,48727.72499317933,-1246.3506010436977,-1330.3937941125916,-2.493994308496574,-2.66216789063805,-2.6607875882251832,84.04319306889388,"{'brokerage_entry': 20.0, 'brokerage_exit': 20.0, 'exchange_entry': np.float64(1.4842300451484238), 'exchange_exit': np.float64(1.447213432297426), 'sebi_entry': np.float64(0.049974075594223025), 'sebi_exit': np.float64(0.048727724993179324), 'ipft_entry': np.float64(0.049974075594223025), 'ipft_exit': np.float64(0.048727724993179324), 'stamp_buy': np.float64(1.4992222678266909), 'stt_sell': np.float64(12.181931248294832), 'dp_sell': 16.5, 'gst': np.float64(10.733192474151716), 'fees_total': np.float64(84.04319306889388)}",Time,10,1413_rsi_enabled=False_rsi_buy_below=40_rsi_sell_above=70_macd_enabled=True_macd_fast=12_macd_slow=26_macd_signal=9_adx_enabled=False_adx_length=14_adx_min_adx=20_sma_enabled=False_sma_length=50_bb_enabled=False_bb_length=20_bb_stddev=2.0_combination_mode=all
NYKAA.NS,2023-11-13,2023-11-17,329,151.5500030517578,153.0,151.62577805328368,152.92350000000002,49884.88097953033,50311.83150000001,426.9505204696761,342.4580579382809,0.8558715829047887,0.6864966924122852,0.6849161158765618,84.49246253139522,"{'brokerage_entry': 20.0, 'brokerage_exit': 20.0, 'exchange_entry': np.float64(1.4815809650920508), 'exchange_exit': np.float64(1.4942613955500001), 'sebi_entry': np.float64(0.04988488097953033), 'sebi_exit': np.float64(0.05031183150000001), 'ipft_entry': np.float64(0.04988488097953033), 'ipft_exit': np.float64(0.05031183150000001), 'stamp_buy': np.float64(1.4965464293859099), 'stt_sell': np.float64(12.577957875000003), 'dp_sell': 16.5, 'gst': np.float64(10.741722441408198), 'fees_total': np.float64(84.49246253139522)}",TSL,3,1413_rsi_enabled=False_rsi_buy_below=40_rsi_sell_above=70_macd_enabled=True_macd_fast=12_macd_slow=26_macd_signal=9_adx_enabled=False_adx_length=14_adx_min_adx=20_sma_enabled=False_sma_length=50_bb_enabled=False_bb_length=20_bb_stddev=2.0_combination_mode=all
NYKAA.NS,2024-04-05,2024-04-18,296,168.4499969482422,167.22000274658203,168.5342219467163,167.13639274520875,49886.12969622802,49472.372252581794,-413.7574436462237,-498.0087247241531,-0.8294037764920228,-0.9982909633533035,-0.9960174494483063,84.25128107792946,"{'brokerage_entry': 20.0, 'brokerage_exit': 20.0, 'exchange_entry': np.float64(1.481618051977972), 'exchange_exit': np.float64(1.4693294559016792), 'sebi_entry': np.float64(0.049886129696228014), 'sebi_exit': np.float64(0.04947237225258179), 'ipft_entry': np.float64(0.049886129696228014), 'ipft_exit': np.float64(0.04947237225258179), 'stamp_buy': np.float64(1.4965838908868405), 'stt_sell': np.float64(12.368093063145448), 'dp_sell': 16.5, 'gst': np.float64(10.736939612119908), 'fees_total': np.float64(84.25128107792946)}",TSL,7,1413_rsi_enabled=False_rsi_buy_below=40_rsi_sell_above=70_macd_enabled=True_macd_fast=12_macd_slow=26_macd_signal=9_adx_enabled=False_adx_length=14_adx_min_adx=20_sma_enabled=False_sma_length=50_bb_enabled=False_bb_length=20_bb_stddev=2.0_combination_mode=all
NYKAA.NS,2024-07-05,2024-07-10,282,177.1999969482422,175.27999877929688,177.2885969467163,175.19235877990724,49995.38433897399,49404.245175933844,-591.1391630401486,-675.3782284059358,-1.1823874760761164,-1.3508811610023839,-1.3507564568118717,84.23906536578731,"{'brokerage_entry': 20.0, 'brokerage_exit': 20.0, 'exchange_entry': np.float64(1.4848629148675276), 'exchange_exit': np.float64(1.4673060817252352), 'sebi_entry': np.float64(0.04999538433897399), 'sebi_exit': np.float64(0.04940424517593384), 'ipft_entry': np.float64(0.04999538433897399), 'ipft_exit': np.float64(0.04940424517593384), 'stamp_buy': np.float64(1.4998615301692197), 'stt_sell': np.float64(12.351061293983461), 'dp_sell': 16.5, 'gst': np.float64(10.737174286012063), 'fees_total': np.float64(84.23906536578731)}",MACD_cross_down,3,1413_rsi_enabled=False_rsi_buy_below=40_rsi_sell_above=70_macd_enabled=True_macd_fast=12_macd_slow=26_macd_signal=9_adx_enabled=False_adx_length=14_adx_min_adx=20_sma_enabled=False_sma_length=50_bb_enabled=False_bb_length=20_bb_stddev=2.0_combination_mode=all
BAJFINANCE.NS,2015-01-14,2015-01-27,1370,36.453067779541016,37.59816558899748,36.47129431343078,37.57936650620299,49965.67320940017,51483.732113498096,1518.0589040979248,1433.22418441776,3.0382036438014577,2.8684176402693278,2.86644836883552,84.83471968016485,"{'brokerage_entry': 20.0, 'brokerage_exit': 20.0, 'exchange_entry': np.float64(1.483980494319185), 'exchange_exit': np.float64(1.5290668437708934), 'sebi_entry': np.float64(0.049965673209400166), 'sebi_exit': np.float64(0.05148373211349809), 'ipft_entry': np.float64(0.049965673209400166), 'ipft_exit': np.float64(0.05148373211349809), 'stamp_buy': np.float64(1.4989701962820052), 'stt_sell': np.float64(12.870933028374525), 'dp_sell': 16.5, 'gst': np.float64(10.748870306772456), 'fees_total': np.float64(84.83471968016485)}",TSL,8,1413_rsi_enabled=False_rsi_buy_below=40_rsi_sell_above=70_macd_enabled=True_macd_fast=12_macd_slow=26_macd_signal=9_adx_enabled=False_adx_length=14_adx_min_adx=20_sma_enabled=False_sma_length=50_bb_enabled=False_bb_length=20_bb_stddev=2.0_combination_mode=all
BAJFINANCE.NS,2015-04-06,2015-04-21,1220,40.962921142578125,40.84942862306735,40.983402603149415,40.829003908755816,49999.751175842284,49811.384768682095,-188.36640716018883,-272.7227812387755,-0.37673468913421176,-0.5454482768917125,-0.5454455624775509,84.35637407858667,"{'brokerage_entry': 20.0, 'brokerage_exit': 20.0, 'exchange_entry': np.float64(1.484992609922516), 'exchange_exit': np.float64(1.4793981276298582), 'sebi_entry': np.float64(0.04999975117584228), 'sebi_exit': np.float64(0.04981138476868209), 'ipft_entry': np.float64(0.04999975117584228), 'ipft_exit': np.float64(0.04981138476868209), 'stamp_buy': np.float64(1.4999925352752685), 'stt_sell': np.float64(12.452846192170524), 'dp_sell': 16.5, 'gst': np.float64(10.739522341699454), 'fees_total': np.float64(84.35637407858667)}",TSL,10,1413_rsi_enabled=False_rsi_buy_below=40_rsi_sell_above=70_macd_enabled=True_macd_fast=12_macd_slow=26_macd_signal=9_adx_enabled=False_adx_length=14_adx_min_adx=20_sma_enabled=False_sma_length=50_bb_enabled=False_bb_length=20_bb_stddev=2.0_combination_mode=all
BAJFINANCE.NS,2015-05-21,2015-05-27,1130,44.20983123779297,41.99933967590332,44.231936153411866,41.97834000606537,49982.087853355406,47435.52420685387,-2546.563646501534,-2630.2359933855723,-5.094952523738117,-5.262357189044472,-5.260471986771145,83.67234688403833,"{'brokerage_entry': 20.0, 'brokerage_exit': 20.0, 'exchange_entry': np.float64(1.4844680092446556), 'exchange_exit': np.float64(1.40883506894356), 'sebi_entry': np.float64(0.0499820878533554), 'sebi_exit': np.float64(0.04743552420685387), 'ipft_entry': np.float64(0.0499820878533554), 'ipft_exit': np.float64(0.04743552420685387), 'stamp_buy': np.float64(1.4994626356006622), 'stt_sell': np.float64(11.858881051713468), 'dp_sell': 16.5, 'gst': np.float64(10.725864894415555), 'fees_total': np.float64(83.67234688403833)}",HSL,4,1413_rsi_enabled=False_rsi_buy_below=40_rsi_sell_above=70_macd_enabled=True_macd_fast=12_macd_slow=26_macd_signal=9_adx_enabled=False_adx_length=14_adx_min_adx=20_sma_enabled=False_sma_length=50_bb_enabled=False_bb_length=20_bb_stddev=2.0_combination_mode=all
BAJFINANCE.NS,2015-08-03,2015-08-06,907,55.07625961303711,52.32244663238525,55.103797742843625,52.296285409069064,49979.14455275917,47432.73086602564,-2546.413686733533,-2630.085032398537,-5.094952523738132,-5.262365044327953,-5.260170064797074,83.67134566500425,"{'brokerage_entry': 20.0, 'brokerage_exit': 20.0, 'exchange_entry': np.float64(1.4843805932169474), 'exchange_exit': np.float64(1.4087521067209614), 'sebi_entry': np.float64(0.04997914455275917), 'sebi_exit': np.float64(0.04743273086602564), 'ipft_entry': np.float64(0.04997914455275917), 'ipft_exit': np.float64(0.04743273086602564), 'stamp_buy': np.float64(1.4993743365827752), 'stt_sell': np.float64(11.858182716506409), 'dp_sell': 16.5, 'gst': np.float64(10.725832161139586), 'fees_total': np.float64(83.67134566500425)}",HSL,3,1413_rsi_enabled=False_rsi_buy_below=40_rsi_sell_above=70_macd_enabled=True_macd_fast=12_macd_slow=26_macd_signal=9_adx_enabled=False_adx_length=14_adx_min_adx=20_sma_enabled=False_sma_length=50_bb_enabled=False_bb_length=20_bb_stddev=2.0_combination_mode=all
BAJFINANCE.NS,2015-10-21,2015-11-05,962,51.9329719543457,51.61894226074219,51.958938440322875,51.59313278961182,49984.498779590605,49632.59374360657,-351.905035984033,-436.2089963462451,-0.7040283379368825,-0.8726885474429436,-0.8724179926924902,84.3039603622121,"{'brokerage_entry': 20.0, 'brokerage_exit': 20.0, 'exchange_entry': np.float64(1.484539613753841), 'exchange_exit': np.float64(1.4740880341851152), 'sebi_entry': np.float64(0.0499844987795906), 'sebi_exit': np.float64(0.04963259374360657), 'ipft_entry': np.float64(0.0499844987795906), 'ipft_exit': np.float64(0.04963259374360657), 'stamp_buy': np.float64(1.4995349633877182), 'stt_sell': np.float64(12.408148435901643), 'dp_sell': 16.5, 'gst': np.float64(10.738415129937364), 'fees_total': np.float64(84.3039603622121)}",Time,10,1413_rsi_enabled=False_rsi_buy_below=40_rsi_sell_above=70_macd_enabled=True_macd_fast=12_macd_slow=26_macd_signal=9_adx_enabled=False_adx_length=14_adx_min_adx=20_sma_enabled=False_sma_length=50_bb_enabled=False_bb_length=20_bb_stddev=2.0_combination_mode=all
BAJFINANCE.NS,2016-02-03,2016-02-11,808,61.835819244384766,59.64924688122218,61.866737154006955,59.61942225778157,49988.32362043762,48172.49318428751,-1815.830436150114,-1899.7150126681968,-3.6325091634153455,-3.800317504329155,-3.7994300253363935,83.88457651808255,"{'brokerage_entry': 20.0, 'brokerage_exit': 20.0, 'exchange_entry': np.float64(1.4846532115269975), 'exchange_exit': np.float64(1.430723047573339), 'sebi_entry': np.float64(0.04998832362043762), 'sebi_exit': np.float64(0.048172493184287506), 'ipft_entry': np.float64(0.04998832362043762), 'ipft_exit': np.float64(0.048172493184287506), 'stamp_buy': np.float64(1.4996497086131286), 'stt_sell': np.float64(12.043123296071878), 'dp_sell': 16.5, 'gst': np.float64(10.730105620687763), 'fees_total': np.float64(83.88457651808255)}",TSL,6,1413_rsi_enabled=False_rsi_buy_below=40_rsi_sell_above=70_macd_enabled=True_macd_fast=12_macd_slow=26_macd_signal=9_adx_enabled=False_adx_length=14_adx_min_adx=20_sma_enabled=False_sma_length=50_bb_enabled=False_bb_length=20_bb_stddev=2.0_combination_mode=all
BAJFINANCE.NS,2016-03-14,2016-03-30,791,63.163692474365234,65.97378540039062,63.195274320602415,65.94079850769043,49987.46198759651,52159.17161958313,2171.709631986625,2086.679318245391,4.344508694051112,4.174405411427296,4.173358636490782,85.03031374123385,"{'brokerage_entry': 20.0, 'brokerage_exit': 20.0, 'exchange_entry': np.float64(1.4846276210316163), 'exchange_exit': np.float64(1.549127397101619), 'sebi_entry': np.float64(0.04998746198759651), 'sebi_exit': np.float64(0.05215917161958313), 'ipft_entry': np.float64(0.04998746198759651), 'ipft_exit': np.float64(0.05215917161958313), 'stamp_buy': np.float64(1.4996238596278952), 'stt_sell': np.float64(13.039792904895783), 'dp_sell': 16.5, 'gst': np.float64(10.752848691362567), 'fees_total': np.float64(85.03031374123385)}",Time,10,1413_rsi_enabled=False_rsi_buy_below=40_rsi_sell_above=70_macd_enabled=True_macd_fast=12_macd_slow=26_macd_signal=9_adx_enabled=False_adx_length=14_adx_min_adx=20_sma_enabled=False_sma_length=50_bb_enabled=False_bb_length=20_bb_stddev=2.0_combination_mode=all
BAJFINANCE.NS,2016-05-11,2016-05-25,687,72.72985076904297,71.3146743774414,72.76621569442749,71.27901704025268,49990.390182071686,48968.68470665359,-1021.7054754180936,-1105.8190214555068,-2.0438037624769594,-2.212063193401704,-2.2116380429110136,84.1135460374132,"{'brokerage_entry': 20.0, 'brokerage_exit': 20.0, 'exchange_entry': np.float64(1.484714588407529), 'exchange_exit': np.float64(1.4543699357876116), 'sebi_entry': np.float64(0.04999039018207169), 'sebi_exit': np.float64(0.04896868470665359), 'ipft_entry': np.float64(0.04999039018207169), 'ipft_exit': np.float64(0.04896868470665359), 'stamp_buy': np.float64(1.4997117054621507), 'stt_sell': np.float64(12.242171176663398), 'dp_sell': 16.5, 'gst': np.float64(10.734660481315066), 'fees_total': np.float64(84.1135460374132)}",Time,10,1413_rsi_enabled=False_rsi_buy_below=40_rsi_sell_above=70_macd_enabled=True_macd_fast=12_macd_slow=26_macd_signal=9_adx_enabled=False_adx_length=14_adx_min_adx=20_sma_enabled=False_sma_length=50_bb_enabled=False_bb_length=20_bb_stddev=2.0_combination_mode=all
BAJFINANCE.NS,2017-01-03,2017-01-17,581,85.99089813232422,88.94319915771484,86.03389358139037,88.89872755813599,49985.69217078781,51650.16071127701,1664.4685404892007,1579.5846388333512,3.329889950912662,3.160073553520737,3.159169277666702,84.8839016558494,"{'brokerage_entry': 20.0, 'brokerage_exit': 20.0, 'exchange_entry': np.float64(1.484575057472398), 'exchange_exit': np.float64(1.5340097731249271), 'sebi_entry': np.float64(0.049985692170787806), 'sebi_exit': np.float64(0.051650160711277), 'ipft_entry': np.float64(0.049985692170787806), 'ipft_exit': np.float64(0.051650160711277), 'stamp_buy': np.float64(1.4995707651236343), 'stt_sell': np.float64(12.912540177819253), 'dp_sell': 16.5, 'gst': np.float64(10.749934176545061), 'fees_total': np.float64(84.8839016558494)}",Time,10,1413_rsi_enabled=False_rsi_buy_below=40_rsi_sell_above=70_macd_enabled=True_macd_fast=12_macd_slow=26_macd_signal=9_adx_enabled=False_adx_length=14_adx_min_adx=20_sma_enabled=False_sma_length=50_bb_enabled=False_bb_length=20_bb_stddev=2.0_combination_mode=all
BAJFINANCE.NS,2017-06-09,2017-06-23,373,133.9327850341797,136.25762939453125,133.99975142669678,136.189500579834,49981.907282157896,50798.68371627809,816.776434120191,732.1375071857692,1.6341441904353993,1.464805060464592,1.4642750143715384,84.63892693442178,"{'brokerage_entry': 20.0, 'brokerage_exit': 20.0, 'exchange_entry': np.float64(1.4844626462800896), 'exchange_exit': np.float64(1.5087209063734592), 'sebi_entry': np.float64(0.04998190728215789), 'sebi_exit': np.float64(0.05079868371627808), 'ipft_entry': np.float64(0.04998190728215789), 'ipft_exit': np.float64(0.05079868371627808), 'stamp_buy': np.float64(1.499457218464737), 'stt_sell': np.float64(12.699670929069521), 'dp_sell': 16.5, 'gst': np.float64(10.745054052237078), 'fees_total': np.float64(84.63892693442178)}",Time,10,1413_rsi_enabled=False_rsi_buy_below=40_rsi_sell_above=70_macd_enabled=True_macd_fast=12_macd_slow=26_macd_signal=9_adx_enabled=False_adx_length=14_adx_min_adx=20_sma_enabled=False_sma_length=50_bb_enabled=False_bb_length=20_bb_stddev=2.0_combination_mode=all
BAJFINANCE.NS,2017-12-26,2018-01-03,286,174.52243041992188,167.28602600097656,174.60969163513184,167.20238298797608,49938.37180764771,47819.88153456116,-2118.4902730865506,-2202.270139848939,-4.242209340037231,-4.409975856504951,-4.404540279697878,83.77986676238838,"{'brokerage_entry': 20.0, 'brokerage_exit': 20.0, 'exchange_entry': np.float64(1.483169642687137), 'exchange_exit': np.float64(1.4202504815764665), 'sebi_entry': np.float64(0.04993837180764771), 'sebi_exit': np.float64(0.047819881534561154), 'ipft_entry': np.float64(0.04993837180764771), 'ipft_exit': np.float64(0.047819881534561154), 'stamp_buy': np.float64(1.4981511542294312), 'stt_sell': np.float64(11.95497038364029), 'dp_sell': 16.5, 'gst': np.float64(10.727808593570643), 'fees_total': np.float64(83.77986676238838)}",MACD_cross_down,6,1413_rsi_enabled=False_rsi_buy_below=40_rsi_sell_above=70_macd_enabled=True_macd_fast=12_macd_slow=26_macd_signal=9_adx_enabled=False_adx_length=14_adx_min_adx=20_sma_enabled=False_sma_length=50_bb_enabled=False_bb_length=20_bb_stddev=2.0_combination_mode=all
BAJFINANCE.NS,2018-01-04,2018-01-15,292,171.06027221679688,169.51449584960938,171.14580235290526,169.4297386016846,49974.57428704834,49473.4836716919,-501.0906153564356,-585.3481775589746,-1.0026911134414622,-1.1712919737881116,-1.1706963551179492,84.25756220253906,"{'brokerage_entry': 20.0, 'brokerage_exit': 20.0, 'exchange_entry': np.float64(1.4842448563253356), 'exchange_exit': np.float64(1.4693624650492494), 'sebi_entry': np.float64(0.04997457428704834), 'sebi_exit': np.float64(0.0494734836716919), 'ipft_entry': np.float64(0.04997457428704834), 'ipft_exit': np.float64(0.0494734836716919), 'stamp_buy': np.float64(1.4992372286114501), 'stt_sell': np.float64(12.368370917922975), 'dp_sell': 16.5, 'gst': np.float64(10.73745061871257), 'fees_total': np.float64(84.25756220253906)}",MACD_cross_down,7,1413_rsi_enabled=False_rsi_buy_below=40_rsi_sell_above=70_macd_enabled=True_macd_fast=12_macd_slow=26_macd_signal=9_adx_enabled=False_adx_length=14_adx_min_adx=20_sma_enabled=False_sma_length=50_bb_enabled=False_bb_length=20_bb_stddev=2.0_combination_mode=all
BAJFINANCE.NS,2018-03-27,2018-04-12,289,172.859619140625,188.1614227294922,172.9460489501953,188.06734201812745,49981.40814660644,54351.46184323883,4370.0536966323925,4284.393713592344,8.743358498052048,8.571974805162107,8.56878742718469,85.65998304004806,"{'brokerage_entry': 20.0, 'brokerage_exit': 20.0, 'exchange_entry': np.float64(1.4844478219542112), 'exchange_exit': np.float64(1.6142384167441932), 'sebi_entry': np.float64(0.04998140814660643), 'sebi_exit': np.float64(0.05435146184323883), 'ipft_entry': np.float64(0.04998140814660643), 'ipft_exit': np.float64(0.05435146184323883), 'stamp_buy': np.float64(1.4994422443981932), 'stt_sell': np.float64(13.587865460809708), 'dp_sell': 16.5, 'gst': np.float64(10.765323356162057), 'fees_total': np.float64(85.65998304004806)}",Time,10,1413_rsi_enabled=False_rsi_buy_below=40_rsi_sell_above=70_macd_enabled=True_macd_fast=12_macd_slow=26_macd_signal=9_adx_enabled=False_adx_length=14_adx_min_adx=20_sma_enabled=False_sma_length=50_bb_enabled=False_bb_length=20_bb_stddev=2.0_combination_mode=all
BAJFINANCE.NS,2018-11-29,2018-12-10,204,244.8685760498047,234.02947998046875,244.99101033782958,233.91246524047853,49978.166108917234,47718.14290905762,-2260.0231998596137,-2343.776508705272,-4.522021066027819,-4.689600862099439,-4.687553017410544,83.75330884565828,"{'brokerage_entry': 20.0, 'brokerage_exit': 20.0, 'exchange_entry': np.float64(1.4843515334348418), 'exchange_exit': np.float64(1.4172288443990113), 'sebi_entry': np.float64(0.049978166108917234), 'sebi_exit': np.float64(0.04771814290905762), 'ipft_entry': np.float64(0.049978166108917234), 'ipft_exit': np.float64(0.04771814290905762), 'stamp_buy': np.float64(1.499344983267517), 'stt_sell': np.float64(11.929535727264405), 'dp_sell': 16.5, 'gst': np.float64(10.727455139256563), 'fees_total': np.float64(83.75330884565828)}",MACD_cross_down,7,1413_rsi_enabled=False_rsi_buy_below=40_rsi_sell_above=70_macd_enabled=True_macd_fast=12_macd_slow=26_macd_signal=9_adx_enabled=False_adx_length=14_adx_min_adx=20_sma_enabled=False_sma_length=50_bb_enabled=False_bb_length=20_bb_stddev=2.0_combination_mode=all
BAJFINANCE.NS,2019-03-06,2019-03-20,184,270.2884521484375,280.2433776855469,270.4235963745117,280.1032559967041,49757.941732910156,51538.99910339355,1781.057370483395,1696.2207690866367,3.5794434183868074,3.408944803608602,3.3924415381732733,84.83660139675848,"{'brokerage_entry': 20.0, 'brokerage_exit': 20.0, 'exchange_entry': np.float64(1.4778108694674317), 'exchange_exit': np.float64(1.5307082733707884), 'sebi_entry': np.float64(0.049757941732910156), 'sebi_exit': np.float64(0.051538999103393546), 'ipft_entry': np.float64(0.049757941732910156), 'ipft_exit': np.float64(0.051538999103393546), 'stamp_buy': np.float64(1.4927382519873047), 'stt_sell': np.float64(12.884749775848388), 'dp_sell': 16.5, 'gst': np.float64(10.74800034441195), 'fees_total': np.float64(84.83660139675848)}",Time,10,1413_rsi_enabled=False_rsi_buy_below=40_rsi_sell_above=70_macd_enabled=True_macd_fast=12_macd_slow=26_macd_signal=9_adx_enabled=False_adx_length=14_adx_min_adx=20_sma_enabled=False_sma_length=50_bb_enabled=False_bb_length=20_bb_stddev=2.0_combination_mode=all
BAJFINANCE.NS,2019-05-17,2019-05-31,154,322.49578857421875,338.7129211425781,322.65703646850585,338.54356468200683,49689.1836161499,52135.70896102905,2446.525344879148,2361.5218801986643,4.923657759762393,4.752587400995508,4.723043760397329,85.00346468048372,"{'brokerage_entry': 20.0, 'brokerage_exit': 20.0, 'exchange_entry': np.float64(1.4757687533996522), 'exchange_exit': np.float64(1.5484305561425629), 'sebi_entry': np.float64(0.0496891836161499), 'sebi_exit': np.float64(0.052135708961029044), 'ipft_entry': np.float64(0.0496891836161499), 'ipft_exit': np.float64(0.052135708961029044), 'stamp_buy': np.float64(1.4906755084844971), 'stt_sell': np.float64(13.033927240257263), 'dp_sell': 16.5, 'gst': np.float64(10.751012837045383), 'fees_total': np.float64(85.00346468048372)}",Time,10,1413_rsi_enabled=False_rsi_buy_below=40_rsi_sell_above=70_macd_enabled=True_macd_fast=12_macd_slow=26_macd_signal=9_adx_enabled=False_adx_length=14_adx_min_adx=20_sma_enabled=False_sma_length=50_bb_enabled=False_bb_length=20_bb_stddev=2.0_combination_mode=all
BAJFINANCE.NS,2019-09-20,2019-10-07,137,362.3145446777344,381.7602844238281,362.4957019500732,381.56940428161624,49661.91116716003,52275.00838658142,2613.09721942139,2528.0555575769026,5.2617733752247435,5.090532156661405,5.056111115153805,85.04166184448741,"{'brokerage_entry': 20.0, 'brokerage_exit': 20.0, 'exchange_entry': np.float64(1.474958761664653), 'exchange_exit': np.float64(1.5525677490814682), 'sebi_entry': np.float64(0.04966191116716003), 'sebi_exit': np.float64(0.05227500838658142), 'ipft_entry': np.float64(0.04966191116716003), 'ipft_exit': np.float64(0.05227500838658142), 'stamp_buy': np.float64(1.489857335014801), 'stt_sell': np.float64(13.068752096645357), 'dp_sell': 16.5, 'gst': np.float64(10.75165206297365), 'fees_total': np.float64(85.04166184448741)}",Time,10,1413_rsi_enabled=False_rsi_buy_below=40_rsi_sell_above=70_macd_enabled=True_macd_fast=12_macd_slow=26_macd_signal=9_adx_enabled=False_adx_length=14_adx_min_adx=20_sma_enabled=False_sma_length=50_bb_enabled=False_bb_length=20_bb_stddev=2.0_combination_mode=all
BAJFINANCE.NS,2019-12-17,2020-01-01,123,404.7438049316406,414.0947570800781,404.94617683410644,413.8877097015381,49808.37975059509,50908.18829328918,1099.8085426940888,1015.1498402839991,2.208079339663621,2.0381105455892095,2.0302996805679983,84.65870241008969,"{'brokerage_entry': 20.0, 'brokerage_exit': 20.0, 'exchange_entry': np.float64(1.4793088785926742), 'exchange_exit': np.float64(1.5119731923106887), 'sebi_entry': np.float64(0.04980837975059509), 'sebi_exit': np.float64(0.05090818829328918), 'ipft_entry': np.float64(0.04980837975059509), 'ipft_exit': np.float64(0.05090818829328918), 'stamp_buy': np.float64(1.4942513925178529), 'stt_sell': np.float64(12.727047073322296), 'dp_sell': 16.5, 'gst': np.float64(10.744688737258404), 'fees_total': np.float64(84.65870241008969)}",Time,10,1413_rsi_enabled=False_rsi_buy_below=40_rsi_sell_above=70_macd_enabled=True_macd_fast=12_macd_slow=26_macd_signal=9_adx_enabled=False_adx_length=14_adx_min_adx=20_sma_enabled=False_sma_length=50_bb_enabled=False_bb_length=20_bb_stddev=2.0_combination_mode=all
BAJFINANCE.NS,2020-01-29,2020-02-12,115,432.4639587402344,466.68719482421875,432.68019071960447,466.45385122680665,49758.22193275452,53642.19289108276,3883.9709583282456,3798.5298675305917,7.805686793987972,7.633974286026729,7.597059735061183,85.44109079765379,"{'brokerage_entry': 20.0, 'brokerage_exit': 20.0, 'exchange_entry': np.float64(1.4778191914028092), 'exchange_exit': np.float64(1.593173128865158), 'sebi_entry': np.float64(0.04975822193275452), 'sebi_exit': np.float64(0.05364219289108276), 'ipft_entry': np.float64(0.04975822193275452), 'ipft_exit': np.float64(0.05364219289108276), 'stamp_buy': np.float64(1.4927466579826356), 'stt_sell': np.float64(13.410548222770691), 'dp_sell': 16.5, 'gst': np.float64(10.760002766984815), 'fees_total': np.float64(85.44109079765379)}",Time,10,1413_rsi_enabled=False_rsi_buy_below=40_rsi_sell_above=70_macd_enabled=True_macd_fast=12_macd_slow=26_macd_signal=9_adx_enabled=False_adx_length=14_adx_min_adx=20_sma_enabled=False_sma_length=50_bb_enabled=False_bb_length=20_bb_stddev=2.0_combination_mode=all
BAJFINANCE.NS,2020-06-02,2020-06-12,217,230.13783264160156,218.63094100952148,230.25290155792234,218.52162553901672,49964.87963806915,47419.19274196663,-2545.6868961025175,-2629.353389288599,-5.094952523738119,-5.262403128627267,-5.2587067785771975,83.66649318608135,"{'brokerage_entry': 20.0, 'brokerage_exit': 20.0, 'exchange_entry': np.float64(1.4839569252506537), 'exchange_exit': np.float64(1.4083500244364089), 'sebi_entry': np.float64(0.04996487963806915), 'sebi_exit': np.float64(0.04741919274196663), 'ipft_entry': np.float64(0.04996487963806915), 'ipft_exit': np.float64(0.04741919274196663), 'stamp_buy': np.float64(1.4989463891420745), 'stt_sell': np.float64(11.854798185491658), 'dp_sell': 16.5, 'gst': np.float64(10.725673517000484), 'fees_total': np.float64(83.66649318608135)}",HSL,8,1413_rsi_enabled=False_rsi_buy_below=40_rsi_sell_above=70_macd_enabled=True_macd_fast=12_macd_slow=26_macd_signal=9_adx_enabled=False_adx_length=14_adx_min_adx=20_sma_enabled=False_sma_length=50_bb_enabled=False_bb_length=20_bb_stddev=2.0_combination_mode=all
BAJFINANCE.NS,2020-11-03,2020-11-17,145,342.41119384765625,440.22613525390625,342.58239944458006,440.0060221862793,49674.44791946411,63800.8732170105,14126.42529754639,14038.070187942121,28.43801167241797,28.26014334512923,28.07614037588424,88.35510960426753,"{'brokerage_entry': 20.0, 'brokerage_exit': 20.0, 'exchange_entry': np.float64(1.475331103208084), 'exchange_exit': np.float64(1.8948859345452118), 'sebi_entry': np.float64(0.049674447919464106), 'sebi_exit': np.float64(0.0638008732170105), 'ipft_entry': np.float64(0.049674447919464106), 'ipft_exit': np.float64(0.0638008732170105), 'stamp_buy': np.float64(1.4902334375839232), 'stt_sell': np.float64(15.950218304252624), 'dp_sell': 16.5, 'gst': np.float64(10.817490182404725), 'fees_total': np.float64(88.35510960426753)}",Time,10,1413_rsi_enabled=False_rsi_buy_below=40_rsi_sell_above=70_macd_enabled=True_macd_fast=12_macd_slow=26_macd_signal=9_adx_enabled=False_adx_length=14_adx_min_adx=20_sma_enabled=False_sma_length=50_bb_enabled=False_bb_length=20_bb_stddev=2.0_combination_mode=all
BAJFINANCE.NS,2021-02-03,2021-02-17,97,514.4896850585938,559.6159057617188,514.746929901123,559.336097808838,49930.45220040894,54255.60148745728,4325.149287048342,4239.520289586217,8.662347518280473,8.490850979217637,8.479040579172434,85.62899746212489,"{'brokerage_entry': 20.0, 'brokerage_exit': 20.0, 'exchange_entry': np.float64(1.4829344303521454), 'exchange_exit': np.float64(1.6113913641774813), 'sebi_entry': np.float64(0.04993045220040893), 'sebi_exit': np.float64(0.054255601487457276), 'ipft_entry': np.float64(0.04993045220040893), 'ipft_exit': np.float64(0.054255601487457276), 'stamp_buy': np.float64(1.4979135660122682), 'stt_sell': np.float64(13.563900371864321), 'dp_sell': 16.5, 'gst': np.float64(10.764485622342962), 'fees_total': np.float64(85.62899746212489)}",Time,10,1413_rsi_enabled=False_rsi_buy_below=40_rsi_sell_above=70_macd_enabled=True_macd_fast=12_macd_slow=26_macd_signal=9_adx_enabled=False_adx_length=14_adx_min_adx=20_sma_enabled=False_sma_length=50_bb_enabled=False_bb_length=20_bb_stddev=2.0_combination_mode=all
BAJFINANCE.NS,2021-04-29,2021-05-14,92,538.0067749023438,522.8519287109375,538.2757782897949,522.590502746582,49521.37160266113,48078.32625268555,-1443.0453499755822,-1526.8713869848104,-2.9139850195466668,-3.083257465556065,-3.053742773969621,83.8260370092283,"{'brokerage_entry': 20.0, 'brokerage_exit': 20.0, 'exchange_entry': np.float64(1.4707847365990356), 'exchange_exit': np.float64(1.4279262897047607), 'sebi_entry': np.float64(0.049521371602661124), 'sebi_exit': np.float64(0.048078326252685544), 'ipft_entry': np.float64(0.049521371602661124), 'ipft_exit': np.float64(0.048078326252685544), 'stamp_buy': np.float64(1.485641148079834), 'stt_sell': np.float64(12.019581563171387), 'dp_sell': 16.5, 'gst': np.float64(10.726903875962606), 'fees_total': np.float64(83.8260370092283)}",Time,10,1413_rsi_enabled=False_rsi_buy_below=40_rsi_sell_above=70_macd_enabled=True_macd_fast=12_macd_slow=26_macd_signal=9_adx_enabled=False_adx_length=14_adx_min_adx=20_sma_enabled=False_sma_length=50_bb_enabled=False_bb_length=20_bb_stddev=2.0_combination_mode=all
BAJFINANCE.NS,2022-01-04,2022-01-18,69,721.435791015625,760.8333129882812,721.7965089111327,760.4528963317872,49803.95911486816,52471.24984689332,2667.2907320251616,2582.1830943235686,5.355579715807945,5.184694430352426,5.164366188647137,85.10763770159303,"{'brokerage_entry': 20.0, 'brokerage_exit': 20.0, 'exchange_entry': np.float64(1.4791775857115843), 'exchange_exit': np.float64(1.5583961204527317), 'sebi_entry': np.float64(0.04980395911486816), 'sebi_exit': np.float64(0.05247124984689332), 'ipft_entry': np.float64(0.04980395911486816), 'ipft_exit': np.float64(0.05247124984689332), 'stamp_buy': np.float64(1.4941187734460448), 'stt_sell': np.float64(13.11781246172333), 'dp_sell': 16.5, 'gst': np.float64(10.753582342335811), 'fees_total': np.float64(85.10763770159303)}",Time,10,1413_rsi_enabled=False_rsi_buy_below=40_rsi_sell_above=70_macd_enabled=True_macd_fast=12_macd_slow=26_macd_signal=9_adx_enabled=False_adx_length=14_adx_min_adx=20_sma_enabled=False_sma_length=50_bb_enabled=False_bb_length=20_bb_stddev=2.0_combination_mode=all
BAJFINANCE.NS,2022-03-21,2022-04-04,74,675.0037231445312,735.942138671875,675.3412250061035,735.5741676025391,49975.25065045166,54432.48840258789,4457.237752136236,4371.554896629057,8.918890238914596,8.747439662095118,8.743109793258114,85.68285550717853,"{'brokerage_entry': 20.0, 'brokerage_exit': 20.0, 'exchange_entry': np.float64(1.4842649443184142), 'exchange_exit': np.float64(1.6166449055568604), 'sebi_entry': np.float64(0.04997525065045166), 'sebi_exit': np.float64(0.05443248840258789), 'ipft_entry': np.float64(0.04997525065045166), 'ipft_exit': np.float64(0.05443248840258789), 'stamp_buy': np.float64(1.4992575195135498), 'stt_sell': np.float64(13.608122100646973), 'dp_sell': 16.5, 'gst': np.float64(10.765750559036645), 'fees_total': np.float64(85.68285550717853)}",Time,10,1413_rsi_enabled=False_rsi_buy_below=40_rsi_sell_above=70_macd_enabled=True_macd_fast=12_macd_slow=26_macd_signal=9_adx_enabled=False_adx_length=14_adx_min_adx=20_sma_enabled=False_sma_length=50_bb_enabled=False_bb_length=20_bb_stddev=2.0_combination_mode=all
BAJFINANCE.NS,2022-07-18,2022-08-01,83,597.5316162109375,715.9769287109375,597.830382019043,715.618940246582,49619.921707580565,59396.37204046631,9776.450332885746,9689.364778740462,19.702671823023397,19.527166600224994,19.378729557480927,87.08555414528344,"{'brokerage_entry': 20.0, 'brokerage_exit': 20.0, 'exchange_entry': np.float64(1.4737116747151429), 'exchange_exit': np.float64(1.7640722496018495), 'sebi_entry': np.float64(0.04961992170758056), 'sebi_exit': np.float64(0.05939637204046631), 'ipft_entry': np.float64(0.04961992170758056), 'ipft_exit': np.float64(0.05939637204046631), 'stamp_buy': np.float64(1.488597651227417), 'stt_sell': np.float64(14.849093010116578), 'dp_sell': 16.5, 'gst': np.float64(10.792046972126355), 'fees_total': np.float64(87.08555414528344)}",Time,10,1413_rsi_enabled=False_rsi_buy_below=40_rsi_sell_above=70_macd_enabled=True_macd_fast=12_macd_slow=26_macd_signal=9_adx_enabled=False_adx_length=14_adx_min_adx=20_sma_enabled=False_sma_length=50_bb_enabled=False_bb_length=20_bb_stddev=2.0_combination_mode=all
BAJFINANCE.NS,2023-02-08,2023-02-22,79,626.3097534179688,611.2230224609375,626.6229082946777,610.9174109497071,49503.20975527954,48262.47546502686,-1240.7342902526798,-1324.6120286329456,-2.5063713977058932,-2.67581038720762,-2.649224057265891,83.87773838026588,"{'brokerage_entry': 20.0, 'brokerage_exit': 20.0, 'exchange_entry': np.float64(1.4702453297318023), 'exchange_exit': np.float64(1.4333955213112977), 'sebi_entry': np.float64(0.04950320975527954), 'sebi_exit': np.float64(0.048262475465026856), 'ipft_entry': np.float64(0.04950320975527954), 'ipft_exit': np.float64(0.048262475465026856), 'stamp_buy': np.float64(1.4850962926583862), 'stt_sell': np.float64(12.065618866256715), 'dp_sell': 16.5, 'gst': np.float64(10.72785099986707), 'fees_total': np.float64(83.87773838026588)}",Time,10,1413_rsi_enabled=False_rsi_buy_below=40_rsi_sell_above=70_macd_enabled=True_macd_fast=12_macd_slow=26_macd_signal=9_adx_enabled=False_adx_length=14_adx_min_adx=20_sma_enabled=False_sma_length=50_bb_enabled=False_bb_length=20_bb_stddev=2.0_combination_mode=all
BAJFINANCE.NS,2023-04-25,2023-05-10,83,599.0551147460938,653.9046630859375,599.3546423034668,653.5777107543946,49746.43531118774,54246.949992614755,4500.514681427012,4414.900574298848,9.046908895630693,8.874807906700317,8.829801148597696,85.61410712816337,"{'brokerage_entry': 20.0, 'brokerage_exit': 20.0, 'exchange_entry': np.float64(1.4774691287422759), 'exchange_exit': np.float64(1.6111344147806583), 'sebi_entry': np.float64(0.04974643531118774), 'sebi_exit': np.float64(0.05424694999261475), 'ipft_entry': np.float64(0.04974643531118774), 'ipft_exit': np.float64(0.05424694999261475), 'stamp_buy': np.float64(1.4923930593356323), 'stt_sell': np.float64(13.56173749815369), 'dp_sell': 16.5, 'gst': np.float64(10.763386256543496), 'fees_total': np.float64(85.61410712816337)}",Time,10,1413_rsi_enabled=False_rsi_buy_below=40_rsi_sell_above=70_macd_enabled=True_macd_fast=12_macd_slow=26_macd_signal=9_adx_enabled=False_adx_length=14_adx_min_adx=20_sma_enabled=False_sma_length=50_bb_enabled=False_bb_length=20_bb_stddev=2.0_combination_mode=all
BAJFINANCE.NS,2023-08-29,2023-09-12,69,722.2227172851562,735.8832397460938,722.5838286437988,735.5152981262207,49858.284176422116,50750.55557070923,892.2713942871123,807.6546326095612,1.7896151241984892,1.6199005761042606,1.6153092652191225,84.61676167755115,"{'brokerage_entry': 20.0, 'brokerage_exit': 20.0, 'exchange_entry': np.float64(1.4807910400397368), 'exchange_exit': np.float64(1.507291500450064), 'sebi_entry': np.float64(0.049858284176422116), 'sebi_exit': np.float64(0.050750555570709226), 'ipft_entry': np.float64(0.049858284176422116), 'ipft_exit': np.float64(0.050750555570709226), 'stamp_buy': np.float64(1.4957485252926634), 'stt_sell': np.float64(12.687638892677308), 'dp_sell': 16.5, 'gst': np.float64(10.74407403959713), 'fees_total': np.float64(84.61676167755115)}",Time,10,1413_rsi_enabled=False_rsi_buy_below=40_rsi_sell_above=70_macd_enabled=True_macd_fast=12_macd_slow=26_macd_signal=9_adx_enabled=False_adx_length=14_adx_min_adx=20_sma_enabled=False_sma_length=50_bb_enabled=False_bb_length=20_bb_stddev=2.0_combination_mode=all
BAJFINANCE.NS,2023-12-18,2023-12-26,66,751.36083984375,713.7927978515625,751.7365202636719,713.4359014526367,49614.610337402344,47086.769495874025,-2527.8408415283193,-2611.3881840264535,-5.0949525237381295,-5.263345144238367,-5.222776368052907,83.54734249813411,"{'brokerage_entry': 20.0, 'brokerage_exit': 20.0, 'exchange_entry': np.float64(1.4735539270208495), 'exchange_exit': np.float64(1.3984770540274585), 'sebi_entry': np.float64(0.04961461033740234), 'sebi_exit': np.float64(0.04708676949587402), 'ipft_entry': np.float64(0.04961461033740234), 'ipft_exit': np.float64(0.04708676949587402), 'stamp_buy': np.float64(1.4884383101220704), 'stt_sell': np.float64(11.771692373968506), 'dp_sell': 16.5, 'gst': np.float64(10.721778073328675), 'fees_total': np.float64(83.54734249813411)}",HSL,5,1413_rsi_enabled=False_rsi_buy_below=40_rsi_sell_above=70_macd_enabled=True_macd_fast=12_macd_slow=26_macd_signal=9_adx_enabled=False_adx_length=14_adx_min_adx=20_sma_enabled=False_sma_length=50_bb_enabled=False_bb_length=20_bb_stddev=2.0_combination_mode=all
BAJFINANCE.NS,2024-01-04,2024-01-16,65,763.040771484375,738.3934326171875,763.4222918701172,738.0242359008789,49622.44897155762,47971.57533355713,-1650.873638000492,-1734.6758073761853,-3.3268685286909814,-3.495748080411064,-3.4693516147523704,83.80216937569313,"{'brokerage_entry': 20.0, 'brokerage_exit': 20.0, 'exchange_entry': np.float64(1.4737867344552613), 'exchange_exit': np.float64(1.4247557874066468), 'sebi_entry': np.float64(0.04962244897155762), 'sebi_exit': np.float64(0.04797157533355713), 'ipft_entry': np.float64(0.04962244897155762), 'ipft_exit': np.float64(0.04797157533355713), 'stamp_buy': np.float64(1.4886734691467287), 'stt_sell': np.float64(11.992893833389282), 'dp_sell': 16.5, 'gst': np.float64(10.726871502684983), 'fees_total': np.float64(83.80216937569313)}",MACD_cross_down,8,1413_rsi_enabled=False_rsi_buy_below=40_rsi_sell_above=70_macd_enabled=True_macd_fast=12_macd_slow=26_macd_signal=9_adx_enabled=False_adx_length=14_adx_min_adx=20_sma_enabled=False_sma_length=50_bb_enabled=False_bb_length=20_bb_stddev=2.0_combination_mode=all
BAJFINANCE.NS,2024-03-22,2024-04-09,74,669.4970092773438,712.3450317382812,669.8317577819823,711.9888592224122,49567.55007586669,52687.175582458505,3119.625506591816,3034.47174592595,6.293685085942326,6.121891724084554,6.0689434918519,85.15376066586592,"{'brokerage_entry': 20.0, 'brokerage_exit': 20.0, 'exchange_entry': np.float64(1.4721562372532406), 'exchange_exit': np.float64(1.5648091147990175), 'sebi_entry': np.float64(0.04956755007586669), 'sebi_exit': np.float64(0.0526871755824585), 'ipft_entry': np.float64(0.04956755007586669), 'ipft_exit': np.float64(0.0526871755824585), 'stamp_buy': np.float64(1.4870265022760008), 'stt_sell': np.float64(13.171793895614627), 'dp_sell': 16.5, 'gst': np.float64(10.7534654646064), 'fees_total': np.float64(85.15376066586592)}",Time,10,1413_rsi_enabled=False_rsi_buy_below=40_rsi_sell_above=70_macd_enabled=True_macd_fast=12_macd_slow=26_macd_signal=9_adx_enabled=False_adx_length=14_adx_min_adx=20_sma_enabled=False_sma_length=50_bb_enabled=False_bb_length=20_bb_stddev=2.0_combination_mode=all
BAJFINANCE.NS,2024-06-07,2024-06-24,70,712.127197265625,704.7994995117188,712.4832608642578,704.4470997619629,49873.82826049804,49311.29698333741,-562.5312771606332,-646.7354350491534,-1.127908758522512,-1.296743116792966,-1.2934708700983066,84.2041578885202,"{'brokerage_entry': 20.0, 'brokerage_exit': 20.0, 'exchange_entry': np.float64(1.4812526993367918), 'exchange_exit': np.float64(1.464545520405121), 'sebi_entry': np.float64(0.04987382826049804), 'sebi_exit': np.float64(0.04931129698333741), 'ipft_entry': np.float64(0.04987382826049804), 'ipft_exit': np.float64(0.04931129698333741), 'stamp_buy': np.float64(1.4962148478149413), 'stt_sell': np.float64(12.327824245834352), 'dp_sell': 16.5, 'gst': np.float64(10.735950324641326), 'fees_total': np.float64(84.2041578885202)}",Time,10,1413_rsi_enabled=False_rsi_buy_below=40_rsi_sell_above=70_macd_enabled=True_macd_fast=12_macd_slow=26_macd_signal=9_adx_enabled=False_adx_length=14_adx_min_adx=20_sma_enabled=False_sma_length=50_bb_enabled=False_bb_length=20_bb_stddev=2.0_combination_mode=all
BAJFINANCE.NS,2024-08-27,2024-09-10,73,683.0787963867188,720.7230224609375,683.420335784912,720.3626609497071,49889.684512298576,52586.47424932862,2696.7897370300416,2611.643204737703,5.405505693998207,5.234836079378078,5.2232864094754055,85.14653229233855,"{'brokerage_entry': 20.0, 'brokerage_exit': 20.0, 'exchange_entry': np.float64(1.4817236300152676), 'exchange_exit': np.float64(1.56181828520506), 'sebi_entry': np.float64(0.049889684512298575), 'sebi_exit': np.float64(0.052586474249328614), 'ipft_entry': np.float64(0.049889684512298575), 'ipft_exit': np.float64(0.052586474249328614), 'stamp_buy': np.float64(1.4966905353689572), 'stt_sell': np.float64(13.146618562332154), 'dp_sell': 16.5, 'gst': np.float64(10.754728961893846), 'fees_total': np.float64(85.14653229233855)}",Time,10,1413_rsi_enabled=False_rsi_buy_below=40_rsi_sell_above=70_macd_enabled=True_macd_fast=12_macd_slow=26_macd_signal=9_adx_enabled=False_adx_length=14_adx_min_adx=20_sma_enabled=False_sma_length=50_bb_enabled=False_bb_length=20_bb_stddev=2.0_combination_mode=all
BAJFINANCE.NS,2024-12-11,2024-12-23,70,708.108642578125,683.3873291015625,708.462696899414,683.0456354370118,49592.38878295898,47813.19448059083,-1779.1943023681524,-1862.9489258993453,-3.5876358167677576,-3.75652186074871,-3.725897851798691,83.75462353119283,"{'brokerage_entry': 20.0, 'brokerage_exit': 20.0, 'exchange_entry': np.float64(1.4728939468538818), 'exchange_exit': np.float64(1.4200518760735477), 'sebi_entry': np.float64(0.04959238878295898), 'sebi_exit': np.float64(0.04781319448059083), 'ipft_entry': np.float64(0.04959238878295898), 'ipft_exit': np.float64(0.04781319448059083), 'stamp_buy': np.float64(1.4877716634887694), 'stt_sell': np.float64(11.953298620147708), 'dp_sell': 16.5, 'gst': np.float64(10.725796258101816), 'fees_total': np.float64(83.75462353119283)}",MACD_cross_down,8,1413_rsi_enabled=False_rsi_buy_below=40_rsi_sell_above=70_macd_enabled=True_macd_fast=12_macd_slow=26_macd_signal=9_adx_enabled=False_adx_length=14_adx_min_adx=20_sma_enabled=False_sma_length=50_bb_enabled=False_bb_length=20_bb_stddev=2.0_combination_mode=all
PAYTM.NS,2021-11-24,2021-11-26,28,1752.449951171875,1664.8274536132812,1753.3261761474607,1663.9950398864746,49093.1329321289,46591.86111682129,-2501.271815307613,-2584.641767462177,-5.094952523738123,-5.264772511127851,-5.169283534924355,83.36995215456423,"{'brokerage_entry': 20.0, 'brokerage_exit': 20.0, 'exchange_entry': np.float64(1.4580660480842285), 'exchange_exit': np.float64(1.3837782751695922), 'sebi_entry': np.float64(0.0490931329321289), 'sebi_exit': np.float64(0.04659186111682129), 'ipft_entry': np.float64(0.0490931329321289), 'ipft_exit': np.float64(0.04659186111682129), 'stamp_buy': np.float64(1.4727939879638672), 'stt_sell': np.float64(11.647965279205323), 'dp_sell': 16.5, 'gst': np.float64(10.715978576043309), 'fees_total': np.float64(83.36995215456423)}",HSL,2,1413_rsi_enabled=False_rsi_buy_below=40_rsi_sell_above=70_macd_enabled=True_macd_fast=12_macd_slow=26_macd_signal=9_adx_enabled=False_adx_length=14_adx_min_adx=20_sma_enabled=False_sma_length=50_bb_enabled=False_bb_length=20_bb_stddev=2.0_combination_mode=all
PAYTM.NS,2022-04-11,2022-04-19,72,687.6500244140625,653.2675231933594,687.9938494262695,652.9408894317627,49535.55715869141,47011.744039086916,-2523.8131196044924,-2607.333570677629,-5.094952523738131,-5.263559592808883,-5.214667141355258,83.52045107313657,"{'brokerage_entry': 20.0, 'brokerage_exit': 20.0, 'exchange_entry': np.float64(1.4712060476131348), 'exchange_exit': np.float64(1.3962487979608815), 'sebi_entry': np.float64(0.04953555715869141), 'sebi_exit': np.float64(0.047011744039086915), 'ipft_entry': np.float64(0.04953555715869141), 'ipft_exit': np.float64(0.047011744039086915), 'stamp_buy': np.float64(1.4860667147607423), 'stt_sell': np.float64(11.752936009771728), 'dp_sell': 16.5, 'gst': np.float64(10.720898900634523), 'fees_total': np.float64(83.52045107313657)}",HSL,4,1413_rsi_enabled=False_rsi_buy_below=40_rsi_sell_above=70_macd_enabled=True_macd_fast=12_macd_slow=26_macd_signal=9_adx_enabled=False_adx_length=14_adx_min_adx=20_sma_enabled=False_sma_length=50_bb_enabled=False_bb_length=20_bb_stddev=2.0_combination_mode=all
PAYTM.NS,2022-05-24,2022-05-25,77,646.4500122070312,614.1275115966797,646.7732372131347,613.8204478408815,49801.539265411375,47264.17448374787,-2537.3647816635057,-2620.975711550906,-5.094952523738116,-5.262840767998611,-5.2419514231018125,83.61092988740036,"{'brokerage_entry': 20.0, 'brokerage_exit': 20.0, 'exchange_entry': np.float64(1.479105716182718), 'exchange_exit': np.float64(1.4037459821673117), 'sebi_entry': np.float64(0.04980153926541137), 'sebi_exit': np.float64(0.04726417448374787), 'ipft_entry': np.float64(0.04980153926541137), 'ipft_exit': np.float64(0.04726417448374787), 'stamp_buy': np.float64(1.4940461779623413), 'stt_sell': np.float64(11.816043620936968), 'dp_sell': 16.5, 'gst': np.float64(10.723856962652702), 'fees_total': np.float64(83.61092988740036)}",HSL,1,1413_rsi_enabled=False_rsi_buy_below=40_rsi_sell_above=70_macd_enabled=True_macd_fast=12_macd_slow=26_macd_signal=9_adx_enabled=False_adx_length=14_adx_min_adx=20_sma_enabled=False_sma_length=50_bb_enabled=False_bb_length=20_bb_stddev=2.0_combination_mode=all
PAYTM.NS,2022-10-11,2022-10-17,70,708.0999755859375,672.6949768066406,708.4540255737304,672.3586293182374,49591.78179016113,47065.10405227662,-2526.677737884507,-2610.2173148231036,-5.094952523738103,-5.263407001320859,-5.220434629646207,83.53957693859623,"{'brokerage_entry': 20.0, 'brokerage_exit': 20.0, 'exchange_entry': np.float64(1.4728759191677854), 'exchange_exit': np.float64(1.3978335903526156), 'sebi_entry': np.float64(0.049591781790161125), 'sebi_exit': np.float64(0.04706510405227662), 'ipft_entry': np.float64(0.049591781790161125), 'ipft_exit': np.float64(0.04706510405227662), 'stamp_buy': np.float64(1.4877534537048338), 'stt_sell': np.float64(11.766276013069156), 'dp_sell': 16.5, 'gst': np.float64(10.721524190616952), 'fees_total': np.float64(83.53957693859623)}",HSL,4,1413_rsi_enabled=False_rsi_buy_below=40_rsi_sell_above=70_macd_enabled=True_macd_fast=12_macd_slow=26_macd_signal=9_adx_enabled=False_adx_length=14_adx_min_adx=20_sma_enabled=False_sma_length=50_bb_enabled=False_bb_length=20_bb_stddev=2.0_combination_mode=all
PAYTM.NS,2022-12-30,2023-01-13,94,531.0,560.0999755859375,531.2655,559.8199255981446,49938.956999999995,52623.07300622559,2684.116006225595,2598.9556339696255,5.37479388331157,5.204264946842254,5.197911267939251,85.16037225596928,"{'brokerage_entry': 20.0, 'brokerage_exit': 20.0, 'exchange_entry': np.float64(1.4831870229), 'exchange_exit': np.float64(1.5629052682849), 'sebi_entry': np.float64(0.04993895699999999), 'sebi_exit': np.float64(0.05262307300622559), 'ipft_entry': np.float64(0.04993895699999999), 'ipft_exit': np.float64(0.05262307300622559), 'stamp_buy': np.float64(1.4981687099999998), 'stt_sell': np.float64(13.155768251556397), 'dp_sell': 16.5, 'gst': np.float64(10.755218943215523), 'fees_total': np.float64(85.16037225596928)}",Time,10,1413_rsi_enabled=False_rsi_buy_below=40_rsi_sell_above=70_macd_enabled=True_macd_fast=12_macd_slow=26_macd_signal=9_adx_enabled=False_adx_length=14_adx_min_adx=20_sma_enabled=False_sma_length=50_bb_enabled=False_bb_length=20_bb_stddev=2.0_combination_mode=all
PAYTM.NS,2023-02-08,2023-02-10,73,675.9500122070312,642.1525115966797,676.2879872131348,641.8314353408814,49369.02306655884,46853.69477988434,-2515.3282866744994,-2598.792088045231,-5.09495252373813,-5.264013599259529,-5.197584176090462,83.4638013707319,"{'brokerage_entry': 20.0, 'brokerage_exit': 20.0, 'exchange_entry': np.float64(1.4662599850767974), 'exchange_exit': np.float64(1.391554734962565), 'sebi_entry': np.float64(0.04936902306655884), 'sebi_exit': np.float64(0.04685369477988434), 'ipft_entry': np.float64(0.04936902306655884), 'ipft_exit': np.float64(0.04685369477988434), 'stamp_buy': np.float64(1.481070691996765), 'stt_sell': np.float64(11.713423694971086), 'dp_sell': 16.5, 'gst': np.float64(10.719046828031805), 'fees_total': np.float64(83.4638013707319)}",HSL,2,1413_rsi_enabled=False_rsi_buy_below=40_rsi_sell_above=70_macd_enabled=True_macd_fast=12_macd_slow=26_macd_signal=9_adx_enabled=False_adx_length=14_adx_min_adx=20_sma_enabled=False_sma_length=50_bb_enabled=False_bb_length=20_bb_stddev=2.0_combination_mode=all
PAYTM.NS,2023-04-03,2023-04-20,78,639.0,656.8499755859375,639.3195,656.5215505981446,49866.920999999995,51208.68094665528,1341.7599466552856,1257.0109348222052,2.690681356996727,2.520730996851009,2.5140218696444103,84.74901183308043,"{'brokerage_entry': 20.0, 'brokerage_exit': 20.0, 'exchange_entry': np.float64(1.4810475536999999), 'exchange_exit': np.float64(1.5208978241156619), 'sebi_entry': np.float64(0.049866920999999995), 'sebi_exit': np.float64(0.05120868094665528), 'ipft_entry': np.float64(0.049866920999999995), 'ipft_exit': np.float64(0.05120868094665528), 'stamp_buy': np.float64(1.4960076299999998), 'stt_sell': np.float64(12.802170236663821), 'dp_sell': 16.5, 'gst': np.float64(10.746737384707618), 'fees_total': np.float64(84.74901183308043)}",Time,10,1413_rsi_enabled=False_rsi_buy_below=40_rsi_sell_above=70_macd_enabled=True_macd_fast=12_macd_slow=26_macd_signal=9_adx_enabled=False_adx_length=14_adx_min_adx=20_sma_enabled=False_sma_length=50_bb_enabled=False_bb_length=20_bb_stddev=2.0_combination_mode=all
PAYTM.NS,2023-08-11,2023-08-28,57,864.5499877929688,882.7999877929688,864.9822627868651,882.3585877990723,49303.98897885131,50294.439504547125,990.4505256958146,906.0022173344623,2.008864893509252,1.8375840091216296,1.8120044346689246,84.4483083613523,"{'brokerage_entry': 20.0, 'brokerage_exit': 20.0, 'exchange_entry': np.float64(1.464328472671884), 'exchange_exit': np.float64(1.4937448532850497), 'sebi_entry': np.float64(0.049303988978851306), 'sebi_exit': np.float64(0.05029443950454712), 'ipft_entry': np.float64(0.049303988978851306), 'ipft_exit': np.float64(0.05029443950454712), 'stamp_buy': np.float64(1.4791196693655393), 'stt_sell': np.float64(12.573609876136782), 'dp_sell': 16.5, 'gst': np.float64(10.73830863292627), 'fees_total': np.float64(84.4483083613523)}",Time,10,1413_rsi_enabled=False_rsi_buy_below=40_rsi_sell_above=70_macd_enabled=True_macd_fast=12_macd_slow=26_macd_signal=9_adx_enabled=False_adx_length=14_adx_min_adx=20_sma_enabled=False_sma_length=50_bb_enabled=False_bb_length=20_bb_stddev=2.0_combination_mode=all
PAYTM.NS,2023-10-05,2023-10-19,55,895.0999755859375,968.4500122070312,895.5475255737305,967.9657872009278,49255.113906555176,53238.11829605103,3983.004389495851,3897.7133446608705,8.086478892429822,7.913317086334335,7.795426689321741,85.2910448349801,"{'brokerage_entry': 20.0, 'brokerage_exit': 20.0, 'exchange_entry': np.float64(1.4628768830246888), 'exchange_exit': np.float64(1.5811721133927155), 'sebi_entry': np.float64(0.049255113906555174), 'sebi_exit': np.float64(0.053238118296051025), 'ipft_entry': np.float64(0.049255113906555174), 'ipft_exit': np.float64(0.053238118296051025), 'stamp_buy': np.float64(1.4776534171966553), 'stt_sell': np.float64(13.309529574012757), 'dp_sell': 16.5, 'gst': np.float64(10.754826382948071), 'fees_total': np.float64(85.2910448349801)}",Time,10,1413_rsi_enabled=False_rsi_buy_below=40_rsi_sell_above=70_macd_enabled=True_macd_fast=12_macd_slow=26_macd_signal=9_adx_enabled=False_adx_length=14_adx_min_adx=20_sma_enabled=False_sma_length=50_bb_enabled=False_bb_length=20_bb_stddev=2.0_combination_mode=all
PAYTM.NS,2024-01-16,2024-02-01,66,747.3499755859375,709.9824768066406,747.7236505737304,709.6274855682374,49349.76093786621,46835.41404750367,-2514.34689036254,-2597.8041393580543,-5.0949525237381135,-5.264066309518334,-5.195608278716109,83.45724899551465,"{'brokerage_entry': 20.0, 'brokerage_exit': 20.0, 'exchange_entry': np.float64(1.4656878998546263), 'exchange_exit': np.float64(1.3910117972108589), 'sebi_entry': np.float64(0.04934976093786621), 'sebi_exit': np.float64(0.046835414047503666), 'ipft_entry': np.float64(0.04934976093786621), 'ipft_exit': np.float64(0.046835414047503666), 'stamp_buy': np.float64(1.4804928281359864), 'stt_sell': np.float64(11.708853511875917), 'dp_sell': 16.5, 'gst': np.float64(10.71883260846652), 'fees_total': np.float64(83.45724899551465)}",HSL,10,1413_rsi_enabled=False_rsi_buy_below=40_rsi_sell_above=70_macd_enabled=True_macd_fast=12_macd_slow=26_macd_signal=9_adx_enabled=False_adx_length=14_adx_min_adx=20_sma_enabled=False_sma_length=50_bb_enabled=False_bb_length=20_bb_stddev=2.0_combination_mode=all
PAYTM.NS,2024-05-30,2024-06-04,132,377.3999938964844,358.52999420166014,377.5886938934326,358.35072920455934,49841.707593933104,47302.296255001835,-2539.4113389312697,-2623.0359328308114,-5.0949525237381215,-5.262732878658627,-5.246071865661623,83.62459389954172,"{'brokerage_entry': 20.0, 'brokerage_exit': 20.0, 'exchange_entry': np.float64(1.4802987155398133), 'exchange_exit': np.float64(1.4048781987735546), 'sebi_entry': np.float64(0.0498417075939331), 'sebi_exit': np.float64(0.04730229625500183), 'ipft_entry': np.float64(0.0498417075939331), 'ipft_exit': np.float64(0.04730229625500183), 'stamp_buy': np.float64(1.4952512278179932), 'stt_sell': np.float64(11.825574063750459), 'dp_sell': 16.5, 'gst': np.float64(10.724303685962022), 'fees_total': np.float64(83.62459389954172)}",HSL,3,1413_rsi_enabled=False_rsi_buy_below=40_rsi_sell_above=70_macd_enabled=True_macd_fast=12_macd_slow=26_macd_signal=9_adx_enabled=False_adx_length=14_adx_min_adx=20_sma_enabled=False_sma_length=50_bb_enabled=False_bb_length=20_bb_stddev=2.0_combination_mode=all
PAYTM.NS,2024-06-07,2024-06-24,131,381.29998779296875,410.70001220703125,381.4906377868652,410.49466220092773,49975.27355007934,53774.80074832153,3799.527198242191,3714.0333645694022,7.602814208580072,7.43174194103737,7.428066729138805,85.49383367278875,"{'brokerage_entry': 20.0, 'brokerage_exit': 20.0, 'exchange_entry': np.float64(1.4842656244373564), 'exchange_exit': np.float64(1.5971115822251496), 'sebi_entry': np.float64(0.04997527355007934), 'sebi_exit': np.float64(0.053774800748321534), 'ipft_entry': np.float64(0.04997527355007934), 'ipft_exit': np.float64(0.053774800748321534), 'stamp_buy': np.float64(1.4992582065023803), 'stt_sell': np.float64(13.443700187080383), 'dp_sell': 16.5, 'gst': np.float64(10.761997923946675), 'fees_total': np.float64(85.49383367278875)}",Time,10,1413_rsi_enabled=False_rsi_buy_below=40_rsi_sell_above=70_macd_enabled=True_macd_fast=12_macd_slow=26_macd_signal=9_adx_enabled=False_adx_length=14_adx_min_adx=20_sma_enabled=False_sma_length=50_bb_enabled=False_bb_length=20_bb_stddev=2.0_combination_mode=all
SOLARINDS.NS,2015-01-02,2015-01-16,96,519.81298828125,576.1006469726562,520.0728947753906,575.8125966491699,49926.997898437505,55278.009278320314,5351.01137988281,5265.088769127823,10.717671009917208,10.54557452029896,10.530177538255646,85.922610754987,"{'brokerage_entry': 20.0, 'brokerage_exit': 20.0, 'exchange_entry': np.float64(1.4828318375835938), 'exchange_exit': np.float64(1.6417568755661134), 'sebi_entry': np.float64(0.049926997898437506), 'sebi_exit': np.float64(0.055278009278320314), 'ipft_entry': np.float64(0.049926997898437506), 'ipft_exit': np.float64(0.055278009278320314), 'stamp_buy': np.float64(1.4978099369531253), 'stt_sell': np.float64(13.81950231958008), 'dp_sell': 16.5, 'gst': np.float64(10.77029977095058), 'fees_total': np.float64(85.922610754987)}",Time,10,1413_rsi_enabled=False_rsi_buy_below=40_rsi_sell_above=70_macd_enabled=True_macd_fast=12_macd_slow=26_macd_signal=9_adx_enabled=False_adx_length=14_adx_min_adx=20_sma_enabled=False_sma_length=50_bb_enabled=False_bb_length=20_bb_stddev=2.0_combination_mode=all
SOLARINDS.NS,2015-05-25,2015-06-03,73,678.8346557617188,649.435546875,679.1740730895996,649.1108291015626,49579.70733554077,47385.09052441407,-2194.6168111267034,-2278.2475402066225,-4.426441641283171,-4.595120993329223,-4.556495080413245,83.6307290799192,"{'brokerage_entry': 20.0, 'brokerage_exit': 20.0, 'exchange_entry': np.float64(1.472517307865561), 'exchange_exit': np.float64(1.4073371885750978), 'sebi_entry': np.float64(0.04957970733554077), 'sebi_exit': np.float64(0.047385090524414065), 'ipft_entry': np.float64(0.04957970733554077), 'ipft_exit': np.float64(0.047385090524414065), 'stamp_buy': np.float64(1.4873912200662232), 'stt_sell': np.float64(11.846272631103517), 'dp_sell': 16.5, 'gst': np.float64(10.723281136588902), 'fees_total': np.float64(83.6307290799192)}",MACD_cross_down,7,1413_rsi_enabled=False_rsi_buy_below=40_rsi_sell_above=70_macd_enabled=True_macd_fast=12_macd_slow=26_macd_signal=9_adx_enabled=False_adx_length=14_adx_min_adx=20_sma_enabled=False_sma_length=50_bb_enabled=False_bb_length=20_bb_stddev=2.0_combination_mode=all
SOLARINDS.NS,2015-06-05,2015-06-19,74,671.1304321289062,708.7992553710938,671.4659973449707,708.4448557434082,49688.48380352783,52424.919325012204,2736.4355214843745,2651.3489831815896,5.507182574345507,5.335942617338118,5.302697966363179,85.08653830278506,"{'brokerage_entry': 20.0, 'brokerage_exit': 20.0, 'exchange_entry': np.float64(1.4757479689647766), 'exchange_exit': np.float64(1.5570201039528624), 'sebi_entry': np.float64(0.049688483803527826), 'sebi_exit': np.float64(0.052424919325012205), 'ipft_entry': np.float64(0.049688483803527826), 'ipft_exit': np.float64(0.052424919325012205), 'stamp_buy': np.float64(1.490654514105835), 'stt_sell': np.float64(13.106229831253051), 'dp_sell': 16.5, 'gst': np.float64(10.75265907825145), 'fees_total': np.float64(85.08653830278506)}",Time,10,1413_rsi_enabled=False_rsi_buy_below=40_rsi_sell_above=70_macd_enabled=True_macd_fast=12_macd_slow=26_macd_signal=9_adx_enabled=False_adx_length=14_adx_min_adx=20_sma_enabled=False_sma_length=50_bb_enabled=False_bb_length=20_bb_stddev=2.0_combination_mode=all
SOLARINDS.NS,2015-12-30,2016-01-13,74,667.7588500976562,659.1273193359375,668.092729522705,658.7977556762696,49438.86198468017,48751.03392004395,-687.8280646362182,-771.8418802219817,-1.391270019219614,-1.561204787563993,-1.5436837604439635,84.01381558576351,"{'brokerage_entry': 20.0, 'brokerage_exit': 20.0, 'exchange_entry': np.float64(1.468334200945001), 'exchange_exit': np.float64(1.4479057074253052), 'sebi_entry': np.float64(0.049438861984680164), 'sebi_exit': np.float64(0.04875103392004394), 'ipft_entry': np.float64(0.049438861984680164), 'ipft_exit': np.float64(0.04875103392004394), 'stamp_buy': np.float64(1.4831658595404051), 'stt_sell': np.float64(12.187758480010988), 'dp_sell': 16.5, 'gst': np.float64(10.730271546032355), 'fees_total': np.float64(84.01381558576351)}",Time,10,1413_rsi_enabled=False_rsi_buy_below=40_rsi_sell_above=70_macd_enabled=True_macd_fast=12_macd_slow=26_macd_signal=9_adx_enabled=False_adx_length=14_adx_min_adx=20_sma_enabled=False_sma_length=50_bb_enabled=False_bb_length=20_bb_stddev=2.0_combination_mode=all
SOLARINDS.NS,2016-03-18,2016-04-05,75,658.9124145507812,665.520751953125,659.2418707580566,665.1879915771485,49443.14030685425,49889.09936828614,445.9590614318877,361.61787062332223,0.9019634648288406,0.7313812763085996,0.7232357412466445,84.34119080856547,"{'brokerage_entry': 20.0, 'brokerage_exit': 20.0, 'exchange_entry': np.float64(1.4684612671135713), 'exchange_exit': np.float64(1.4817062512380983), 'sebi_entry': np.float64(0.04944314030685425), 'sebi_exit': np.float64(0.04988909936828614), 'ipft_entry': np.float64(0.04944314030685425), 'ipft_exit': np.float64(0.04988909936828614), 'stamp_buy': np.float64(1.4832942092056276), 'stt_sell': np.float64(12.472274842071535), 'dp_sell': 16.5, 'gst': np.float64(10.736789759586351), 'fees_total': np.float64(84.34119080856547)}",Time,10,1413_rsi_enabled=False_rsi_buy_below=40_rsi_sell_above=70_macd_enabled=True_macd_fast=12_macd_slow=26_macd_signal=9_adx_enabled=False_adx_length=14_adx_min_adx=20_sma_enabled=False_sma_length=50_bb_enabled=False_bb_length=20_bb_stddev=2.0_combination_mode=all
SOLARINDS.NS,2016-07-08,2016-07-14,79,628.6666870117188,661.3264727266729,628.9810203552246,660.9958094903096,49689.50060806274,52218.66894973446,2529.1683416717206,2444.1410124255663,5.089945181017439,4.918827886205348,4.888282024851132,85.02732924615445,"{'brokerage_entry': 20.0, 'brokerage_exit': 20.0, 'exchange_entry': np.float64(1.4757781680594635), 'exchange_exit': np.float64(1.5508944678071135), 'sebi_entry': np.float64(0.049689500608062744), 'sebi_exit': np.float64(0.05221866894973446), 'ipft_entry': np.float64(0.049689500608062744), 'ipft_exit': np.float64(0.05221866894973446), 'stamp_buy': np.float64(1.4906850182418823), 'stt_sell': np.float64(13.054667237433616), 'dp_sell': 16.5, 'gst': np.float64(10.75148801549679), 'fees_total': np.float64(85.02732924615445)}",TSL,4,1413_rsi_enabled=False_rsi_buy_below=40_rsi_sell_above=70_macd_enabled=True_macd_fast=12_macd_slow=26_macd_signal=9_adx_enabled=False_adx_length=14_adx_min_adx=20_sma_enabled=False_sma_length=50_bb_enabled=False_bb_length=20_bb_stddev=2.0_combination_mode=all
SOLARINDS.NS,2016-08-30,2016-09-15,79,629.2472534179688,618.4590454101562,629.5618770446777,618.1498158874512,49735.38828652954,48833.83545510864,-901.5528314209005,-985.6104323165532,-1.8126988900277259,-1.9817085304298279,-1.9712208646331064,84.05760089565275,"{'brokerage_entry': 20.0, 'brokerage_exit': 20.0, 'exchange_entry': np.float64(1.4771410321099272), 'exchange_exit': np.float64(1.4503649130167267), 'sebi_entry': np.float64(0.049735388286529535), 'sebi_exit': np.float64(0.04883383545510864), 'ipft_entry': np.float64(0.049735388286529535), 'ipft_exit': np.float64(0.04883383545510864), 'stamp_buy': np.float64(1.4920616485958862), 'stt_sell': np.float64(12.20845886377716), 'dp_sell': 16.5, 'gst': np.float64(10.732435990669785), 'fees_total': np.float64(84.05760089565275)}",Time,10,1413_rsi_enabled=False_rsi_buy_below=40_rsi_sell_above=70_macd_enabled=True_macd_fast=12_macd_slow=26_macd_signal=9_adx_enabled=False_adx_length=14_adx_min_adx=20_sma_enabled=False_sma_length=50_bb_enabled=False_bb_length=20_bb_stddev=2.0_combination_mode=all
SOLARINDS.NS,2016-11-01,2016-11-09,74,670.1748046875,636.6660644531249,670.5098920898437,636.3477314208984,49617.732014648434,47089.73212514648,-2527.9998895019526,-2611.548293897292,-5.09495252373813,-5.2633366900492256,-5.223096587794584,83.54840439533922,"{'brokerage_entry': 20.0, 'brokerage_exit': 20.0, 'exchange_entry': np.float64(1.4736466408350586), 'exchange_exit': np.float64(1.3985650441168505), 'sebi_entry': np.float64(0.04961773201464843), 'sebi_exit': np.float64(0.04708973212514648), 'ipft_entry': np.float64(0.04961773201464843), 'ipft_exit': np.float64(0.04708973212514648), 'stamp_buy': np.float64(1.4885319604394531), 'stt_sell': np.float64(11.77243303128662), 'dp_sell': 16.5, 'gst': np.float64(10.721812790381668), 'fees_total': np.float64(83.54840439533922)}",HSL,6,1413_rsi_enabled=False_rsi_buy_below=40_rsi_sell_above=70_macd_enabled=True_macd_fast=12_macd_slow=26_macd_signal=9_adx_enabled=False_adx_length=14_adx_min_adx=20_sma_enabled=False_sma_length=50_bb_enabled=False_bb_length=20_bb_stddev=2.0_combination_mode=all
SOLARINDS.NS,2016-12-13,2016-12-23,75,659.1930541992188,639.2130737304688,659.5226507263184,638.8934671936036,49464.198804473875,47917.01003952027,-1547.1887649536075,-1630.96458492564,-3.1278961397301948,-3.2972627159547256,-3.2619291698512805,83.77581997203274,"{'brokerage_entry': 20.0, 'brokerage_exit': 20.0, 'exchange_entry': np.float64(1.4690867044928742), 'exchange_exit': np.float64(1.423135198173752), 'sebi_entry': np.float64(0.04946419880447387), 'sebi_exit': np.float64(0.047917010039520265), 'ipft_entry': np.float64(0.04946419880447387), 'ipft_exit': np.float64(0.047917010039520265), 'stamp_buy': np.float64(1.4839259641342164), 'stt_sell': np.float64(11.979252509880068), 'dp_sell': 16.5, 'gst': np.float64(10.725657177663829), 'fees_total': np.float64(83.77581997203274)}",MACD_cross_down,8,1413_rsi_enabled=False_rsi_buy_below=40_rsi_sell_above=70_macd_enabled=True_macd_fast=12_macd_slow=26_macd_signal=9_adx_enabled=False_adx_length=14_adx_min_adx=20_sma_enabled=False_sma_length=50_bb_enabled=False_bb_length=20_bb_stddev=2.0_combination_mode=all
SOLARINDS.NS,2017-07-07,2017-07-21,61,819.193115234375,865.1808471679688,819.6027117919922,864.7482567443848,49995.76541931152,52749.64366140747,2753.878242095947,2668.6776634459425,5.508222984485452,5.337807394414109,5.337355326891885,85.20057865000459,"{'brokerage_entry': 20.0, 'brokerage_exit': 20.0, 'exchange_entry': np.float64(1.4848742329535523), 'exchange_exit': np.float64(1.566664416743802), 'sebi_entry': np.float64(0.04999576541931152), 'sebi_exit': np.float64(0.05274964366140747), 'ipft_entry': np.float64(0.04999576541931152), 'ipft_exit': np.float64(0.05274964366140747), 'stamp_buy': np.float64(1.4998729625793457), 'stt_sell': np.float64(13.187410915351867), 'dp_sell': 16.5, 'gst': np.float64(10.756265304214581), 'fees_total': np.float64(85.20057865000459)}",Time,10,1413_rsi_enabled=False_rsi_buy_below=40_rsi_sell_above=70_macd_enabled=True_macd_fast=12_macd_slow=26_macd_signal=9_adx_enabled=False_adx_length=14_adx_min_adx=20_sma_enabled=False_sma_length=50_bb_enabled=False_bb_length=20_bb_stddev=2.0_combination_mode=all
SOLARINDS.NS,2018-03-28,2018-04-13,48,1040.23828125,1037.074462890625,1040.758400390625,1036.5559256591798,49956.40321875,49754.684431640635,-201.7187871093629,-286.0559432584861,-0.40378965280201023,-0.572611166592397,-0.5721118865169721,84.33715614912317,"{'brokerage_entry': 20.0, 'brokerage_exit': 20.0, 'exchange_entry': np.float64(1.4837051755968749), 'exchange_exit': np.float64(1.477714127619727), 'sebi_entry': np.float64(0.049956403218749994), 'sebi_exit': np.float64(0.04975468443164063), 'ipft_entry': np.float64(0.049956403218749994), 'ipft_exit': np.float64(0.04975468443164063), 'stamp_buy': np.float64(1.4986920965625), 'stt_sell': np.float64(12.438671107910158), 'dp_sell': 16.5, 'gst': np.float64(10.738951466133129), 'fees_total': np.float64(84.33715614912317)}",Time,10,1413_rsi_enabled=False_rsi_buy_below=40_rsi_sell_above=70_macd_enabled=True_macd_fast=12_macd_slow=26_macd_signal=9_adx_enabled=False_adx_length=14_adx_min_adx=20_sma_enabled=False_sma_length=50_bb_enabled=False_bb_length=20_bb_stddev=2.0_combination_mode=all
SOLARINDS.NS,2018-07-30,2018-08-13,42,1167.0675048828125,1214.7838134765625,1167.6510386352538,1214.1764215698242,49041.34362268066,50995.409705932616,1954.066083251957,1869.4340157217832,3.9845280306476756,3.8119551334176873,3.7388680314435665,84.6320675301737,"{'brokerage_entry': 20.0, 'brokerage_exit': 20.0, 'exchange_entry': np.float64(1.4565279055936156), 'exchange_exit': np.float64(1.5145636682661987), 'sebi_entry': np.float64(0.04904134362268066), 'sebi_exit': np.float64(0.050995409705932616), 'ipft_entry': np.float64(0.04904134362268066), 'ipft_exit': np.float64(0.050995409705932616), 'stamp_buy': np.float64(1.4712403086804198), 'stt_sell': np.float64(12.748852426483154), 'dp_sell': 16.5, 'gst': np.float64(10.740809714493068), 'fees_total': np.float64(84.6320675301737)}",Time,10,1413_rsi_enabled=False_rsi_buy_below=40_rsi_sell_above=70_macd_enabled=True_macd_fast=12_macd_slow=26_macd_signal=9_adx_enabled=False_adx_length=14_adx_min_adx=20_sma_enabled=False_sma_length=50_bb_enabled=False_bb_length=20_bb_stddev=2.0_combination_mode=all
SOLARINDS.NS,2018-12-14,2018-12-20,47,1041.928466796875,989.8320434570312,1042.4494310302734,989.3371274353027,48995.12325842285,46498.84498945923,-2496.2782689636224,-2579.61488128502,-5.0949525237381295,-5.265044171190147,-5.159229762570041,83.33661232139777,"{'brokerage_entry': 20.0, 'brokerage_exit': 20.0, 'exchange_entry': np.float64(1.4551551607751587), 'exchange_exit': np.float64(1.381015696186939), 'sebi_entry': np.float64(0.04899512325842285), 'sebi_exit': np.float64(0.04649884498945923), 'ipft_entry': np.float64(0.04899512325842285), 'ipft_exit': np.float64(0.04649884498945923), 'stamp_buy': np.float64(1.4698536977526855), 'stt_sell': np.float64(11.624711247364807), 'dp_sell': 16.5, 'gst': np.float64(10.714888582822415), 'fees_total': np.float64(83.33661232139777)}",HSL,4,1413_rsi_enabled=False_rsi_buy_below=40_rsi_sell_above=70_macd_enabled=True_macd_fast=12_macd_slow=26_macd_signal=9_adx_enabled=False_adx_length=14_adx_min_adx=20_sma_enabled=False_sma_length=50_bb_enabled=False_bb_length=20_bb_stddev=2.0_combination_mode=all
SOLARINDS.NS,2019-03-05,2019-03-19,48,1020.7374877929688,1021.4226684570312,1021.2478565368651,1020.9119571228028,49019.897113769526,49003.773941894535,-16.123171874991385,-100.18138571338629,-0.03289107653076334,-0.20436882085018834,-0.20036277142677256,84.0582138383949,"{'brokerage_entry': 20.0, 'brokerage_exit': 20.0, 'exchange_entry': np.float64(1.455890944278955), 'exchange_exit': np.float64(1.4554120860742676), 'sebi_entry': np.float64(0.04901989711376952), 'sebi_exit': np.float64(0.049003773941894535), 'ipft_entry': np.float64(0.04901989711376952), 'ipft_exit': np.float64(0.049003773941894535), 'stamp_buy': np.float64(1.4705969134130858), 'stt_sell': np.float64(12.250943485473634), 'dp_sell': 16.5, 'gst': np.float64(10.729323067043621), 'fees_total': np.float64(84.0582138383949)}",Time,10,1413_rsi_enabled=False_rsi_buy_below=40_rsi_sell_above=70_macd_enabled=True_macd_fast=12_macd_slow=26_macd_signal=9_adx_enabled=False_adx_length=14_adx_min_adx=20_sma_enabled=False_sma_length=50_bb_enabled=False_bb_length=20_bb_stddev=2.0_combination_mode=all
SOLARINDS.NS,2020-01-03,2020-01-17,45,1101.2447509765625,1117.54150390625,1101.7953733520508,1116.982733154297,49580.791800842286,50264.22299194337,683.4311911010809,598.9729089757309,1.3784192754450335,1.208074512770398,1.197945817951462,84.45828212535005,"{'brokerage_entry': 20.0, 'brokerage_exit': 20.0, 'exchange_entry': np.float64(1.472549516485016), 'exchange_exit': np.float64(1.492847422860718), 'sebi_entry': np.float64(0.04958079180084228), 'sebi_exit': np.float64(0.050264222991943365), 'ipft_entry': np.float64(0.04958079180084228), 'ipft_exit': np.float64(0.050264222991943365), 'stamp_buy': np.float64(1.4874237540252686), 'stt_sell': np.float64(12.566055747985843), 'dp_sell': 16.5, 'gst': np.float64(10.739715654407634), 'fees_total': np.float64(84.45828212535005)}",Time,10,1413_rsi_enabled=False_rsi_buy_below=40_rsi_sell_above=70_macd_enabled=True_macd_fast=12_macd_slow=26_macd_signal=9_adx_enabled=False_adx_length=14_adx_min_adx=20_sma_enabled=False_sma_length=50_bb_enabled=False_bb_length=20_bb_stddev=2.0_combination_mode=all
SOLARINDS.NS,2020-06-10,2020-06-24,52,958.9056396484375,930.8414916992188,959.3850924682616,930.3760709533692,49888.024808349604,48379.5556895752,-1508.469118774403,-1592.4064455571527,-3.0237098473418316,-3.1919613006819954,-3.1848128911143054,83.93732678274968,"{'brokerage_entry': 20.0, 'brokerage_exit': 20.0, 'exchange_entry': np.float64(1.4816743368079832), 'exchange_exit': np.float64(1.4368728039803835), 'sebi_entry': np.float64(0.049888024808349606), 'sebi_exit': np.float64(0.0483795556895752), 'ipft_entry': np.float64(0.049888024808349606), 'ipft_exit': np.float64(0.0483795556895752), 'stamp_buy': np.float64(1.496640744250488), 'stt_sell': np.float64(12.094888922393801), 'dp_sell': 16.5, 'gst': np.float64(10.730714814321159), 'fees_total': np.float64(83.93732678274968)}",Time,10,1413_rsi_enabled=False_rsi_buy_below=40_rsi_sell_above=70_macd_enabled=True_macd_fast=12_macd_slow=26_macd_signal=9_adx_enabled=False_adx_length=14_adx_min_adx=20_sma_enabled=False_sma_length=50_bb_enabled=False_bb_length=20_bb_stddev=2.0_combination_mode=all
SOLARINDS.NS,2020-08-13,2020-08-27,49,1003.3158569335938,1144.22705078125,1003.8175148620605,1143.6549372558595,49187.05822824097,56039.09192553712,6852.033697296152,6765.9422231952685,13.93056211148246,13.755533400268636,13.531884446390539,86.09147410088373,"{'brokerage_entry': 20.0, 'brokerage_exit': 20.0, 'exchange_entry': np.float64(1.4608556293787567), 'exchange_exit': np.float64(1.6643610301884524), 'sebi_entry': np.float64(0.04918705822824097), 'sebi_exit': np.float64(0.05603909192553712), 'ipft_entry': np.float64(0.04918705822824097), 'ipft_exit': np.float64(0.05603909192553712), 'stamp_buy': np.float64(1.475611746847229), 'stt_sell': np.float64(14.00977298138428), 'dp_sell': 16.5, 'gst': np.float64(10.770420412777456), 'fees_total': np.float64(86.09147410088373)}",Time,10,1413_rsi_enabled=False_rsi_buy_below=40_rsi_sell_above=70_macd_enabled=True_macd_fast=12_macd_slow=26_macd_signal=9_adx_enabled=False_adx_length=14_adx_min_adx=20_sma_enabled=False_sma_length=50_bb_enabled=False_bb_length=20_bb_stddev=2.0_combination_mode=all
SOLARINDS.NS,2020-12-14,2020-12-22,46,1077.866943359375,1023.9735961914062,1078.4058768310547,1023.4616093933105,49606.67033422852,47079.23403209228,-2527.436302136237,-2610.9809436930136,-5.094952523738144,-5.263366652309742,-5.221961887386027,83.54464155677651,"{'brokerage_entry': 20.0, 'brokerage_exit': 20.0, 'exchange_entry': np.float64(1.473318108926587), 'exchange_exit': np.float64(1.3982532507531407), 'sebi_entry': np.float64(0.04960667033422852), 'sebi_exit': np.float64(0.04707923403209228), 'ipft_entry': np.float64(0.04960667033422852), 'ipft_exit': np.float64(0.04707923403209228), 'stamp_buy': np.float64(1.4882001100268556), 'stt_sell': np.float64(11.76980850802307), 'dp_sell': 16.5, 'gst': np.float64(10.721689770314224), 'fees_total': np.float64(83.54464155677651)}",HSL,6,1413_rsi_enabled=False_rsi_buy_below=40_rsi_sell_above=70_macd_enabled=True_macd_fast=12_macd_slow=26_macd_signal=9_adx_enabled=False_adx_length=14_adx_min_adx=20_sma_enabled=False_sma_length=50_bb_enabled=False_bb_length=20_bb_stddev=2.0_combination_mode=all
SOLARINDS.NS,2021-05-28,2021-05-31,35,1390.9637451171875,1424.9765586837077,1391.659226989746,1424.2640704043658,48708.07294464111,49849.242464152805,1141.1695195116918,1056.889331767133,2.3428755245740915,2.1698442740043,2.1137786635342657,84.2801877445588,"{'brokerage_entry': 20.0, 'brokerage_exit': 20.0, 'exchange_entry': np.float64(1.4466297664558412), 'exchange_exit': np.float64(1.4805225011853382), 'sebi_entry': np.float64(0.04870807294464111), 'sebi_exit': np.float64(0.0498492424641528), 'ipft_entry': np.float64(0.04870807294464111), 'ipft_exit': np.float64(0.0498492424641528), 'stamp_buy': np.float64(1.4612421883392335), 'stt_sell': np.float64(12.462310616038202), 'dp_sell': 16.5, 'gst': np.float64(10.73236804172258), 'fees_total': np.float64(84.2801877445588)}",TSL,1,1413_rsi_enabled=False_rsi_buy_below=40_rsi_sell_above=70_macd_enabled=True_macd_fast=12_macd_slow=26_macd_signal=9_adx_enabled=False_adx_length=14_adx_min_adx=20_sma_enabled=False_sma_length=50_bb_enabled=False_bb_length=20_bb_stddev=2.0_combination_mode=all
SOLARINDS.NS,2021-11-18,2021-11-29,18,2759.57421875,2621.5955078125,2760.954005859375,2620.2847100585936,49697.172105468744,47165.124781054685,-2532.0473244140594,-2615.6227518498245,-5.094952523738126,-5.263121906210027,-5.231245503699649,83.57542743576502,"{'brokerage_entry': 20.0, 'brokerage_exit': 20.0, 'exchange_entry': np.float64(1.4760060115324216), 'exchange_exit': np.float64(1.4008042059973242), 'sebi_entry': np.float64(0.04969717210546874), 'sebi_exit': np.float64(0.04716512478105468), 'ipft_entry': np.float64(0.04969717210546874), 'ipft_exit': np.float64(0.04716512478105468), 'stamp_buy': np.float64(1.4909151631640623), 'stt_sell': np.float64(11.791281195263672), 'dp_sell': 16.5, 'gst': np.float64(10.7226962660345), 'fees_total': np.float64(83.57542743576502)}",HSL,6,1413_rsi_enabled=False_rsi_buy_below=40_rsi_sell_above=70_macd_enabled=True_macd_fast=12_macd_slow=26_macd_signal=9_adx_enabled=False_adx_length=14_adx_min_adx=20_sma_enabled=False_sma_length=50_bb_enabled=False_bb_length=20_bb_stddev=2.0_combination_mode=all
SOLARINDS.NS,2022-01-27,2022-01-31,20,2384.754638671875,2323.1759133327237,2385.9470159912107,2322.0143253760575,47718.940319824214,46440.28650752115,-1278.6538123030623,-1361.887572178241,-2.6795519844598523,-2.8539769807345503,-2.723775144356482,83.2337598751787,"{'brokerage_entry': 20.0, 'brokerage_exit': 20.0, 'exchange_entry': np.float64(1.4172525274987793), 'exchange_exit': np.float64(1.3792765092733783), 'sebi_entry': np.float64(0.04771894031982421), 'sebi_exit': np.float64(0.04644028650752115), 'ipft_entry': np.float64(0.04771894031982421), 'ipft_exit': np.float64(0.04644028650752115), 'stamp_buy': np.float64(1.4315682095947264), 'stt_sell': np.float64(11.610071626880288), 'dp_sell': 16.5, 'gst': np.float64(10.707272548276833), 'fees_total': np.float64(83.2337598751787)}",TSL,2,1413_rsi_enabled=False_rsi_buy_below=40_rsi_sell_above=70_macd_enabled=True_macd_fast=12_macd_slow=26_macd_signal=9_adx_enabled=False_adx_length=14_adx_min_adx=20_sma_enabled=False_sma_length=50_bb_enabled=False_bb_length=20_bb_stddev=2.0_combination_mode=all
SOLARINDS.NS,2022-02-28,2022-03-07,21,2298.254150390625,2230.8818359375,2299.4032774658203,2229.7663950195315,48287.46882678223,46825.09429541016,-1462.3745313720647,-1545.7572095468695,-3.0284762628952944,-3.201156008180592,-3.091514419093739,83.38267817480474,"{'brokerage_entry': 20.0, 'brokerage_exit': 20.0, 'exchange_entry': np.float64(1.4341378241554321), 'exchange_exit': np.float64(1.3907053005736818), 'sebi_entry': np.float64(0.048287468826782226), 'sebi_exit': np.float64(0.04682509429541016), 'ipft_entry': np.float64(0.048287468826782226), 'ipft_exit': np.float64(0.04682509429541016), 'stamp_buy': np.float64(1.448624064803467), 'stt_sell': np.float64(11.70627357385254), 'dp_sell': 16.5, 'gst': np.float64(10.712712285175229), 'fees_total': np.float64(83.38267817480474)}",MACD_cross_down,4,1413_rsi_enabled=False_rsi_buy_below=40_rsi_sell_above=70_macd_enabled=True_macd_fast=12_macd_slow=26_macd_signal=9_adx_enabled=False_adx_length=14_adx_min_adx=20_sma_enabled=False_sma_length=50_bb_enabled=False_bb_length=20_bb_stddev=2.0_combination_mode=all
SOLARINDS.NS,2022-03-09,2022-03-24,20,2388.679931640625,2641.971435546875,2389.8742716064453,2640.6504498291015,47797.4854321289,52813.00899658203,5015.523564453128,4930.452951486418,10.493279131964027,10.31529777541859,9.860905902972835,85.07061296670973,"{'brokerage_entry': 20.0, 'brokerage_exit': 20.0, 'exchange_entry': np.float64(1.4195853173342283), 'exchange_exit': np.float64(1.5685463671984863), 'sebi_entry': np.float64(0.0477974854321289), 'sebi_exit': np.float64(0.05281300899658203), 'ipft_entry': np.float64(0.0477974854321289), 'ipft_exit': np.float64(0.05281300899658203), 'stamp_buy': np.float64(1.433924562963867), 'stt_sell': np.float64(13.203252249145507), 'dp_sell': 16.5, 'gst': np.float64(10.744083481210223), 'fees_total': np.float64(85.07061296670973)}",Time,10,1413_rsi_enabled=False_rsi_buy_below=40_rsi_sell_above=70_macd_enabled=True_macd_fast=12_macd_slow=26_macd_signal=9_adx_enabled=False_adx_length=14_adx_min_adx=20_sma_enabled=False_sma_length=50_bb_enabled=False_bb_length=20_bb_stddev=2.0_combination_mode=all
SOLARINDS.NS,2022-07-25,2022-08-01,17,2828.171630859375,2686.763049316406,2829.5857166748046,2685.419667791748,48102.95718347168,45652.13435245972,-2450.8228310119594,-2533.8559562695714,-5.094952523738123,-5.267567951394498,-5.067711912539143,83.03312525761214,"{'brokerage_entry': 20.0, 'brokerage_exit': 20.0, 'exchange_entry': np.float64(1.428657828349109), 'exchange_exit': np.float64(1.3558683902680537), 'sebi_entry': np.float64(0.04810295718347168), 'sebi_exit': np.float64(0.04565213435245972), 'ipft_entry': np.float64(0.04810295718347168), 'ipft_exit': np.float64(0.04565213435245972), 'stamp_buy': np.float64(1.4430887155041503), 'stt_sell': np.float64(11.41303358811493), 'dp_sell': 16.5, 'gst': np.float64(10.704966552304025), 'fees_total': np.float64(83.03312525761214)}",HSL,5,1413_rsi_enabled=False_rsi_buy_below=40_rsi_sell_above=70_macd_enabled=True_macd_fast=12_macd_slow=26_macd_signal=9_adx_enabled=False_adx_length=14_adx_min_adx=20_sma_enabled=False_sma_length=50_bb_enabled=False_bb_length=20_bb_stddev=2.0_combination_mode=all
SOLARINDS.NS,2022-10-03,2022-10-12,12,3959.0712890625,3842.51806640625,3961.050824707031,3840.596807373047,47532.60989648437,46087.16168847656,-1445.4482080078087,-1528.5679179027295,-3.0409611657253386,-3.215829977002349,-3.057135835805459,83.11970989492072,"{'brokerage_entry': 20.0, 'brokerage_exit': 20.0, 'exchange_entry': np.float64(1.411718513925586), 'exchange_exit': np.float64(1.3687887021477538), 'sebi_entry': np.float64(0.04753260989648437), 'sebi_exit': np.float64(0.04608716168847656), 'ipft_entry': np.float64(0.04753260989648437), 'ipft_exit': np.float64(0.04608716168847656), 'stamp_buy': np.float64(1.4259782968945311), 'stt_sell': np.float64(11.52179042211914), 'dp_sell': 16.5, 'gst': np.float64(10.704194416663787), 'fees_total': np.float64(83.11970989492072)}",MACD_cross_down,6,1413_rsi_enabled=False_rsi_buy_below=40_rsi_sell_above=70_macd_enabled=True_macd_fast=12_macd_slow=26_macd_signal=9_adx_enabled=False_adx_length=14_adx_min_adx=20_sma_enabled=False_sma_length=50_bb_enabled=False_bb_length=20_bb_stddev=2.0_combination_mode=all
SOLARINDS.NS,2022-12-02,2022-12-16,12,4072.335693359375,4106.169921875,4074.3718612060543,4104.116836914062,48892.46233447265,49249.40204296875,356.93970849610196,272.819489536423,0.7300505874592333,0.5579990790197243,0.545638979072846,84.12021895967894,"{'brokerage_entry': 20.0, 'brokerage_exit': 20.0, 'exchange_entry': np.float64(1.4521061313338377), 'exchange_exit': np.float64(1.4627072406761719), 'sebi_entry': np.float64(0.04889246233447265), 'sebi_exit': np.float64(0.04924940204296875), 'ipft_entry': np.float64(0.04889246233447265), 'ipft_exit': np.float64(0.04924940204296875), 'stamp_buy': np.float64(1.4667738700341795), 'stt_sell': np.float64(12.312350510742188), 'dp_sell': 16.5, 'gst': np.float64(10.72999747813768), 'fees_total': np.float64(84.12021895967894)}",Time,10,1413_rsi_enabled=False_rsi_buy_below=40_rsi_sell_above=70_macd_enabled=True_macd_fast=12_macd_slow=26_macd_signal=9_adx_enabled=False_adx_length=14_adx_min_adx=20_sma_enabled=False_sma_length=50_bb_enabled=False_bb_length=20_bb_stddev=2.0_combination_mode=all
SOLARINDS.NS,2023-07-26,2023-08-09,13,3826.322021484375,3950.355712890625,3828.235182495117,3948.38053503418,49767.057372436524,51328.94695544434,1561.8895830078181,1477.1127374098953,3.1384005112443525,2.9680531970290733,2.9542254748197907,84.77684559792289,"{'brokerage_entry': 20.0, 'brokerage_exit': 20.0, 'exchange_entry': np.float64(1.4780816039613647), 'exchange_exit': np.float64(1.524469724576697), 'sebi_entry': np.float64(0.04976705737243652), 'sebi_exit': np.float64(0.05132894695544434), 'ipft_entry': np.float64(0.04976705737243652), 'ipft_exit': np.float64(0.05132894695544434), 'stamp_buy': np.float64(1.4930117211730958), 'stt_sell': np.float64(12.832236738861086), 'dp_sell': 16.5, 'gst': np.float64(10.746853800694886), 'fees_total': np.float64(84.77684559792289)}",Time,10,1413_rsi_enabled=False_rsi_buy_below=40_rsi_sell_above=70_macd_enabled=True_macd_fast=12_macd_slow=26_macd_signal=9_adx_enabled=False_adx_length=14_adx_min_adx=20_sma_enabled=False_sma_length=50_bb_enabled=False_bb_length=20_bb_stddev=2.0_combination_mode=all
SOLARINDS.NS,2024-01-11,2024-01-16,6,7337.21630859375,6970.355493164062,7340.884916748047,6966.87031541748,44045.30950048828,41801.22189250488,-2244.087607983398,-2325.7404480948253,-5.0949525237381295,-5.280336259344579,-4.651480896189651,81.65284011142718,"{'brokerage_entry': 20.0, 'brokerage_exit': 20.0, 'exchange_entry': np.float64(1.3081456921645018), 'exchange_exit': np.float64(1.241496290207395), 'sebi_entry': np.float64(0.044045309500488274), 'sebi_exit': np.float64(0.041801221892504875), 'ipft_entry': np.float64(0.044045309500488274), 'ipft_exit': np.float64(0.041801221892504875), 'stamp_buy': np.float64(1.3213592850146483), 'stt_sell': np.float64(10.450305473126221), 'dp_sell': 16.5, 'gst': np.float64(10.65984030812842), 'fees_total': np.float64(81.65284011142718)}",HSL,3,1413_rsi_enabled=False_rsi_buy_below=40_rsi_sell_above=70_macd_enabled=True_macd_fast=12_macd_slow=26_macd_signal=9_adx_enabled=False_adx_length=14_adx_min_adx=20_sma_enabled=False_sma_length=50_bb_enabled=False_bb_length=20_bb_stddev=2.0_combination_mode=all
SOLARINDS.NS,2024-02-14,2024-02-16,7,7010.70458984375,6660.169360351562,7014.209942138671,6656.8392756713865,49099.469594970695,46597.874929699705,-2501.59466527099,-2584.966772960554,-5.09495252373812,-5.264754984696076,-5.169933545921108,83.37210768956388,"{'brokerage_entry': 20.0, 'brokerage_exit': 20.0, 'exchange_entry': np.float64(1.4582542469706297), 'exchange_exit': np.float64(1.3839568854120812), 'sebi_entry': np.float64(0.04909946959497069), 'sebi_exit': np.float64(0.046597874929699704), 'ipft_entry': np.float64(0.04909946959497069), 'ipft_exit': np.float64(0.046597874929699704), 'stamp_buy': np.float64(1.472984087849121), 'stt_sell': np.float64(11.649468732424927), 'dp_sell': 16.5, 'gst': np.float64(10.716049047857771), 'fees_total': np.float64(83.37210768956388)}",HSL,2,1413_rsi_enabled=False_rsi_buy_below=40_rsi_sell_above=70_macd_enabled=True_macd_fast=12_macd_slow=26_macd_signal=9_adx_enabled=False_adx_length=14_adx_min_adx=20_sma_enabled=False_sma_length=50_bb_enabled=False_bb_length=20_bb_stddev=2.0_combination_mode=all
SOLARINDS.NS,2024-02-23,2024-02-29,7,6863.25244140625,6721.2421875,6866.684067626953,6717.88156640625,48066.788473388675,47025.17096484375,-1041.6175085449213,-1125.0428147750804,-2.1670212253135954,-2.3405824489354856,-2.250085629550161,83.42530623015912,"{'brokerage_entry': 20.0, 'brokerage_exit': 20.0, 'exchange_entry': np.float64(1.4275836176596437), 'exchange_exit': np.float64(1.3966475776558596), 'sebi_entry': np.float64(0.048066788473388675), 'sebi_exit': np.float64(0.04702517096484375), 'ipft_entry': np.float64(0.048066788473388675), 'ipft_exit': np.float64(0.04702517096484375), 'stamp_buy': np.float64(1.4420036542016603), 'stt_sell': np.float64(11.756292741210938), 'dp_sell': 16.5, 'gst': np.float64(10.712594720554556), 'fees_total': np.float64(83.42530623015912)}",MACD_cross_down,4,1413_rsi_enabled=False_rsi_buy_below=40_rsi_sell_above=70_macd_enabled=True_macd_fast=12_macd_slow=26_macd_signal=9_adx_enabled=False_adx_length=14_adx_min_adx=20_sma_enabled=False_sma_length=50_bb_enabled=False_bb_length=20_bb_stddev=2.0_combination_mode=all
SOLARINDS.NS,2024-05-21,2024-05-28,5,9434.6552734375,9392.412550408759,9439.372601074218,9387.716344133554,47196.86300537109,46938.581720667775,-258.28128470331285,-341.62306646906313,-0.5472424823529478,-0.7238257899263046,-0.6832461329381262,83.34178176575027,"{'brokerage_entry': 20.0, 'brokerage_exit': 20.0, 'exchange_entry': np.float64(1.4017468312595214), 'exchange_exit': np.float64(1.3940758771038329), 'sebi_entry': np.float64(0.047196863005371084), 'sebi_exit': np.float64(0.046938581720667776), 'ipft_entry': np.float64(0.047196863005371084), 'ipft_exit': np.float64(0.046938581720667776), 'stamp_buy': np.float64(1.4159058901611328), 'stt_sell': np.float64(11.734645430166944), 'dp_sell': 16.5, 'gst': np.float64(10.707136847606776), 'fees_total': np.float64(83.34178176575027)}",TSL,5,1413_rsi_enabled=False_rsi_buy_below=40_rsi_sell_above=70_macd_enabled=True_macd_fast=12_macd_slow=26_macd_signal=9_adx_enabled=False_adx_length=14_adx_min_adx=20_sma_enabled=False_sma_length=50_bb_enabled=False_bb_length=20_bb_stddev=2.0_combination_mode=all
SOLARINDS.NS,2024-07-02,2024-07-03,4,11004.3515625,11270.219993473613,11009.85373828125,11264.584883476877,44039.414953125,45058.33953390751,1018.9245807825064,936.3360228460938,2.3136651153677605,2.1261318385875883,1.8726720456921875,82.58855793641257,"{'brokerage_entry': 20.0, 'brokerage_exit': 20.0, 'exchange_entry': np.float64(1.3079706241078126), 'exchange_exit': np.float64(1.3382326841570529), 'sebi_entry': np.float64(0.044039414953125), 'sebi_exit': np.float64(0.045058339533907504), 'ipft_entry': np.float64(0.044039414953125), 'ipft_exit': np.float64(0.045058339533907504), 'stamp_buy': np.float64(1.32118244859375), 'stt_sell': np.float64(11.264584883476877), 'dp_sell': 16.5, 'gst': np.float64(10.678391787103008), 'fees_total': np.float64(82.58855793641257)}",TSL,1,1413_rsi_enabled=False_rsi_buy_below=40_rsi_sell_above=70_macd_enabled=True_macd_fast=12_macd_slow=26_macd_signal=9_adx_enabled=False_adx_length=14_adx_min_adx=20_sma_enabled=False_sma_length=50_bb_enabled=False_bb_length=20_bb_stddev=2.0_combination_mode=all
SOLARINDS.NS,2024-09-24,2024-10-04,4,11400.826171875,10905.117364317213,11406.526584960937,10899.664805635055,45626.10633984375,43598.65922254022,-2027.4471173035272,-2109.7231068799842,-4.443611958036019,-4.6239385214373065,-4.219446213759968,82.27598957645691,"{'brokerage_entry': 20.0, 'brokerage_exit': 20.0, 'exchange_entry': np.float64(1.3550953582933594), 'exchange_exit': np.float64(1.2948801789094446), 'sebi_entry': np.float64(0.04562610633984374), 'sebi_exit': np.float64(0.04359865922254022), 'ipft_entry': np.float64(0.04562610633984374), 'ipft_exit': np.float64(0.04359865922254022), 'stamp_buy': np.float64(1.3687831901953125), 'stt_sell': np.float64(10.899664805635055), 'dp_sell': 16.5, 'gst': np.float64(10.679116512298963), 'fees_total': np.float64(82.27598957645691)}",TSL,7,1413_rsi_enabled=False_rsi_buy_below=40_rsi_sell_above=70_macd_enabled=True_macd_fast=12_macd_slow=26_macd_signal=9_adx_enabled=False_adx_length=14_adx_min_adx=20_sma_enabled=False_sma_length=50_bb_enabled=False_bb_length=20_bb_stddev=2.0_combination_mode=all
CHOLAFIN.NS,2015-01-02,2015-01-16,532,93.79741668701172,98.55088806152344,93.84431539535522,98.50161261749268,49925.175790328976,52402.85791250611,2477.6821221771315,2392.5859699966068,4.962790982614996,4.792343606449705,4.785171939993214,85.09615218052465,"{'brokerage_entry': 20.0, 'brokerage_exit': 20.0, 'exchange_entry': np.float64(1.4827777209727706), 'exchange_exit': np.float64(1.5563648800014314), 'sebi_entry': np.float64(0.04992517579032897), 'sebi_exit': np.float64(0.0524028579125061), 'ipft_entry': np.float64(0.04992517579032897), 'ipft_exit': np.float64(0.0524028579125061), 'stamp_buy': np.float64(1.4977552737098694), 'stt_sell': np.float64(13.100714478126527), 'dp_sell': 16.5, 'gst': np.float64(10.753883760308376), 'fees_total': np.float64(85.09615218052465)}",Time,10,1413_rsi_enabled=False_rsi_buy_below=40_rsi_sell_above=70_macd_enabled=True_macd_fast=12_macd_slow=26_macd_signal=9_adx_enabled=False_adx_length=14_adx_min_adx=20_sma_enabled=False_sma_length=50_bb_enabled=False_bb_length=20_bb_stddev=2.0_combination_mode=all
CHOLAFIN.NS,2015-04-01,2015-04-20,434,114.94522094726562,118.3751220703125,115.00269355773925,118.31593450927735,49911.16900405884,51349.11557702637,1437.9465729675358,1353.1542167981174,2.881011608545174,2.711125072402286,2.706308433596235,84.79235616941843,"{'brokerage_entry': 20.0, 'brokerage_exit': 20.0, 'exchange_entry': np.float64(1.4823617194205474), 'exchange_exit': np.float64(1.5250687326376833), 'sebi_entry': np.float64(0.049911169004058835), 'sebi_exit': np.float64(0.05134911557702637), 'ipft_entry': np.float64(0.049911169004058835), 'ipft_exit': np.float64(0.05134911557702637), 'stamp_buy': np.float64(1.4973350701217651), 'stt_sell': np.float64(12.837278894256594), 'dp_sell': 16.5, 'gst': np.float64(10.747791183819672), 'fees_total': np.float64(84.79235616941843)}",Time,10,1413_rsi_enabled=False_rsi_buy_below=40_rsi_sell_above=70_macd_enabled=True_macd_fast=12_macd_slow=26_macd_signal=9_adx_enabled=False_adx_length=14_adx_min_adx=20_sma_enabled=False_sma_length=50_bb_enabled=False_bb_length=20_bb_stddev=2.0_combination_mode=all
CHOLAFIN.NS,2015-05-20,2015-05-25,428,116.5881118774414,110.75870628356932,116.64640593338012,110.70332693042755,49924.66173948669,47381.023926222995,-2543.6378132636964,-2627.2906255754483,-5.09495252373812,-5.262510619070368,-5.2545812511508965,83.65281231175189,"{'brokerage_entry': 20.0, 'brokerage_exit': 20.0, 'exchange_entry': np.float64(1.4827624536627548), 'exchange_exit': np.float64(1.407216410608823), 'sebi_entry': np.float64(0.04992466173948669), 'sebi_exit': np.float64(0.047381023926222995), 'ipft_entry': np.float64(0.04992466173948669), 'ipft_exit': np.float64(0.047381023926222995), 'stamp_buy': np.float64(1.4977398521846008), 'stt_sell': np.float64(11.845255981555749), 'dp_sell': 16.5, 'gst': np.float64(10.72522624240854), 'fees_total': np.float64(83.65281231175189)}",HSL,3,1413_rsi_enabled=False_rsi_buy_below=40_rsi_sell_above=70_macd_enabled=True_macd_fast=12_macd_slow=26_macd_signal=9_adx_enabled=False_adx_length=14_adx_min_adx=20_sma_enabled=False_sma_length=50_bb_enabled=False_bb_length=20_bb_stddev=2.0_combination_mode=all
CHOLAFIN.NS,2015-06-02,2015-06-09,433,115.1854019165039,111.47687530517578,115.24299461746214,111.4211368675232,49900.21666936111,48245.35226363755,-1654.8644057235579,-1738.7639834410559,-3.3163471347002185,-3.48448183093494,-3.4775279668821115,83.89957771749798,"{'brokerage_entry': 20.0, 'brokerage_exit': 20.0, 'exchange_entry': np.float64(1.4820364350800248), 'exchange_exit': np.float64(1.4328869622300353), 'sebi_entry': np.float64(0.049900216669361105), 'sebi_exit': np.float64(0.04824535226363755), 'ipft_entry': np.float64(0.049900216669361105), 'ipft_exit': np.float64(0.04824535226363755), 'stamp_buy': np.float64(1.4970065000808332), 'stt_sell': np.float64(12.061338065909387), 'dp_sell': 16.5, 'gst': np.float64(10.73001861633169), 'fees_total': np.float64(83.89957771749798)}",MACD_cross_down,5,1413_rsi_enabled=False_rsi_buy_below=40_rsi_sell_above=70_macd_enabled=True_macd_fast=12_macd_slow=26_macd_signal=9_adx_enabled=False_adx_length=14_adx_min_adx=20_sma_enabled=False_sma_length=50_bb_enabled=False_bb_length=20_bb_stddev=2.0_combination_mode=all
CHOLAFIN.NS,2015-06-10,2015-06-24,431,115.68499755859375,121.45915985107422,115.74284005737304,121.39843027114868,49885.16406472778,52322.723446865086,2437.559382137304,2352.4889581133875,4.886341315775736,4.71580880251481,4.704977916226775,85.07042402391674,"{'brokerage_entry': 20.0, 'brokerage_exit': 20.0, 'exchange_entry': np.float64(1.4815893727224152), 'exchange_exit': np.float64(1.553984886371893), 'sebi_entry': np.float64(0.04988516406472778), 'sebi_exit': np.float64(0.05232272344686508), 'ipft_entry': np.float64(0.04988516406472778), 'ipft_exit': np.float64(0.05232272344686508), 'stamp_buy': np.float64(1.4965549219418335), 'stt_sell': np.float64(13.08068086171627), 'dp_sell': 16.5, 'gst': np.float64(10.753198206141148), 'fees_total': np.float64(85.07042402391674)}",Time,10,1413_rsi_enabled=False_rsi_buy_below=40_rsi_sell_above=70_macd_enabled=True_macd_fast=12_macd_slow=26_macd_signal=9_adx_enabled=False_adx_length=14_adx_min_adx=20_sma_enabled=False_sma_length=50_bb_enabled=False_bb_length=20_bb_stddev=2.0_combination_mode=all
CHOLAFIN.NS,2016-02-04,2016-02-12,386,129.3979949951172,122.92809524536132,129.46269399261473,122.86663119773864,49972.59988114929,47426.51964232712,-2546.080238822171,-2629.7493581940826,-5.094952523738125,-5.2623825145148775,-5.2594987163881655,83.66911937191142,"{'brokerage_entry': 20.0, 'brokerage_exit': 20.0, 'exchange_entry': np.float64(1.4841862164701338), 'exchange_exit': np.float64(1.4085676333771155), 'sebi_entry': np.float64(0.049972599881149285), 'sebi_exit': np.float64(0.047426519642327115), 'ipft_entry': np.float64(0.049972599881149285), 'ipft_exit': np.float64(0.047426519642327115), 'stamp_buy': np.float64(1.4991779964344787), 'stt_sell': np.float64(11.85662991058178), 'dp_sell': 16.5, 'gst': np.float64(10.725759376000958), 'fees_total': np.float64(83.66911937191142)}",HSL,6,1413_rsi_enabled=False_rsi_buy_below=40_rsi_sell_above=70_macd_enabled=True_macd_fast=12_macd_slow=26_macd_signal=9_adx_enabled=False_adx_length=14_adx_min_adx=20_sma_enabled=False_sma_length=50_bb_enabled=False_bb_length=20_bb_stddev=2.0_combination_mode=all
CHOLAFIN.NS,2016-09-26,2016-09-29,228,218.9882049560547,208.03879470825194,219.0976990585327,207.93477531089783,49954.275385345456,47409.12877088471,-2545.1466144607475,-2628.809500410897,-5.094952523738117,-5.262431453829239,-5.257619000821793,83.6628859501495,"{'brokerage_entry': 20.0, 'brokerage_exit': 20.0, 'exchange_entry': np.float64(1.4836419789447601), 'exchange_exit': np.float64(1.4080511244952758), 'sebi_entry': np.float64(0.049954275385345456), 'sebi_exit': np.float64(0.047409128770884705), 'ipft_entry': np.float64(0.049954275385345456), 'ipft_exit': np.float64(0.047409128770884705), 'stamp_buy': np.float64(1.4986282615603637), 'stt_sell': np.float64(11.852282192721177), 'dp_sell': 16.5, 'gst': np.float64(10.72555558411545), 'fees_total': np.float64(83.6628859501495)}",HSL,3,1413_rsi_enabled=False_rsi_buy_below=40_rsi_sell_above=70_macd_enabled=True_macd_fast=12_macd_slow=26_macd_signal=9_adx_enabled=False_adx_length=14_adx_min_adx=20_sma_enabled=False_sma_length=50_bb_enabled=False_bb_length=20_bb_stddev=2.0_combination_mode=all
CHOLAFIN.NS,2016-12-29,2017-01-02,261,191.2288818359375,181.6674377441406,191.32449627685546,181.57660402526855,49935.693528259275,47391.49365059509,-2544.199877664185,-2627.8564426462935,-5.094952523738132,-5.262481117157519,-5.255712885292587,83.65656498210879,"{'brokerage_entry': 20.0, 'brokerage_exit': 20.0, 'exchange_entry': np.float64(1.4830900977893005), 'exchange_exit': np.float64(1.4075273614226742), 'sebi_entry': np.float64(0.04993569352825927), 'sebi_exit': np.float64(0.047391493650595085), 'ipft_entry': np.float64(0.04993569352825927), 'ipft_exit': np.float64(0.047391493650595085), 'stamp_buy': np.float64(1.4980708058477783), 'stt_sell': np.float64(11.847873412648772), 'dp_sell': 16.5, 'gst': np.float64(10.725348930042543), 'fees_total': np.float64(83.65656498210879)}",HSL,2,1413_rsi_enabled=False_rsi_buy_below=40_rsi_sell_above=70_macd_enabled=True_macd_fast=12_macd_slow=26_macd_signal=9_adx_enabled=False_adx_length=14_adx_min_adx=20_sma_enabled=False_sma_length=50_bb_enabled=False_bb_length=20_bb_stddev=2.0_combination_mode=all
CHOLAFIN.NS,2017-04-10,2017-04-19,244,204.473388671875,194.24971923828124,204.57562536621091,194.15259437866212,49916.45258935546,47373.23302839356,-2543.219560961901,-2626.8695807768977,-5.094952523738106,-5.262532580965239,-5.253739161553796,83.65001981499658,"{'brokerage_entry': 20.0, 'brokerage_exit': 20.0, 'exchange_entry': np.float64(1.4825186419038572), 'exchange_exit': np.float64(1.4069850209432888), 'sebi_entry': np.float64(0.04991645258935546), 'sebi_exit': np.float64(0.04737323302839356), 'ipft_entry': np.float64(0.04991645258935546), 'ipft_exit': np.float64(0.04737323302839356), 'stamp_buy': np.float64(1.497493577680664), 'stt_sell': np.float64(11.84330825709839), 'dp_sell': 16.5, 'gst': np.float64(10.725134946134878), 'fees_total': np.float64(83.65001981499658)}",HSL,6,1413_rsi_enabled=False_rsi_buy_below=40_rsi_sell_above=70_macd_enabled=True_macd_fast=12_macd_slow=26_macd_signal=9_adx_enabled=False_adx_length=14_adx_min_adx=20_sma_enabled=False_sma_length=50_bb_enabled=False_bb_length=20_bb_stddev=2.0_combination_mode=all
CHOLAFIN.NS,2017-06-15,2017-06-23,230,216.34645080566406,205.52912826538085,216.45462403106688,205.42636370124816,49784.56352714539,47248.06365128708,-2536.4998758583097,-2620.1050311291824,-5.094952523738137,-5.262886415988264,-5.240210062258365,83.60515527087259,"{'brokerage_entry': 20.0, 'brokerage_exit': 20.0, 'exchange_entry': np.float64(1.478601536756218), 'exchange_exit': np.float64(1.4032674904432263), 'sebi_entry': np.float64(0.04978456352714539), 'sebi_exit': np.float64(0.04724806365128707), 'ipft_entry': np.float64(0.04978456352714539), 'ipft_exit': np.float64(0.04724806365128707), 'stamp_buy': np.float64(1.4935369058143617), 'stt_sell': np.float64(11.812015912821769), 'dp_sell': 16.5, 'gst': np.float64(10.723668170680137), 'fees_total': np.float64(83.60515527087259)}",HSL,6,1413_rsi_enabled=False_rsi_buy_below=40_rsi_sell_above=70_macd_enabled=True_macd_fast=12_macd_slow=26_macd_signal=9_adx_enabled=False_adx_length=14_adx_min_adx=20_sma_enabled=False_sma_length=50_bb_enabled=False_bb_length=20_bb_stddev=2.0_combination_mode=all
CHOLAFIN.NS,2017-10-24,2017-10-25,218,228.95779418945312,217.50990447998046,229.07227308654785,217.40114952774047,49937.755532867435,47393.45059704742,-2544.304935820015,-2627.9622022317585,-5.094952523738146,-5.262475604259222,-5.255924404463517,83.65726641174348,"{'brokerage_entry': 20.0, 'brokerage_exit': 20.0, 'exchange_entry': np.float64(1.4831513393261628), 'exchange_exit': np.float64(1.4075854827323084), 'sebi_entry': np.float64(0.04993775553286743), 'sebi_exit': np.float64(0.047393450597047415), 'ipft_entry': np.float64(0.04993775553286743), 'ipft_exit': np.float64(0.047393450597047415), 'stamp_buy': np.float64(1.498132665986023), 'stt_sell': np.float64(11.848362649261855), 'dp_sell': 16.5, 'gst': np.float64(10.725371862177294), 'fees_total': np.float64(83.65726641174348)}",HSL,1,1413_rsi_enabled=False_rsi_buy_below=40_rsi_sell_above=70_macd_enabled=True_macd_fast=12_macd_slow=26_macd_signal=9_adx_enabled=False_adx_length=14_adx_min_adx=20_sma_enabled=False_sma_length=50_bb_enabled=False_bb_length=20_bb_stddev=2.0_combination_mode=all
CHOLAFIN.NS,2017-10-30,2017-11-13,225,221.97488403320312,242.51516723632812,222.0858714752197,242.39390965270997,49969.321081924434,54538.629671859744,4569.30858993531,4483.595628478991,9.144227880230659,8.972696709503337,8.967191256957982,85.71296145631874,"{'brokerage_entry': 20.0, 'brokerage_exit': 20.0, 'exchange_entry': np.float64(1.4840888361331557), 'exchange_exit': np.float64(1.6197973012542344), 'sebi_entry': np.float64(0.04996932108192443), 'sebi_exit': np.float64(0.05453862967185974), 'ipft_entry': np.float64(0.04996932108192443), 'ipft_exit': np.float64(0.05453862967185974), 'stamp_buy': np.float64(1.4990796324577331), 'stt_sell': np.float64(13.634657417964936), 'dp_sell': 16.5, 'gst': np.float64(10.766322367001093), 'fees_total': np.float64(85.71296145631874)}",Time,10,1413_rsi_enabled=False_rsi_buy_below=40_rsi_sell_above=70_macd_enabled=True_macd_fast=12_macd_slow=26_macd_signal=9_adx_enabled=False_adx_length=14_adx_min_adx=20_sma_enabled=False_sma_length=50_bb_enabled=False_bb_length=20_bb_stddev=2.0_combination_mode=all
CHOLAFIN.NS,2018-02-12,2018-02-19,187,266.43450927734375,253.11278381347654,266.56772653198243,252.98622742156982,49848.16486148071,47308.42452783356,-2539.7403336471543,-2623.367124107654,-5.094952523738129,-5.262715551109113,-5.246734248215308,83.62679046049949,"{'brokerage_entry': 20.0, 'brokerage_exit': 20.0, 'exchange_entry': np.float64(1.480490496385977), 'exchange_exit': np.float64(1.4050602084766568), 'sebi_entry': np.float64(0.049848164861480714), 'sebi_exit': np.float64(0.047308424527833556), 'ipft_entry': np.float64(0.049848164861480714), 'ipft_exit': np.float64(0.047308424527833556), 'stamp_buy': np.float64(1.4954449458444214), 'stt_sell': np.float64(11.82710613195839), 'dp_sell': 16.5, 'gst': np.float64(10.724375499055427), 'fees_total': np.float64(83.62679046049949)}",HSL,4,1413_rsi_enabled=False_rsi_buy_below=40_rsi_sell_above=70_macd_enabled=True_macd_fast=12_macd_slow=26_macd_signal=9_adx_enabled=False_adx_length=14_adx_min_adx=20_sma_enabled=False_sma_length=50_bb_enabled=False_bb_length=20_bb_stddev=2.0_combination_mode=all
CHOLAFIN.NS,2018-11-01,2018-11-14,190,261.69122314453125,248.60666198730468,261.8220687561035,248.48235865631105,49746.19306365966,47211.6481446991,-2534.544918960557,-2618.1370217968815,-5.094952523738104,-5.262989709476824,-5.236274043593763,83.59210283632443,"{'brokerage_entry': 20.0, 'brokerage_exit': 20.0, 'exchange_entry': np.float64(1.4774619339906918), 'exchange_exit': np.float64(1.4021859498975633), 'sebi_entry': np.float64(0.049746193063659655), 'sebi_exit': np.float64(0.0472116481446991), 'ipft_entry': np.float64(0.049746193063659655), 'ipft_exit': np.float64(0.0472116481446991), 'stamp_buy': np.float64(1.4923857919097898), 'stt_sell': np.float64(11.802912036174776), 'dp_sell': 16.5, 'gst': np.float64(10.723241441934894), 'fees_total': np.float64(83.59210283632443)}",HSL,8,1413_rsi_enabled=False_rsi_buy_below=40_rsi_sell_above=70_macd_enabled=True_macd_fast=12_macd_slow=26_macd_signal=9_adx_enabled=False_adx_length=14_adx_min_adx=20_sma_enabled=False_sma_length=50_bb_enabled=False_bb_length=20_bb_stddev=2.0_combination_mode=all
CHOLAFIN.NS,2019-02-04,2019-02-18,209,238.7770233154297,226.8381721496582,238.89641182708738,226.72475306358336,49929.35007186126,47385.47339028892,-2543.876681572343,-2627.531088708496,-5.094952523738133,-5.262498079640129,-5.255062177416992,83.65440713615327,"{'brokerage_entry': 20.0, 'brokerage_exit': 20.0, 'exchange_entry': np.float64(1.4829016971342794), 'exchange_exit': np.float64(1.407348559691581), 'sebi_entry': np.float64(0.049929350071861264), 'sebi_exit': np.float64(0.04738547339028892), 'ipft_entry': np.float64(0.049929350071861264), 'ipft_exit': np.float64(0.04738547339028892), 'stamp_buy': np.float64(1.497880502155838), 'stt_sell': np.float64(11.84636834757223), 'dp_sell': 16.5, 'gst': np.float64(10.725278382675029), 'fees_total': np.float64(83.65440713615327)}",HSL,9,1413_rsi_enabled=False_rsi_buy_below=40_rsi_sell_above=70_macd_enabled=True_macd_fast=12_macd_slow=26_macd_signal=9_adx_enabled=False_adx_length=14_adx_min_adx=20_sma_enabled=False_sma_length=50_bb_enabled=False_bb_length=20_bb_stddev=2.0_combination_mode=all
CHOLAFIN.NS,2019-02-26,2019-03-13,212,235.4119110107422,265.6364440917969,235.52961696624754,265.503625869751,49932.27879684448,56286.76868438721,6354.489887542724,6268.276997317639,12.726216468903282,12.553556834088992,12.536553994635277,86.21289022508509,"{'brokerage_entry': 20.0, 'brokerage_exit': 20.0, 'exchange_entry': np.float64(1.482988680266281), 'exchange_exit': np.float64(1.6717170299263), 'sebi_entry': np.float64(0.04993227879684448), 'sebi_exit': np.float64(0.05628676868438721), 'ipft_entry': np.float64(0.04993227879684448), 'ipft_exit': np.float64(0.05628676868438721), 'stamp_buy': np.float64(1.4979683639053345), 'stt_sell': np.float64(14.071692171096801), 'dp_sell': 16.5, 'gst': np.float64(10.776085884927907), 'fees_total': np.float64(86.21289022508509)}",Time,10,1413_rsi_enabled=False_rsi_buy_below=40_rsi_sell_above=70_macd_enabled=True_macd_fast=12_macd_slow=26_macd_signal=9_adx_enabled=False_adx_length=14_adx_min_adx=20_sma_enabled=False_sma_length=50_bb_enabled=False_bb_length=20_bb_stddev=2.0_combination_mode=all
CHOLAFIN.NS,2019-05-21,2019-06-04,179,278.4146423339844,298.7539367675781,278.55384965515134,298.60455979919436,49861.13908827209,53450.21620405579,3589.0771157837007,3503.6842630039737,7.198145051258753,7.026883715595019,7.007368526007947,85.39285277972692,"{'brokerage_entry': 20.0, 'brokerage_exit': 20.0, 'exchange_entry': np.float64(1.480875830921681), 'exchange_exit': np.float64(1.587471421260457), 'sebi_entry': np.float64(0.04986113908827208), 'sebi_exit': np.float64(0.05345021620405579), 'ipft_entry': np.float64(0.04986113908827208), 'ipft_exit': np.float64(0.05345021620405579), 'stamp_buy': np.float64(1.4958341726481628), 'stt_sell': np.float64(13.362554051013948), 'dp_sell': 16.5, 'gst': np.float64(10.759494593298022), 'fees_total': np.float64(85.39285277972692)}",Time,10,1413_rsi_enabled=False_rsi_buy_below=40_rsi_sell_above=70_macd_enabled=True_macd_fast=12_macd_slow=26_macd_signal=9_adx_enabled=False_adx_length=14_adx_min_adx=20_sma_enabled=False_sma_length=50_bb_enabled=False_bb_length=20_bb_stddev=2.0_combination_mode=all
CHOLAFIN.NS,2019-09-11,2019-09-18,184,271.0273742675781,262.67901611328125,271.1628879547119,262.54767660522464,49893.97138366699,48308.772495361336,-1585.1988883056547,-1669.1162724085439,-3.1771351214278694,-3.34532655172632,-3.338232544817088,83.91738410288927,"{'brokerage_entry': 20.0, 'brokerage_exit': 20.0, 'exchange_entry': np.float64(1.4818509500949097), 'exchange_exit': np.float64(1.4347705431122317), 'sebi_entry': np.float64(0.04989397138366699), 'sebi_exit': np.float64(0.048308772495361335), 'ipft_entry': np.float64(0.04989397138366699), 'ipft_exit': np.float64(0.048308772495361335), 'stamp_buy': np.float64(1.4968191415100098), 'stt_sell': np.float64(12.077193123840335), 'dp_sell': 16.5, 'gst': np.float64(10.730344856573735), 'fees_total': np.float64(83.91738410288927)}",MACD_cross_down,5,1413_rsi_enabled=False_rsi_buy_below=40_rsi_sell_above=70_macd_enabled=True_macd_fast=12_macd_slow=26_macd_signal=9_adx_enabled=False_adx_length=14_adx_min_adx=20_sma_enabled=False_sma_length=50_bb_enabled=False_bb_length=20_bb_stddev=2.0_combination_mode=all
CHOLAFIN.NS,2019-11-04,2019-11-06,161,310.3629455566406,294.8447982788086,310.5181270294189,294.6973758796692,49993.41845173644,47446.277516626746,-2547.1409351096954,-2630.8171363097968,-5.094952523738101,-5.262326957796621,-5.2616342726195935,83.67620120010139,"{'brokerage_entry': 20.0, 'brokerage_exit': 20.0, 'exchange_entry': np.float64(1.4848045280165723), 'exchange_exit': np.float64(1.4091544422438143), 'sebi_entry': np.float64(0.04999341845173644), 'sebi_exit': np.float64(0.04744627751662674), 'ipft_entry': np.float64(0.04999341845173644), 'ipft_exit': np.float64(0.04744627751662674), 'stamp_buy': np.float64(1.4998025535520934), 'stt_sell': np.float64(11.861569379156686), 'dp_sell': 16.5, 'gst': np.float64(10.72599090519548), 'fees_total': np.float64(83.67620120010139)}",HSL,2,1413_rsi_enabled=False_rsi_buy_below=40_rsi_sell_above=70_macd_enabled=True_macd_fast=12_macd_slow=26_macd_signal=9_adx_enabled=False_adx_length=14_adx_min_adx=20_sma_enabled=False_sma_length=50_bb_enabled=False_bb_length=20_bb_stddev=2.0_combination_mode=all
CHOLAFIN.NS,2020-01-13,2020-01-27,158,315.27008056640625,324.631103515625,315.42771560668945,324.4687879638672,49837.57906585693,51266.06849829102,1428.4894324340858,1343.7259048967528,2.8662897741209203,2.696210229475857,2.6874518097935054,84.76352753733298,"{'brokerage_entry': 20.0, 'brokerage_exit': 20.0, 'exchange_entry': np.float64(1.4801760982559509), 'exchange_exit': np.float64(1.5226022343992431), 'sebi_entry': np.float64(0.04983757906585693), 'sebi_exit': np.float64(0.05126606849829102), 'ipft_entry': np.float64(0.04983757906585693), 'ipft_exit': np.float64(0.05126606849829102), 'stamp_buy': np.float64(1.4951273719757079), 'stt_sell': np.float64(12.816517124572755), 'dp_sell': 16.5, 'gst': np.float64(10.74689741300103), 'fees_total': np.float64(84.76352753733298)}",Time,10,1413_rsi_enabled=False_rsi_buy_below=40_rsi_sell_above=70_macd_enabled=True_macd_fast=12_macd_slow=26_macd_signal=9_adx_enabled=False_adx_length=14_adx_min_adx=20_sma_enabled=False_sma_length=50_bb_enabled=False_bb_length=20_bb_stddev=2.0_combination_mode=all
CHOLAFIN.NS,2020-06-17,2020-06-19,300,166.1195068359375,181.95119916589707,166.20256658935546,181.86022356631412,49860.76997680664,54558.067069894234,4697.297093087596,4611.58586220225,9.420827426597308,9.248926288838675,9.2231717244045,85.71123088534665,"{'brokerage_entry': 20.0, 'brokerage_exit': 20.0, 'exchange_entry': np.float64(1.4808648683111572), 'exchange_exit': np.float64(1.6203745919758588), 'sebi_entry': np.float64(0.049860769976806635), 'sebi_exit': np.float64(0.05455806706989423), 'ipft_entry': np.float64(0.049860769976806635), 'ipft_exit': np.float64(0.05455806706989423), 'stamp_buy': np.float64(1.4958230993041992), 'stt_sell': np.float64(13.639516767473559), 'dp_sell': 16.5, 'gst': np.float64(10.765813884188475), 'fees_total': np.float64(85.71123088534665)}",TSL,2,1413_rsi_enabled=False_rsi_buy_below=40_rsi_sell_above=70_macd_enabled=True_macd_fast=12_macd_slow=26_macd_signal=9_adx_enabled=False_adx_length=14_adx_min_adx=20_sma_enabled=False_sma_length=50_bb_enabled=False_bb_length=20_bb_stddev=2.0_combination_mode=all
CHOLAFIN.NS,2021-05-21,2021-05-25,86,577.2203369140625,548.3593200683594,577.5089470825195,548.0851404083252,49665.769449096675,47135.32207511597,-2530.447373980707,-2614.012119212514,-5.09495252373812,-5.263206728110115,-5.228024238425028,83.56474523180658,"{'brokerage_entry': 20.0, 'brokerage_exit': 20.0, 'exchange_entry': np.float64(1.4750733526381712), 'exchange_exit': np.float64(1.3999190656309441), 'sebi_entry': np.float64(0.049665769449096675), 'sebi_exit': np.float64(0.04713532207511596), 'ipft_entry': np.float64(0.049665769449096675), 'ipft_exit': np.float64(0.04713532207511596), 'stamp_buy': np.float64(1.4899730834729004), 'stt_sell': np.float64(11.783830518778991), 'dp_sell': 16.5, 'gst': np.float64(10.722347028237158), 'fees_total': np.float64(83.56474523180658)}",HSL,2,1413_rsi_enabled=False_rsi_buy_below=40_rsi_sell_above=70_macd_enabled=True_macd_fast=12_macd_slow=26_macd_signal=9_adx_enabled=False_adx_length=14_adx_min_adx=20_sma_enabled=False_sma_length=50_bb_enabled=False_bb_length=20_bb_stddev=2.0_combination_mode=all
CHOLAFIN.NS,2021-06-03,2021-06-17,88,564.1963500976562,544.5362548828125,564.478448272705,544.2639867553711,49674.103447998044,47895.230834472655,-1778.8726135253892,-1862.6563228556174,-3.5810865019186995,-3.7497532790009234,-3.7253126457112344,83.7837093302282,"{'brokerage_entry': 20.0, 'brokerage_exit': 20.0, 'exchange_entry': np.float64(1.475320872405542), 'exchange_exit': np.float64(1.422488355783838), 'sebi_entry': np.float64(0.049674103447998046), 'sebi_exit': np.float64(0.047895230834472655), 'ipft_entry': np.float64(0.049674103447998046), 'ipft_exit': np.float64(0.047895230834472655), 'stamp_buy': np.float64(1.4902231034399414), 'stt_sell': np.float64(11.973807708618164), 'dp_sell': 16.5, 'gst': np.float64(10.726730621415777), 'fees_total': np.float64(83.7837093302282)}",Time,10,1413_rsi_enabled=False_rsi_buy_below=40_rsi_sell_above=70_macd_enabled=True_macd_fast=12_macd_slow=26_macd_signal=9_adx_enabled=False_adx_length=14_adx_min_adx=20_sma_enabled=False_sma_length=50_bb_enabled=False_bb_length=20_bb_stddev=2.0_combination_mode=all
CHOLAFIN.NS,2021-08-05,2021-08-10,93,535.247802734375,508.48541259765625,535.5154266357422,508.23116989135747,49802.93467712402,47265.498799896246,-2537.4358772277774,-2621.0472817907066,-5.09495252373812,-5.2628370171017895,-5.242094563581413,83.6114045629292,"{'brokerage_entry': 20.0, 'brokerage_exit': 20.0, 'exchange_entry': np.float64(1.4791471599105834), 'exchange_exit': np.float64(1.4037853143569186), 'sebi_entry': np.float64(0.049802934677124024), 'sebi_exit': np.float64(0.04726549879989624), 'ipft_entry': np.float64(0.049802934677124024), 'ipft_exit': np.float64(0.04726549879989624), 'stamp_buy': np.float64(1.4940880403137207), 'stt_sell': np.float64(11.816374699974062), 'dp_sell': 16.5, 'gst': np.float64(10.723872481419876), 'fees_total': np.float64(83.6114045629292)}",HSL,3,1413_rsi_enabled=False_rsi_buy_below=40_rsi_sell_above=70_macd_enabled=True_macd_fast=12_macd_slow=26_macd_signal=9_adx_enabled=False_adx_length=14_adx_min_adx=20_sma_enabled=False_sma_length=50_bb_enabled=False_bb_length=20_bb_stddev=2.0_combination_mode=all
CHOLAFIN.NS,2021-08-26,2021-09-09,94,526.4203491210938,563.614501953125,526.6835592956543,563.3326947021485,49508.2545737915,52953.27330200196,3445.01872821046,3359.7924863360236,6.958473405835179,6.7863278866522965,6.719584972672048,85.22624187443617,"{'brokerage_entry': 20.0, 'brokerage_exit': 20.0, 'exchange_entry': np.float64(1.4703951608416075), 'exchange_exit': np.float64(1.5727122170694583), 'sebi_entry': np.float64(0.049508254573791495), 'sebi_exit': np.float64(0.05295327330200195), 'ipft_entry': np.float64(0.049508254573791495), 'ipft_exit': np.float64(0.05295327330200195), 'stamp_buy': np.float64(1.485247637213745), 'stt_sell': np.float64(13.23831832550049), 'dp_sell': 16.5, 'gst': np.float64(10.754645478059278), 'fees_total': np.float64(85.22624187443617)}",Time,10,1413_rsi_enabled=False_rsi_buy_below=40_rsi_sell_above=70_macd_enabled=True_macd_fast=12_macd_slow=26_macd_signal=9_adx_enabled=False_adx_length=14_adx_min_adx=20_sma_enabled=False_sma_length=50_bb_enabled=False_bb_length=20_bb_stddev=2.0_combination_mode=all
CHOLAFIN.NS,2022-01-05,2022-01-19,88,563.3665161132812,607.1068115234375,563.6481993713379,606.8032581176758,49601.04154467773,53398.68671435547,3797.6451696777367,3712.28465891755,7.656381905321561,7.484287715155618,7.4245693178351,85.36051076018659,"{'brokerage_entry': 20.0, 'brokerage_exit': 20.0, 'exchange_entry': np.float64(1.4731509338769286), 'exchange_exit': np.float64(1.5859409954163575), 'sebi_entry': np.float64(0.04960104154467773), 'sebi_exit': np.float64(0.053398686714355464), 'ipft_entry': np.float64(0.04960104154467773), 'ipft_exit': np.float64(0.053398686714355464), 'stamp_buy': np.float64(1.488031246340332), 'stt_sell': np.float64(13.349671678588868), 'dp_sell': 16.5, 'gst': np.float64(10.757716449446042), 'fees_total': np.float64(85.36051076018659)}",Time,10,1413_rsi_enabled=False_rsi_buy_below=40_rsi_sell_above=70_macd_enabled=True_macd_fast=12_macd_slow=26_macd_signal=9_adx_enabled=False_adx_length=14_adx_min_adx=20_sma_enabled=False_sma_length=50_bb_enabled=False_bb_length=20_bb_stddev=2.0_combination_mode=all
CHOLAFIN.NS,2022-03-17,2022-04-01,69,715.3394775390625,703.3153076171875,715.697147277832,702.963649963379,49383.1031621704,48504.49184747315,-878.6113146972493,-962.5505141329135,-1.7791739652568122,-1.9491495116699529,-1.9251010282658272,83.93919943566414,"{'brokerage_entry': 20.0, 'brokerage_exit': 20.0, 'exchange_entry': np.float64(1.466678163916461), 'exchange_exit': np.float64(1.4405834078699526), 'sebi_entry': np.float64(0.0493831031621704), 'sebi_exit': np.float64(0.04850449184747315), 'ipft_entry': np.float64(0.0493831031621704), 'ipft_exit': np.float64(0.04850449184747315), 'stamp_buy': np.float64(1.4814930948651122), 'stt_sell': np.float64(12.126122961868289), 'dp_sell': 16.5, 'gst': np.float64(10.728546617125026), 'fees_total': np.float64(83.93919943566414)}",Time,10,1413_rsi_enabled=False_rsi_buy_below=40_rsi_sell_above=70_macd_enabled=True_macd_fast=12_macd_slow=26_macd_signal=9_adx_enabled=False_adx_length=14_adx_min_adx=20_sma_enabled=False_sma_length=50_bb_enabled=False_bb_length=20_bb_stddev=2.0_combination_mode=all
CHOLAFIN.NS,2022-07-21,2022-08-04,73,682.4120483398438,759.05908203125,682.7532543640136,758.6795524902344,49840.98756857299,55383.60733178711,5542.619763214119,5456.672600557273,11.120605817828924,10.948163081740283,10.913345201114545,85.94716265684683,"{'brokerage_entry': 20.0, 'brokerage_exit': 20.0, 'exchange_entry': np.float64(1.480277330786618), 'exchange_exit': np.float64(1.6448931377540772), 'sebi_entry': np.float64(0.04984098756857299), 'sebi_exit': np.float64(0.05538360733178711), 'ipft_entry': np.float64(0.04984098756857299), 'ipft_exit': np.float64(0.05538360733178711), 'stamp_buy': np.float64(1.4952296270571899), 'stt_sell': np.float64(13.845901832946778), 'dp_sell': 16.5, 'gst': np.float64(10.770411538501452), 'fees_total': np.float64(85.94716265684683)}",Time,10,1413_rsi_enabled=False_rsi_buy_below=40_rsi_sell_above=70_macd_enabled=True_macd_fast=12_macd_slow=26_macd_signal=9_adx_enabled=False_adx_length=14_adx_min_adx=20_sma_enabled=False_sma_length=50_bb_enabled=False_bb_length=20_bb_stddev=2.0_combination_mode=all
CHOLAFIN.NS,2023-02-01,2023-02-15,67,745.87841796875,779.830078125,746.2513571777343,779.4401630859376,49998.8409309082,52222.49092675782,2223.6499958496206,2138.600716750536,4.447403088648418,4.277300587239212,4.277201433501072,85.04927909908457,"{'brokerage_entry': 20.0, 'brokerage_exit': 20.0, 'exchange_entry': np.float64(1.4849655756479736), 'exchange_exit': np.float64(1.5510079805247072), 'sebi_entry': np.float64(0.049998840930908194), 'sebi_exit': np.float64(0.05222249092675782), 'ipft_entry': np.float64(0.049998840930908194), 'ipft_exit': np.float64(0.05222249092675782), 'stamp_buy': np.float64(1.499965227927246), 'stt_sell': np.float64(13.055622731689455), 'dp_sell': 16.5, 'gst': np.float64(10.753274919579844), 'fees_total': np.float64(85.04927909908457)}",Time,10,1413_rsi_enabled=False_rsi_buy_below=40_rsi_sell_above=70_macd_enabled=True_macd_fast=12_macd_slow=26_macd_signal=9_adx_enabled=False_adx_length=14_adx_min_adx=20_sma_enabled=False_sma_length=50_bb_enabled=False_bb_length=20_bb_stddev=2.0_combination_mode=all
CHOLAFIN.NS,2023-04-03,2023-04-20,64,775.7946166992188,840.2614135742188,776.1825140075683,839.8412828674317,49675.68089648437,53749.84210351563,4074.161207031255,3988.6947409651434,8.201520610298449,8.029471703220135,7.977389481930287,85.46646606611142,"{'brokerage_entry': 20.0, 'brokerage_exit': 20.0, 'exchange_entry': np.float64(1.475367722625586), 'exchange_exit': np.float64(1.5963703104744142), 'sebi_entry': np.float64(0.04967568089648437), 'sebi_exit': np.float64(0.053749842103515626), 'ipft_entry': np.float64(0.04967568089648437), 'ipft_exit': np.float64(0.053749842103515626), 'stamp_buy': np.float64(1.4902704268945313), 'stt_sell': np.float64(13.437460525878908), 'dp_sell': 16.5, 'gst': np.float64(10.760146034237998), 'fees_total': np.float64(85.46646606611142)}",Time,10,1413_rsi_enabled=False_rsi_buy_below=40_rsi_sell_above=70_macd_enabled=True_macd_fast=12_macd_slow=26_macd_signal=9_adx_enabled=False_adx_length=14_adx_min_adx=20_sma_enabled=False_sma_length=50_bb_enabled=False_bb_length=20_bb_stddev=2.0_combination_mode=all
CHOLAFIN.NS,2023-08-29,2023-09-12,45,1095.759765625,1162.5592041015625,1096.3076455078124,1161.9779244995118,49333.844047851555,52289.00660247803,2955.162554626477,2870.1389833029953,5.990132355711234,5.8177890628573214,5.740277966605991,85.02357132348129,"{'brokerage_entry': 20.0, 'brokerage_exit': 20.0, 'exchange_entry': np.float64(1.4652151682211911), 'exchange_exit': np.float64(1.5529834960935975), 'sebi_entry': np.float64(0.04933384404785155), 'sebi_exit': np.float64(0.05228900660247803), 'ipft_entry': np.float64(0.04933384404785155), 'ipft_exit': np.float64(0.05228900660247803), 'stamp_buy': np.float64(1.4800153214355467), 'stt_sell': np.float64(13.072251650619508), 'dp_sell': 16.5, 'gst': np.float64(10.74985998581078), 'fees_total': np.float64(85.02357132348129)}",Time,10,1413_rsi_enabled=False_rsi_buy_below=40_rsi_sell_above=70_macd_enabled=True_macd_fast=12_macd_slow=26_macd_signal=9_adx_enabled=False_adx_length=14_adx_min_adx=20_sma_enabled=False_sma_length=50_bb_enabled=False_bb_length=20_bb_stddev=2.0_combination_mode=all
CHOLAFIN.NS,2023-12-14,2023-12-29,40,1225.2210693359375,1256.0284423828125,1225.8336798706055,1255.4004281616212,49033.34719482422,50216.01712646485,1182.6699316406302,1098.262405221367,2.411970626727821,2.2398275215796315,2.196524810442734,84.40752641926308,"{'brokerage_entry': 20.0, 'brokerage_exit': 20.0, 'exchange_entry': np.float64(1.4562904116862794), 'exchange_exit': np.float64(1.491415708656006), 'sebi_entry': np.float64(0.04903334719482422), 'sebi_exit': np.float64(0.05021601712646485), 'ipft_entry': np.float64(0.04903334719482422), 'ipft_exit': np.float64(0.05021601712646485), 'stamp_buy': np.float64(1.4710004158447267), 'stt_sell': np.float64(12.554004281616214), 'dp_sell': 16.5, 'gst': np.float64(10.736316872817275), 'fees_total': np.float64(84.40752641926308)}",Time,10,1413_rsi_enabled=False_rsi_buy_below=40_rsi_sell_above=70_macd_enabled=True_macd_fast=12_macd_slow=26_macd_signal=9_adx_enabled=False_adx_length=14_adx_min_adx=20_sma_enabled=False_sma_length=50_bb_enabled=False_bb_length=20_bb_stddev=2.0_combination_mode=all
CHOLAFIN.NS,2024-03-28,2024-04-15,43,1154.4345703125,1159.52490234375,1155.0117875976562,1158.9451398925783,49665.506866699216,49834.64101538087,169.13414868165273,84.79362069012946,0.340546506724685,0.17072939760327643,0.1695872413802589,84.34052799152327,"{'brokerage_entry': 20.0, 'brokerage_exit': 20.0, 'exchange_entry': np.float64(1.4750655539409667), 'exchange_exit': np.float64(1.4800888381568118), 'sebi_entry': np.float64(0.04966550686669921), 'sebi_exit': np.float64(0.04983464101538087), 'ipft_entry': np.float64(0.04966550686669921), 'ipft_exit': np.float64(0.04983464101538087), 'stamp_buy': np.float64(1.4899652060009765), 'stt_sell': np.float64(12.458660253845217), 'dp_sell': 16.5, 'gst': np.float64(10.737747843815148), 'fees_total': np.float64(84.34052799152327)}",Time,10,1413_rsi_enabled=False_rsi_buy_below=40_rsi_sell_above=70_macd_enabled=True_macd_fast=12_macd_slow=26_macd_signal=9_adx_enabled=False_adx_length=14_adx_min_adx=20_sma_enabled=False_sma_length=50_bb_enabled=False_bb_length=20_bb_stddev=2.0_combination_mode=all
CHOLAFIN.NS,2024-05-02,2024-05-09,38,1299.1629638671875,1234.204815673828,1299.812545349121,1233.5877132659912,49392.87672326659,46876.33310410767,-2516.543619158925,-2600.015534799453,-5.094952523738111,-5.263948381396282,-5.200031069598906,83.47191564052767,"{'brokerage_entry': 20.0, 'brokerage_exit': 20.0, 'exchange_entry': np.float64(1.4669684386810178), 'exchange_exit': np.float64(1.3922270931919978), 'sebi_entry': np.float64(0.04939287672326659), 'sebi_exit': np.float64(0.046876333104107666), 'ipft_entry': np.float64(0.04939287672326659), 'ipft_exit': np.float64(0.046876333104107666), 'stamp_buy': np.float64(1.4817863016979977), 'stt_sell': np.float64(11.719083276026916), 'dp_sell': 16.5, 'gst': np.float64(10.719312111274997), 'fees_total': np.float64(83.47191564052767)}",HSL,5,1413_rsi_enabled=False_rsi_buy_below=40_rsi_sell_above=70_macd_enabled=True_macd_fast=12_macd_slow=26_macd_signal=9_adx_enabled=False_adx_length=14_adx_min_adx=20_sma_enabled=False_sma_length=50_bb_enabled=False_bb_length=20_bb_stddev=2.0_combination_mode=all
CHOLAFIN.NS,2024-09-02,2024-09-16,33,1484.23388671875,1562.57470703125,1484.9760036621094,1561.7934196777344,49004.20812084961,51539.182849365236,2534.9747285156263,2450.188880477028,5.172973558238321,4.999956074046948,4.900377760954056,84.78584803859866,"{'brokerage_entry': 20.0, 'brokerage_exit': 20.0, 'exchange_entry': np.float64(1.4554249811892335), 'exchange_exit': np.float64(1.5307137306261476), 'sebi_entry': np.float64(0.04900420812084961), 'sebi_exit': np.float64(0.051539182849365234), 'ipft_entry': np.float64(0.04900420812084961), 'ipft_exit': np.float64(0.051539182849365234), 'stamp_buy': np.float64(1.4701262436254883), 'stt_sell': np.float64(12.88479571234131), 'dp_sell': 16.5, 'gst': np.float64(10.743700588876045), 'fees_total': np.float64(84.78584803859866)}",Time,10,1413_rsi_enabled=False_rsi_buy_below=40_rsi_sell_above=70_macd_enabled=True_macd_fast=12_macd_slow=26_macd_signal=9_adx_enabled=False_adx_length=14_adx_min_adx=20_sma_enabled=False_sma_length=50_bb_enabled=False_bb_length=20_bb_stddev=2.0_combination_mode=all
CHOLAFIN.NS,2024-12-10,2024-12-17,37,1334.4423828125,1267.720263671875,1335.1096040039063,1267.086403540039,49399.05534814453,46882.196930981445,-2516.8584171630864,-2600.3324345790293,-5.094952523738132,-5.263931498796768,-5.200664869158059,83.47401741594268,"{'brokerage_entry': 20.0, 'brokerage_exit': 20.0, 'exchange_entry': np.float64(1.4671519438398926), 'exchange_exit': np.float64(1.392401248850149), 'sebi_entry': np.float64(0.04939905534814453), 'sebi_exit': np.float64(0.046882196930981446), 'ipft_entry': np.float64(0.04939905534814453), 'ipft_exit': np.float64(0.046882196930981446), 'stamp_buy': np.float64(1.481971660444336), 'stt_sell': np.float64(11.72054923274536), 'dp_sell': 16.5, 'gst': np.float64(10.719380825504693), 'fees_total': np.float64(83.47401741594268)}",HSL,5,1413_rsi_enabled=False_rsi_buy_below=40_rsi_sell_above=70_macd_enabled=True_macd_fast=12_macd_slow=26_macd_signal=9_adx_enabled=False_adx_length=14_adx_min_adx=20_sma_enabled=False_sma_length=50_bb_enabled=False_bb_length=20_bb_stddev=2.0_combination_mode=all
UNITDSPR.NS,2024-06-03,2024-06-18,42,1166.218505859375,1236.8175048828125,1166.8016151123047,1236.1990961303711,49005.6678347168,51920.362037475585,2914.6942027587866,2829.798703140977,5.947667548556387,5.774431465121835,5.6595974062819545,84.89549961780965,"{'brokerage_entry': 20.0, 'brokerage_exit': 20.0, 'exchange_entry': np.float64(1.4554683346910888), 'exchange_exit': np.float64(1.542034752513025), 'sebi_entry': np.float64(0.0490056678347168), 'sebi_exit': np.float64(0.05192036203747558), 'ipft_entry': np.float64(0.0490056678347168), 'ipft_exit': np.float64(0.05192036203747558), 'stamp_buy': np.float64(1.470170035041504), 'stt_sell': np.float64(12.980090509368896), 'dp_sell': 16.5, 'gst': np.float64(10.745883926450732), 'fees_total': np.float64(84.89549961780965)}",Time,10,1413_rsi_enabled=False_rsi_buy_below=40_rsi_sell_above=70_macd_enabled=True_macd_fast=12_macd_slow=26_macd_signal=9_adx_enabled=False_adx_length=14_adx_min_adx=20_sma_enabled=False_sma_length=50_bb_enabled=False_bb_length=20_bb_stddev=2.0_combination_mode=all
UNITDSPR.NS,2024-12-03,2024-12-17,32,1529.4627685546875,1549.635009765625,1530.2274999389647,1548.8601922607422,48967.27999804687,49563.52615234375,596.2461542968813,512.0306110239924,1.2176419730086363,1.045658674617858,1.0240612220479848,84.21554327288885,"{'brokerage_entry': 20.0, 'brokerage_exit': 20.0, 'exchange_entry': np.float64(1.4543282159419921), 'exchange_exit': np.float64(1.4720367267246095), 'sebi_entry': np.float64(0.04896727999804687), 'sebi_exit': np.float64(0.04956352615234375), 'ipft_entry': np.float64(0.04896727999804687), 'ipft_exit': np.float64(0.04956352615234375), 'stamp_buy': np.float64(1.4690183999414061), 'stt_sell': np.float64(12.390881538085939), 'dp_sell': 16.5, 'gst': np.float64(10.732216779894127), 'fees_total': np.float64(84.21554327288885)}",Time,10,1413_rsi_enabled=False_rsi_buy_below=40_rsi_sell_above=70_macd_enabled=True_macd_fast=12_macd_slow=26_macd_signal=9_adx_enabled=False_adx_length=14_adx_min_adx=20_sma_enabled=False_sma_length=50_bb_enabled=False_bb_length=20_bb_stddev=2.0_combination_mode=all
DIVISLAB.NS,2015-01-02,2015-01-06,62,802.5786743164062,766.5224609375,802.9799636535644,766.1391997070313,49784.75774652099,47500.63038183594,-2284.127364685053,-2367.8051222412373,-4.588005381716798,-4.756084451182655,-4.735610244482475,83.67775755618393,"{'brokerage_entry': 20.0, 'brokerage_exit': 20.0, 'exchange_entry': np.float64(1.4786073050716735), 'exchange_exit': np.float64(1.4107687223405274), 'sebi_entry': np.float64(0.04978475774652099), 'sebi_exit': np.float64(0.04750063038183593), 'ipft_entry': np.float64(0.04978475774652099), 'ipft_exit': np.float64(0.04750063038183593), 'stamp_buy': np.float64(1.4935427323956298), 'stt_sell': np.float64(11.875157595458985), 'dp_sell': 16.5, 'gst': np.float64(10.725110424660404), 'fees_total': np.float64(83.67775755618393)}",MACD_cross_down,2,1413_rsi_enabled=False_rsi_buy_below=40_rsi_sell_above=70_macd_enabled=True_macd_fast=12_macd_slow=26_macd_signal=9_adx_enabled=False_adx_length=14_adx_min_adx=20_sma_enabled=False_sma_length=50_bb_enabled=False_bb_length=20_bb_stddev=2.0_combination_mode=all
DIVISLAB.NS,2015-02-25,2015-03-12,62,799.3049926757812,823.8919677734375,799.7046451721191,823.4800217895508,49581.68800067138,51055.761350952154,1474.0733502807707,1389.3875148725656,2.9730196968300278,2.8022190669542186,2.778775029745131,84.68583540820501,"{'brokerage_entry': 20.0, 'brokerage_exit': 20.0, 'exchange_entry': np.float64(1.47257613361994), 'exchange_exit': np.float64(1.516356112123279), 'sebi_entry': np.float64(0.04958168800067138), 'sebi_exit': np.float64(0.051055761350952154), 'ipft_entry': np.float64(0.04958168800067138), 'ipft_exit': np.float64(0.051055761350952154), 'stamp_buy': np.float64(1.4874506400201415), 'stt_sell': np.float64(12.763940337738038), 'dp_sell': 16.5, 'gst': np.float64(10.744237286000363), 'fees_total': np.float64(84.68583540820501)}",Time,10,1413_rsi_enabled=False_rsi_buy_below=40_rsi_sell_above=70_macd_enabled=True_macd_fast=12_macd_slow=26_macd_signal=9_adx_enabled=False_adx_length=14_adx_min_adx=20_sma_enabled=False_sma_length=50_bb_enabled=False_bb_length=20_bb_stddev=2.0_combination_mode=all
DIVISLAB.NS,2015-06-30,2015-07-14,58,860.7037353515625,864.77880859375,861.1340872192383,864.3464191894532,49945.77705871582,50132.09231298829,186.3152542724638,101.8703451007373,0.37303504969686063,0.2039618784606743,0.20374069020147456,84.4449091717265,"{'brokerage_entry': 20.0, 'brokerage_exit': 20.0, 'exchange_entry': np.float64(1.48338957864386), 'exchange_exit': np.float64(1.488923141695752), 'sebi_entry': np.float64(0.04994577705871582), 'sebi_exit': np.float64(0.050132092312988284), 'ipft_entry': np.float64(0.04994577705871582), 'ipft_exit': np.float64(0.050132092312988284), 'stamp_buy': np.float64(1.4983733117614748), 'stt_sell': np.float64(12.533023078247071), 'dp_sell': 16.5, 'gst': np.float64(10.741044322634941), 'fees_total': np.float64(84.4449091717265)}",Time,10,1413_rsi_enabled=False_rsi_buy_below=40_rsi_sell_above=70_macd_enabled=True_macd_fast=12_macd_slow=26_macd_signal=9_adx_enabled=False_adx_length=14_adx_min_adx=20_sma_enabled=False_sma_length=50_bb_enabled=False_bb_length=20_bb_stddev=2.0_combination_mode=all
DIVISLAB.NS,2015-11-02,2015-11-09,46,1069.2305908203125,1015.7690612792968,1069.7652061157225,1015.2611767486572,49209.19948132324,46702.014130438234,-2507.1853508850036,-2590.5947852584145,-5.094952523738119,-5.264452201141056,-5.181189570516829,83.40943437341082,"{'brokerage_entry': 20.0, 'brokerage_exit': 20.0, 'exchange_entry': np.float64(1.4615132245953002), 'exchange_exit': np.float64(1.3870498196740155), 'sebi_entry': np.float64(0.04920919948132323), 'sebi_exit': np.float64(0.04670201413043823), 'ipft_entry': np.float64(0.04920919948132323), 'ipft_exit': np.float64(0.04670201413043823), 'stamp_buy': np.float64(1.476275984439697), 'stt_sell': np.float64(11.675503532609559), 'dp_sell': 16.5, 'gst': np.float64(10.717269384868713), 'fees_total': np.float64(83.40943437341082)}",HSL,5,1413_rsi_enabled=False_rsi_buy_below=40_rsi_sell_above=70_macd_enabled=True_macd_fast=12_macd_slow=26_macd_signal=9_adx_enabled=False_adx_length=14_adx_min_adx=20_sma_enabled=False_sma_length=50_bb_enabled=False_bb_length=20_bb_stddev=2.0_combination_mode=all
DIVISLAB.NS,2015-12-21,2016-01-05,46,1073.947998046875,1061.4144287109375,1074.4849720458983,1060.883721496582,49426.30871411132,48800.65118884277,-625.6575252685507,-709.6847549893146,-1.2658390673830031,-1.4358441353454705,-1.4193695099786292,84.02722972076394,"{'brokerage_entry': 20.0, 'brokerage_exit': 20.0, 'exchange_entry': np.float64(1.4679613688091062), 'exchange_exit': np.float64(1.4493793403086304), 'sebi_entry': np.float64(0.04942630871411132), 'sebi_exit': np.float64(0.04880065118884277), 'ipft_entry': np.float64(0.04942630871411132), 'ipft_exit': np.float64(0.04880065118884277), 'stamp_buy': np.float64(1.4827892614233398), 'stt_sell': np.float64(12.200162797210693), 'dp_sell': 16.5, 'gst': np.float64(10.730483033206255), 'fees_total': np.float64(84.02722972076394)}",Time,10,1413_rsi_enabled=False_rsi_buy_below=40_rsi_sell_above=70_macd_enabled=True_macd_fast=12_macd_slow=26_macd_signal=9_adx_enabled=False_adx_length=14_adx_min_adx=20_sma_enabled=False_sma_length=50_bb_enabled=False_bb_length=20_bb_stddev=2.0_combination_mode=all
DIVISLAB.NS,2016-04-20,2016-05-03,50,979.9296264648438,972.0792236328125,980.4195912780762,971.5931840209961,49020.979563903806,48579.659201049806,-441.32036285399954,-525.256756534821,-0.9002683479196775,-1.0714937996089933,-1.050513513069642,83.93639368082142,"{'brokerage_entry': 20.0, 'brokerage_exit': 20.0, 'exchange_entry': np.float64(1.455923093047943), 'exchange_exit': np.float64(1.4428158782711793), 'sebi_entry': np.float64(0.049020979563903805), 'sebi_exit': np.float64(0.048579659201049806), 'ipft_entry': np.float64(0.049020979563903805), 'ipft_exit': np.float64(0.048579659201049806), 'stamp_buy': np.float64(1.4706293869171143), 'stt_sell': np.float64(12.144914800262452), 'dp_sell': 16.5, 'gst': np.float64(10.726909244792827), 'fees_total': np.float64(83.93639368082142)}",MACD_cross_down,9,1413_rsi_enabled=False_rsi_buy_below=40_rsi_sell_above=70_macd_enabled=True_macd_fast=12_macd_slow=26_macd_signal=9_adx_enabled=False_adx_length=14_adx_min_adx=20_sma_enabled=False_sma_length=50_bb_enabled=False_bb_length=20_bb_stddev=2.0_combination_mode=all
DIVISLAB.NS,2017-02-10,2017-02-15,71,701.0110473632812,665.9604949951172,701.3615528869628,665.6275147476197,49796.670254974364,47259.553547081,-2537.116707893365,-2620.725981495324,-5.094952523738118,-5.262853857650312,-5.241451962990648,83.60927360195917,"{'brokerage_entry': 20.0, 'brokerage_exit': 20.0, 'exchange_entry': np.float64(1.4789611065727386), 'exchange_exit': np.float64(1.4036087403483057), 'sebi_entry': np.float64(0.04979667025497436), 'sebi_exit': np.float64(0.047259553547080994), 'ipft_entry': np.float64(0.04979667025497436), 'ipft_exit': np.float64(0.047259553547080994), 'stamp_buy': np.float64(1.4939001076492309), 'stt_sell': np.float64(11.81488838677025), 'dp_sell': 16.5, 'gst': np.float64(10.723802813014528), 'fees_total': np.float64(83.60927360195917)}",HSL,3,1413_rsi_enabled=False_rsi_buy_below=40_rsi_sell_above=70_macd_enabled=True_macd_fast=12_macd_slow=26_macd_signal=9_adx_enabled=False_adx_length=14_adx_min_adx=20_sma_enabled=False_sma_length=50_bb_enabled=False_bb_length=20_bb_stddev=2.0_combination_mode=all
DIVISLAB.NS,2017-02-20,2017-03-07,70,707.2258911132812,705.5903930664062,707.5795040588379,705.2375978698731,49530.56528411865,49366.63185089111,-163.93343322753935,-248.13035670481787,-0.3309742828235044,-0.5009641123243503,-0.49626071340963573,84.19692347727852,"{'brokerage_entry': 20.0, 'brokerage_exit': 20.0, 'exchange_entry': np.float64(1.471057788938324), 'exchange_exit': np.float64(1.4661889659714662), 'sebi_entry': np.float64(0.04953056528411865), 'sebi_exit': np.float64(0.04936663185089111), 'ipft_entry': np.float64(0.04953056528411865), 'ipft_exit': np.float64(0.04936663185089111), 'stamp_buy': np.float64(1.4859169585235597), 'stt_sell': np.float64(12.34165796272278), 'dp_sell': 16.5, 'gst': np.float64(10.734307406852366), 'fees_total': np.float64(84.19692347727852)}",Time,10,1413_rsi_enabled=False_rsi_buy_below=40_rsi_sell_above=70_macd_enabled=True_macd_fast=12_macd_slow=26_macd_signal=9_adx_enabled=False_adx_length=14_adx_min_adx=20_sma_enabled=False_sma_length=50_bb_enabled=False_bb_length=20_bb_stddev=2.0_combination_mode=all
DIVISLAB.NS,2017-06-05,2017-06-19,84,589.5650634765625,603.0695190429688,589.8598460083008,602.7679842834473,49548.22706469727,50632.51067980957,1084.2836151123047,999.7216799543404,2.1883398848893396,2.0176739697445893,1.9994433599086807,84.56193515796433,"{'brokerage_entry': 20.0, 'brokerage_exit': 20.0, 'exchange_entry': np.float64(1.471582343821509), 'exchange_exit': np.float64(1.5037855671903444), 'sebi_entry': np.float64(0.04954822706469727), 'sebi_exit': np.float64(0.05063251067980957), 'ipft_entry': np.float64(0.04954822706469727), 'ipft_exit': np.float64(0.05063251067980957), 'stamp_buy': np.float64(1.486446811940918), 'stt_sell': np.float64(12.658127669952394), 'dp_sell': 16.5, 'gst': np.float64(10.741631289570156), 'fees_total': np.float64(84.56193515796433)}",Time,10,1413_rsi_enabled=False_rsi_buy_below=40_rsi_sell_above=70_macd_enabled=True_macd_fast=12_macd_slow=26_macd_signal=9_adx_enabled=False_adx_length=14_adx_min_adx=20_sma_enabled=False_sma_length=50_bb_enabled=False_bb_length=20_bb_stddev=2.0_combination_mode=all
DIVISLAB.NS,2017-08-30,2017-09-12,76,656.6195678710938,682.6376713795974,656.9478776550293,682.2963525439076,49928.03870178223,51854.522793336975,1926.4840915547466,1841.5453412000725,3.858521467389383,3.688399122183698,3.683090682400145,84.93875035467411,"{'brokerage_entry': 20.0, 'brokerage_exit': 20.0, 'exchange_entry': np.float64(1.4828627494429323), 'exchange_exit': np.float64(1.5400793269621083), 'sebi_entry': np.float64(0.049928038701782224), 'sebi_exit': np.float64(0.05185452279333697), 'ipft_entry': np.float64(0.049928038701782224), 'ipft_exit': np.float64(0.05185452279333697), 'stamp_buy': np.float64(1.497841161053467), 'stt_sell': np.float64(12.963630698334244), 'dp_sell': 16.5, 'gst': np.float64(10.750771295891147), 'fees_total': np.float64(84.93875035467411)}",TSL,9,1413_rsi_enabled=False_rsi_buy_below=40_rsi_sell_above=70_macd_enabled=True_macd_fast=12_macd_slow=26_macd_signal=9_adx_enabled=False_adx_length=14_adx_min_adx=20_sma_enabled=False_sma_length=50_bb_enabled=False_bb_length=20_bb_stddev=2.0_combination_mode=all
DIVISLAB.NS,2018-03-15,2018-03-23,48,1025.3585205078125,974.0905944824218,1025.8711997680664,973.6035491851807,49241.81758886718,46732.97036088867,-2508.847227978513,-2592.2677580144496,-5.094952523738126,-5.264362456434836,-5.184535516028899,83.42053003593674,"{'brokerage_entry': 20.0, 'brokerage_exit': 20.0, 'exchange_entry': np.float64(1.4624819823893553), 'exchange_exit': np.float64(1.3879692197183935), 'sebi_entry': np.float64(0.04924181758886718), 'sebi_exit': np.float64(0.046732970360888665), 'ipft_entry': np.float64(0.04924181758886718), 'ipft_exit': np.float64(0.046732970360888665), 'stamp_buy': np.float64(1.4772545276660156), 'stt_sell': np.float64(11.683242590222168), 'dp_sell': 16.5, 'gst': np.float64(10.717632140041305), 'fees_total': np.float64(83.42053003593674)}",HSL,6,1413_rsi_enabled=False_rsi_buy_below=40_rsi_sell_above=70_macd_enabled=True_macd_fast=12_macd_slow=26_macd_signal=9_adx_enabled=False_adx_length=14_adx_min_adx=20_sma_enabled=False_sma_length=50_bb_enabled=False_bb_length=20_bb_stddev=2.0_combination_mode=all
DIVISLAB.NS,2018-07-11,2018-07-16,47,1060.9534912109375,1007.9058166503905,1061.483967956543,1007.4018637420654,49889.74649395752,47347.88759587707,-2541.858898080449,-2625.499833315001,-5.094952523738139,-5.262604077639466,-5.250999666630002,83.64093523455236,"{'brokerage_entry': 20.0, 'brokerage_exit': 20.0, 'exchange_entry': np.float64(1.4817254708705385), 'exchange_exit': np.float64(1.406232261597549), 'sebi_entry': np.float64(0.04988974649395752), 'sebi_exit': np.float64(0.04734788759587707), 'ipft_entry': np.float64(0.04988974649395752), 'ipft_exit': np.float64(0.04734788759587707), 'stamp_buy': np.float64(1.4966923948187256), 'stt_sell': np.float64(11.836971898969269), 'dp_sell': 16.5, 'gst': np.float64(10.724837940116597), 'fees_total': np.float64(83.64093523455236)}",HSL,3,1413_rsi_enabled=False_rsi_buy_below=40_rsi_sell_above=70_macd_enabled=True_macd_fast=12_macd_slow=26_macd_signal=9_adx_enabled=False_adx_length=14_adx_min_adx=20_sma_enabled=False_sma_length=50_bb_enabled=False_bb_length=20_bb_stddev=2.0_combination_mode=all
DIVISLAB.NS,2018-10-29,2018-11-13,36,1372.0987548828125,1458.274658203125,1372.7848042602538,1457.5455208740236,49420.25295336914,52471.63875146485,3051.385798095711,2966.303912718133,6.1743629701265785,6.002203014859134,5.932607825436265,85.0818853775783,"{'brokerage_entry': 20.0, 'brokerage_exit': 20.0, 'exchange_entry': np.float64(1.4677815127150635), 'exchange_exit': np.float64(1.5584076709185062), 'sebi_entry': np.float64(0.04942025295336914), 'sebi_exit': np.float64(0.05247163875146485), 'ipft_entry': np.float64(0.04942025295336914), 'ipft_exit': np.float64(0.05247163875146485), 'stamp_buy': np.float64(1.4826075886010743), 'stt_sell': np.float64(13.117909687866213), 'dp_sell': 16.5, 'gst': np.float64(10.751395134067781), 'fees_total': np.float64(85.0818853775783)}",Time,10,1413_rsi_enabled=False_rsi_buy_below=40_rsi_sell_above=70_macd_enabled=True_macd_fast=12_macd_slow=26_macd_signal=9_adx_enabled=False_adx_length=14_adx_min_adx=20_sma_enabled=False_sma_length=50_bb_enabled=False_bb_length=20_bb_stddev=2.0_combination_mode=all
DIVISLAB.NS,2019-01-10,2019-01-24,34,1448.6043701171875,1422.689453125,1449.328672302246,1421.9781083984376,49277.17485827637,48347.25568554688,-929.9191727294892,-1013.8060413455465,-1.887119493769648,-2.0573542299478484,-2.027612082691093,83.88686861605728,"{'brokerage_entry': 20.0, 'brokerage_exit': 20.0, 'exchange_entry': np.float64(1.4635320932908082), 'exchange_exit': np.float64(1.4359134938607423), 'sebi_entry': np.float64(0.04927717485827637), 'sebi_exit': np.float64(0.048347255685546875), 'ipft_entry': np.float64(0.04927717485827637), 'ipft_exit': np.float64(0.048347255685546875), 'stamp_buy': np.float64(1.478315245748291), 'stt_sell': np.float64(12.086813921386721), 'dp_sell': 16.5, 'gst': np.float64(10.727045000683056), 'fees_total': np.float64(83.88686861605728)}",Time,10,1413_rsi_enabled=False_rsi_buy_below=40_rsi_sell_above=70_macd_enabled=True_macd_fast=12_macd_slow=26_macd_signal=9_adx_enabled=False_adx_length=14_adx_min_adx=20_sma_enabled=False_sma_length=50_bb_enabled=False_bb_length=20_bb_stddev=2.0_combination_mode=all
DIVISLAB.NS,2019-03-06,2019-03-20,30,1625.2913818359375,1596.184814453125,1626.1040275268554,1595.3867220458985,48783.12082580566,47861.60166137695,-921.5191644287042,-1005.2331509581782,-1.889012323994721,-2.060616733701101,-2.0104663019163564,83.71398652947394,"{'brokerage_entry': 20.0, 'brokerage_exit': 20.0, 'exchange_entry': np.float64(1.448858688526428), 'exchange_exit': np.float64(1.4214895693428955), 'sebi_entry': np.float64(0.04878312082580565), 'sebi_exit': np.float64(0.04786160166137695), 'ipft_entry': np.float64(0.04878312082580565), 'ipft_exit': np.float64(0.04786160166137695), 'stamp_buy': np.float64(1.4634936247741697), 'stt_sell': np.float64(11.965400415344238), 'dp_sell': 16.5, 'gst': np.float64(10.721454786511861), 'fees_total': np.float64(83.71398652947394)}",Time,10,1413_rsi_enabled=False_rsi_buy_below=40_rsi_sell_above=70_macd_enabled=True_macd_fast=12_macd_slow=26_macd_signal=9_adx_enabled=False_adx_length=14_adx_min_adx=20_sma_enabled=False_sma_length=50_bb_enabled=False_bb_length=20_bb_stddev=2.0_combination_mode=all
DIVISLAB.NS,2019-05-24,2019-05-27,29,1682.218017578125,1598.1071166992188,1683.0591265869139,1597.3080631408693,48808.714671020505,46321.93383108521,-2486.7808399352944,-2570.054041871066,-5.0949525237381135,-5.265563863325825,-5.140108083742132,83.27320193577168,"{'brokerage_entry': 20.0, 'brokerage_exit': 20.0, 'exchange_entry': np.float64(1.449618825729309), 'exchange_exit': np.float64(1.3757614347832308), 'sebi_entry': np.float64(0.048808714671020506), 'sebi_exit': np.float64(0.04632193383108521), 'ipft_entry': np.float64(0.048808714671020506), 'ipft_exit': np.float64(0.04632193383108521), 'stamp_buy': np.float64(1.464261440130615), 'stt_sell': np.float64(11.580483457771303), 'dp_sell': 16.5, 'gst': np.float64(10.712815480353015), 'fees_total': np.float64(83.27320193577168)}",HSL,1,1413_rsi_enabled=False_rsi_buy_below=40_rsi_sell_above=70_macd_enabled=True_macd_fast=12_macd_slow=26_macd_signal=9_adx_enabled=False_adx_length=14_adx_min_adx=20_sma_enabled=False_sma_length=50_bb_enabled=False_bb_length=20_bb_stddev=2.0_combination_mode=all
DIVISLAB.NS,2019-07-17,2019-07-24,31,1573.890625,1528.301513671875,1574.6775703125,1527.5373629150392,48815.004679687496,47353.658250366214,-1461.346429321282,-1544.9165790298257,-2.9936418912797227,-3.164839559408429,-3.089833158059651,83.57014970854377,"{'brokerage_entry': 20.0, 'brokerage_exit': 20.0, 'exchange_entry': np.float64(1.4498056389867187), 'exchange_exit': np.float64(1.4064036500358765), 'sebi_entry': np.float64(0.048815004679687496), 'sebi_exit': np.float64(0.047353658250366214), 'ipft_entry': np.float64(0.048815004679687496), 'ipft_exit': np.float64(0.047353658250366214), 'stamp_buy': np.float64(1.464450140390625), 'stt_sell': np.float64(11.838414562591554), 'dp_sell': 16.5, 'gst': np.float64(10.718738390678887), 'fees_total': np.float64(83.57014970854377)}",MACD_cross_down,5,1413_rsi_enabled=False_rsi_buy_below=40_rsi_sell_above=70_macd_enabled=True_macd_fast=12_macd_slow=26_macd_signal=9_adx_enabled=False_adx_length=14_adx_min_adx=20_sma_enabled=False_sma_length=50_bb_enabled=False_bb_length=20_bb_stddev=2.0_combination_mode=all
DIVISLAB.NS,2019-09-26,2019-10-03,30,1612.8271484375,1567.8619384765625,1613.6335620117186,1567.0780075073244,48409.00686035156,47012.340225219734,-1396.6666351318272,-1480.1113213030255,-2.885137964430622,-3.057512263312473,-2.9602226426060514,83.44468617119837,"{'brokerage_entry': 20.0, 'brokerage_exit': 20.0, 'exchange_entry': np.float64(1.4377475037524414), 'exchange_exit': np.float64(1.3962665046890261), 'sebi_entry': np.float64(0.04840900686035156), 'sebi_exit': np.float64(0.04701234022521973), 'ipft_entry': np.float64(0.04840900686035156), 'ipft_exit': np.float64(0.04701234022521973), 'stamp_buy': np.float64(1.4522702058105468), 'stt_sell': np.float64(11.753085056304934), 'dp_sell': 16.5, 'gst': np.float64(10.714474206470271), 'fees_total': np.float64(83.44468617119837)}",MACD_cross_down,4,1413_rsi_enabled=False_rsi_buy_below=40_rsi_sell_above=70_macd_enabled=True_macd_fast=12_macd_slow=26_macd_signal=9_adx_enabled=False_adx_length=14_adx_min_adx=20_sma_enabled=False_sma_length=50_bb_enabled=False_bb_length=20_bb_stddev=2.0_combination_mode=all
DIVISLAB.NS,2020-04-09,2020-04-27,22,2241.65869140625,2353.164794921875,2242.779520751953,2351.9882125244144,49341.14945654297,51743.74067553712,2402.591218994152,2317.723867941291,4.869345861328636,4.697344698024551,4.635447735882582,84.86735105286117,"{'brokerage_entry': 20.0, 'brokerage_exit': 20.0, 'exchange_entry': np.float64(1.465432138859326), 'exchange_exit': np.float64(1.5367890980634524), 'sebi_entry': np.float64(0.049341149456542964), 'sebi_exit': np.float64(0.051743740675537116), 'ipft_entry': np.float64(0.049341149456542964), 'ipft_exit': np.float64(0.051743740675537116), 'stamp_buy': np.float64(1.480234483696289), 'stt_sell': np.float64(12.93593516888428), 'dp_sell': 16.5, 'gst': np.float64(10.74679038309365), 'fees_total': np.float64(84.86735105286117)}",Time,10,1413_rsi_enabled=False_rsi_buy_below=40_rsi_sell_above=70_macd_enabled=True_macd_fast=12_macd_slow=26_macd_signal=9_adx_enabled=False_adx_length=14_adx_min_adx=20_sma_enabled=False_sma_length=50_bb_enabled=False_bb_length=20_bb_stddev=2.0_combination_mode=all
DIVISLAB.NS,2020-07-23,2020-08-06,21,2325.61572265625,2656.010009765625,2326.778530517578,2654.6820047607425,48862.34914086914,55748.322099975594,6885.972959106453,6799.986941338799,14.09259497379943,13.916618952835396,13.599973882677595,85.986017767655,"{'brokerage_entry': 20.0, 'brokerage_exit': 20.0, 'exchange_entry': np.float64(1.4512117694838136), 'exchange_exit': np.float64(1.6557251663692751), 'sebi_entry': np.float64(0.048862349140869135), 'sebi_exit': np.float64(0.05574832209997559), 'ipft_entry': np.float64(0.048862349140869135), 'ipft_exit': np.float64(0.05574832209997559), 'stamp_buy': np.float64(1.4658704742260742), 'stt_sell': np.float64(13.937080524993899), 'dp_sell': 16.5, 'gst': np.float64(10.766908490100258), 'fees_total': np.float64(85.986017767655)}",Time,10,1413_rsi_enabled=False_rsi_buy_below=40_rsi_sell_above=70_macd_enabled=True_macd_fast=12_macd_slow=26_macd_signal=9_adx_enabled=False_adx_length=14_adx_min_adx=20_sma_enabled=False_sma_length=50_bb_enabled=False_bb_length=20_bb_stddev=2.0_combination_mode=all
DIVISLAB.NS,2020-11-04,2020-11-18,16,3100.4326171875,3348.3740234375,3101.9828334960935,3346.6998364257815,49631.725335937495,53547.197382812505,3915.4720468750093,3830.0667849860106,7.8890508447424095,7.716972881885136,7.660133569972021,85.40526188899881,"{'brokerage_entry': 20.0, 'brokerage_exit': 20.0, 'exchange_entry': np.float64(1.4740622424773435), 'exchange_exit': np.float64(1.5903517622695313), 'sebi_entry': np.float64(0.049631725335937495), 'sebi_exit': np.float64(0.0535471973828125), 'ipft_entry': np.float64(0.049631725335937495), 'ipft_exit': np.float64(0.0535471973828125), 'stamp_buy': np.float64(1.4889517600781248), 'stt_sell': np.float64(13.386799345703126), 'dp_sell': 16.5, 'gst': np.float64(10.758738933033188), 'fees_total': np.float64(85.40526188899881)}",Time,10,1413_rsi_enabled=False_rsi_buy_below=40_rsi_sell_above=70_macd_enabled=True_macd_fast=12_macd_slow=26_macd_signal=9_adx_enabled=False_adx_length=14_adx_min_adx=20_sma_enabled=False_sma_length=50_bb_enabled=False_bb_length=20_bb_stddev=2.0_combination_mode=all
DIVISLAB.NS,2021-02-05,2021-02-17,13,3707.918212890625,3522.5223022460937,3709.77217199707,3520.761041094971,48227.03823596191,45769.89353423462,-2457.1447017272876,-2540.220035487721,-5.094952523738116,-5.267211357784627,-5.080440070975442,83.07533376043348,"{'brokerage_entry': 20.0, 'brokerage_exit': 20.0, 'exchange_entry': np.float64(1.4323430356080689), 'exchange_exit': np.float64(1.3593658379667684), 'sebi_entry': np.float64(0.04822703823596191), 'sebi_exit': np.float64(0.04576989353423462), 'ipft_entry': np.float64(0.04822703823596191), 'ipft_exit': np.float64(0.04576989353423462), 'stamp_buy': np.float64(1.4468111470788574), 'stt_sell': np.float64(11.442473383558657), 'dp_sell': 16.5, 'gst': np.float64(10.706346492680742), 'fees_total': np.float64(83.07533376043348)}",HSL,8,1413_rsi_enabled=False_rsi_buy_below=40_rsi_sell_above=70_macd_enabled=True_macd_fast=12_macd_slow=26_macd_signal=9_adx_enabled=False_adx_length=14_adx_min_adx=20_sma_enabled=False_sma_length=50_bb_enabled=False_bb_length=20_bb_stddev=2.0_combination_mode=all
DIVISLAB.NS,2021-03-31,2021-04-16,14,3514.250732421875,3707.33642578125,3516.007857788086,3705.4827575683594,49224.110009033204,51876.75860595703,2652.6485969238274,2567.750904880655,5.388921397333614,5.216449630901285,5.13550180976131,84.89769204317258,"{'brokerage_entry': 20.0, 'brokerage_exit': 20.0, 'exchange_entry': np.float64(1.461956067268286), 'exchange_exit': np.float64(1.540739730596924), 'sebi_entry': np.float64(0.0492241100090332), 'sebi_exit': np.float64(0.05187675860595703), 'ipft_entry': np.float64(0.0492241100090332), 'ipft_exit': np.float64(0.05187675860595703), 'stamp_buy': np.float64(1.476723300270996), 'stt_sell': np.float64(12.969189651489257), 'dp_sell': 16.5, 'gst': np.float64(10.746881556317135), 'fees_total': np.float64(84.89769204317258)}",Time,10,1413_rsi_enabled=False_rsi_buy_below=40_rsi_sell_above=70_macd_enabled=True_macd_fast=12_macd_slow=26_macd_signal=9_adx_enabled=False_adx_length=14_adx_min_adx=20_sma_enabled=False_sma_length=50_bb_enabled=False_bb_length=20_bb_stddev=2.0_combination_mode=all
DIVISLAB.NS,2021-10-06,2021-10-21,9,5003.06884765625,5058.685546875,5005.570382080078,5056.156204101563,45050.1334387207,45505.40583691407,455.2723981933668,372.4872222288323,1.0105905653146392,0.8268282328963728,0.7449744444576646,82.78517596453453,"{'brokerage_entry': 20.0, 'brokerage_exit': 20.0, 'exchange_entry': np.float64(1.3379889631300048), 'exchange_exit': np.float64(1.3515105533563478), 'sebi_entry': np.float64(0.0450501334387207), 'sebi_exit': np.float64(0.045505405836914065), 'ipft_entry': np.float64(0.0450501334387207), 'ipft_exit': np.float64(0.045505405836914065), 'stamp_buy': np.float64(1.351504003161621), 'stt_sell': np.float64(11.376351459228518), 'dp_sell': 16.5, 'gst': np.float64(10.68670990710677), 'fees_total': np.float64(82.78517596453453)}",Time,10,1413_rsi_enabled=False_rsi_buy_below=40_rsi_sell_above=70_macd_enabled=True_macd_fast=12_macd_slow=26_macd_signal=9_adx_enabled=False_adx_length=14_adx_min_adx=20_sma_enabled=False_sma_length=50_bb_enabled=False_bb_length=20_bb_stddev=2.0_combination_mode=all
DIVISLAB.NS,2022-02-16,2022-02-22,11,4349.1162109375,4131.660400390625,4351.290769042968,4129.59457019043,47864.19845947265,45425.54027209473,-2438.6581873779214,-2521.6100943667225,-5.0949525237381135,-5.268259315993369,-5.043220188733446,82.95190698880086,"{'brokerage_entry': 20.0, 'brokerage_exit': 20.0, 'exchange_entry': np.float64(1.4215666942463379), 'exchange_exit': np.float64(1.3491385460812135), 'sebi_entry': np.float64(0.04786419845947265), 'sebi_exit': np.float64(0.04542554027209473), 'ipft_entry': np.float64(0.04786419845947265), 'ipft_exit': np.float64(0.04542554027209473), 'stamp_buy': np.float64(1.4359259537841795), 'stt_sell': np.float64(11.356385068023682), 'dp_sell': 16.5, 'gst': np.float64(10.702311249202321), 'fees_total': np.float64(82.95190698880086)}",HSL,4,1413_rsi_enabled=False_rsi_buy_below=40_rsi_sell_above=70_macd_enabled=True_macd_fast=12_macd_slow=26_macd_signal=9_adx_enabled=False_adx_length=14_adx_min_adx=20_sma_enabled=False_sma_length=50_bb_enabled=False_bb_length=20_bb_stddev=2.0_combination_mode=all
DIVISLAB.NS,2022-03-17,2022-04-01,11,4387.29833984375,4265.8876953125,4389.491989013672,4263.754751464844,48284.411879150386,46901.302266113285,-1383.1096130371006,-1466.5139877833212,-2.864505456748328,-3.037241069548109,-2.9330279755666426,83.40437474622057,"{'brokerage_entry': 20.0, 'brokerage_exit': 20.0, 'exchange_entry': np.float64(1.4340470328107664), 'exchange_exit': np.float64(1.3929686773035646), 'sebi_entry': np.float64(0.048284411879150384), 'sebi_exit': np.float64(0.04690130226611328), 'ipft_entry': np.float64(0.048284411879150384), 'ipft_exit': np.float64(0.04690130226611328), 'stamp_buy': np.float64(1.4485323563745116), 'stt_sell': np.float64(11.725325566528321), 'dp_sell': 16.5, 'gst': np.float64(10.713129684912875), 'fees_total': np.float64(83.40437474622057)}",Time,10,1413_rsi_enabled=False_rsi_buy_below=40_rsi_sell_above=70_macd_enabled=True_macd_fast=12_macd_slow=26_macd_signal=9_adx_enabled=False_adx_length=14_adx_min_adx=20_sma_enabled=False_sma_length=50_bb_enabled=False_bb_length=20_bb_stddev=2.0_combination_mode=all
DIVISLAB.NS,2022-07-22,2022-08-05,13,3698.085693359375,3810.53564453125,3699.9347362060544,3808.6303767089844,48099.1515706787,49512.194897216796,1413.0433265380925,1328.9010532406899,2.9377718325482594,2.762836785775634,2.6578021064813795,84.14227329740268,"{'brokerage_entry': 20.0, 'brokerage_exit': 20.0, 'exchange_entry': np.float64(1.4285448016491575), 'exchange_exit': np.float64(1.4705121884473389), 'sebi_entry': np.float64(0.0480991515706787), 'sebi_exit': np.float64(0.049512194897216796), 'ipft_entry': np.float64(0.0480991515706787), 'ipft_exit': np.float64(0.049512194897216796), 'stamp_buy': np.float64(1.4429745471203612), 'stt_sell': np.float64(12.378048724304199), 'dp_sell': 16.5, 'gst': np.float64(10.726970342945814), 'fees_total': np.float64(84.14227329740268)}",Time,10,1413_rsi_enabled=False_rsi_buy_below=40_rsi_sell_above=70_macd_enabled=True_macd_fast=12_macd_slow=26_macd_signal=9_adx_enabled=False_adx_length=14_adx_min_adx=20_sma_enabled=False_sma_length=50_bb_enabled=False_bb_length=20_bb_stddev=2.0_combination_mode=all
DIVISLAB.NS,2022-10-04,2022-10-11,13,3710.054931640625,3524.5521850585938,3711.909959106445,3522.7899089660646,48254.82946838379,45796.26881655884,-2458.560651824948,-2541.6454392955857,-5.094952523738124,-5.267131740587443,-5.083290878591171,83.08478747063779,"{'brokerage_entry': 20.0, 'brokerage_exit': 20.0, 'exchange_entry': np.float64(1.4331684352109986), 'exchange_exit': np.float64(1.3601491838517976), 'sebi_entry': np.float64(0.04825482946838379), 'sebi_exit': np.float64(0.045796268816558836), 'ipft_entry': np.float64(0.04825482946838379), 'ipft_exit': np.float64(0.045796268816558836), 'stamp_buy': np.float64(1.4476448840515137), 'stt_sell': np.float64(11.44906720413971), 'dp_sell': 16.5, 'gst': np.float64(10.706655566813883), 'fees_total': np.float64(83.08478747063779)}",HSL,4,1413_rsi_enabled=False_rsi_buy_below=40_rsi_sell_above=70_macd_enabled=True_macd_fast=12_macd_slow=26_macd_signal=9_adx_enabled=False_adx_length=14_adx_min_adx=20_sma_enabled=False_sma_length=50_bb_enabled=False_bb_length=20_bb_stddev=2.0_combination_mode=all
DIVISLAB.NS,2022-11-01,2022-11-07,13,3765.360595703125,3577.0925659179684,3767.2432760009765,3575.30401963501,48974.162588012696,46478.95225525513,-2495.210332757568,-2578.539814912849,-5.0949525237381295,-5.265102410437117,-5.157079629825699,83.32948215528145,"{'brokerage_entry': 20.0, 'brokerage_exit': 20.0, 'exchange_entry': np.float64(1.454532628863977), 'exchange_exit': np.float64(1.3804248819810774), 'sebi_entry': np.float64(0.048974162588012696), 'sebi_exit': np.float64(0.046478952255255127), 'ipft_entry': np.float64(0.048974162588012696), 'ipft_exit': np.float64(0.046478952255255127), 'stamp_buy': np.float64(1.469224877640381), 'stt_sell': np.float64(11.619738063813783), 'dp_sell': 16.5, 'gst': np.float64(10.714655473295686), 'fees_total': np.float64(83.32948215528145)}",HSL,4,1413_rsi_enabled=False_rsi_buy_below=40_rsi_sell_above=70_macd_enabled=True_macd_fast=12_macd_slow=26_macd_signal=9_adx_enabled=False_adx_length=14_adx_min_adx=20_sma_enabled=False_sma_length=50_bb_enabled=False_bb_length=20_bb_stddev=2.0_combination_mode=all
DIVISLAB.NS,2022-12-21,2023-01-04,14,3453.547607421875,3371.889404296875,3455.274381225586,3370.2034595947266,48373.8413371582,47182.84843432617,-1190.9929028320257,-1274.484223718314,-2.4620598032126275,-2.6346558149793315,-2.548968447436628,83.49132088628843,"{'brokerage_entry': 20.0, 'brokerage_exit': 20.0, 'exchange_entry': np.float64(1.4367030877135984), 'exchange_exit': np.float64(1.4013305984994873), 'sebi_entry': np.float64(0.0483738413371582), 'sebi_exit': np.float64(0.04718284843432617), 'ipft_entry': np.float64(0.0483738413371582), 'ipft_exit': np.float64(0.04718284843432617), 'stamp_buy': np.float64(1.451215240114746), 'stt_sell': np.float64(11.795712108581544), 'dp_sell': 16.5, 'gst': np.float64(10.715246471836089), 'fees_total': np.float64(83.49132088628843)}",Time,10,1413_rsi_enabled=False_rsi_buy_below=40_rsi_sell_above=70_macd_enabled=True_macd_fast=12_macd_slow=26_macd_signal=9_adx_enabled=False_adx_length=14_adx_min_adx=20_sma_enabled=False_sma_length=50_bb_enabled=False_bb_length=20_bb_stddev=2.0_combination_mode=all
DIVISLAB.NS,2023-04-12,2023-04-27,15,3152.579833984375,3178.441650390625,3154.156123901367,3176.8524295654297,47312.34185852051,47652.78644348145,340.4445849609401,256.88975250504944,0.7195682386193895,0.5429656246423702,0.513779505010099,83.55483245589068,"{'brokerage_entry': 20.0, 'brokerage_exit': 20.0, 'exchange_entry': np.float64(1.4051765531980591), 'exchange_exit': np.float64(1.415287757371399), 'sebi_entry': np.float64(0.047312341858520505), 'sebi_exit': np.float64(0.04765278644348145), 'ipft_entry': np.float64(0.047312341858520505), 'ipft_exit': np.float64(0.04765278644348145), 'stamp_buy': np.float64(1.4193702557556152), 'stt_sell': np.float64(11.913196610870362), 'dp_sell': 16.5, 'gst': np.float64(10.711871022091223), 'fees_total': np.float64(83.55483245589068)}",Time,10,1413_rsi_enabled=False_rsi_buy_below=40_rsi_sell_above=70_macd_enabled=True_macd_fast=12_macd_slow=26_macd_signal=9_adx_enabled=False_adx_length=14_adx_min_adx=20_sma_enabled=False_sma_length=50_bb_enabled=False_bb_length=20_bb_stddev=2.0_combination_mode=all
DIVISLAB.NS,2023-09-08,2023-09-25,13,3659.5732421875,3688.9580078125,3661.4030288085937,3687.113528808594,47598.239374511715,47932.47587451172,334.23650000000634,250.5820119155381,0.7022034940624,0.5264522705218415,0.5011640238310762,83.65448808446824,"{'brokerage_entry': 20.0, 'brokerage_exit': 20.0, 'exchange_entry': np.float64(1.413667709422998), 'exchange_exit': np.float64(1.4235945334729982), 'sebi_entry': np.float64(0.047598239374511714), 'sebi_exit': np.float64(0.04793247587451172), 'ipft_entry': np.float64(0.047598239374511714), 'ipft_exit': np.float64(0.04793247587451172), 'stamp_buy': np.float64(1.4279471812353515), 'stt_sell': np.float64(11.983118968627931), 'dp_sell': 16.5, 'gst': np.float64(10.715098261210926), 'fees_total': np.float64(83.65448808446824)}",Time,10,1413_rsi_enabled=False_rsi_buy_below=40_rsi_sell_above=70_macd_enabled=True_macd_fast=12_macd_slow=26_macd_signal=9_adx_enabled=False_adx_length=14_adx_min_adx=20_sma_enabled=False_sma_length=50_bb_enabled=False_bb_length=20_bb_stddev=2.0_combination_mode=all
DIVISLAB.NS,2023-11-17,2023-12-04,14,3562.662109375,3757.820068359375,3564.443440429687,3755.9411583251954,49902.20816601562,52583.17621655273,2680.9680505371143,2595.8216219497813,5.372443723568341,5.201817148679979,5.191643243899562,85.146428587333,"{'brokerage_entry': 20.0, 'brokerage_exit': 20.0, 'exchange_entry': np.float64(1.4820955825306639), 'exchange_exit': np.float64(1.561720333631616), 'sebi_entry': np.float64(0.049902208166015614), 'sebi_exit': np.float64(0.05258317621655273), 'ipft_entry': np.float64(0.049902208166015614), 'ipft_exit': np.float64(0.05258317621655273), 'stamp_buy': np.float64(1.4970662449804686), 'stt_sell': np.float64(13.145794054138184), 'dp_sell': 16.5, 'gst': np.float64(10.754781603286935), 'fees_total': np.float64(85.146428587333)}",Time,10,1413_rsi_enabled=False_rsi_buy_below=40_rsi_sell_above=70_macd_enabled=True_macd_fast=12_macd_slow=26_macd_signal=9_adx_enabled=False_adx_length=14_adx_min_adx=20_sma_enabled=False_sma_length=50_bb_enabled=False_bb_length=20_bb_stddev=2.0_combination_mode=all
DIVISLAB.NS,2023-12-26,2024-01-09,13,3822.5263671875,3942.3916015625,3824.4376303710937,3940.420405761719,49717.68919482422,51225.465274902344,1507.7760800781252,1423.0323034474604,3.032675300273388,2.8622253497566073,2.846064606894921,84.74377663066491,"{'brokerage_entry': 20.0, 'brokerage_exit': 20.0, 'exchange_entry': np.float64(1.4766153690862793), 'exchange_exit': np.float64(1.5213963186645996), 'sebi_entry': np.float64(0.049717689194824215), 'sebi_exit': np.float64(0.05122546527490234), 'ipft_entry': np.float64(0.049717689194824215), 'ipft_exit': np.float64(0.05122546527490234), 'stamp_buy': np.float64(1.4915306758447266), 'stt_sell': np.float64(12.806366318725587), 'dp_sell': 16.5, 'gst': np.float64(10.74598163940426), 'fees_total': np.float64(84.74377663066491)}",Time,10,1413_rsi_enabled=False_rsi_buy_below=40_rsi_sell_above=70_macd_enabled=True_macd_fast=12_macd_slow=26_macd_signal=9_adx_enabled=False_adx_length=14_adx_min_adx=20_sma_enabled=False_sma_length=50_bb_enabled=False_bb_length=20_bb_stddev=2.0_combination_mode=all
DIVISLAB.NS,2024-04-03,2024-04-19,13,3645.820556640625,3632.760498046875,3647.6434669189453,3630.944117797852,47419.36506994629,47202.27353137208,-217.09153857421188,-300.5241049226742,-0.4578119893718302,-0.6337581797634445,-0.6010482098453485,83.43256634846232,"{'brokerage_entry': 20.0, 'brokerage_exit': 20.0, 'exchange_entry': np.float64(1.4083551425774048), 'exchange_exit': np.float64(1.4019075238817507), 'sebi_entry': np.float64(0.04741936506994629), 'sebi_exit': np.float64(0.047202273531372074), 'ipft_entry': np.float64(0.04741936506994629), 'ipft_exit': np.float64(0.047202273531372074), 'stamp_buy': np.float64(1.4225809520983888), 'stt_sell': np.float64(11.80056838284302), 'dp_sell': 16.5, 'gst': np.float64(10.709911069859123), 'fees_total': np.float64(83.43256634846232)}",Time,10,1413_rsi_enabled=False_rsi_buy_below=40_rsi_sell_above=70_macd_enabled=True_macd_fast=12_macd_slow=26_macd_signal=9_adx_enabled=False_adx_length=14_adx_min_adx=20_sma_enabled=False_sma_length=50_bb_enabled=False_bb_length=20_bb_stddev=2.0_combination_mode=all
MUTHOOTFIN.NS,2015-01-21,2015-01-22,265,188.30419921875,178.88898925781248,188.39835131835937,178.79954476318358,49925.56309936524,47381.87936224365,-2543.683737121588,-2627.336856047849,-5.094952523738142,-5.262508208107228,-5.2546737120956974,83.6531189262608,"{'brokerage_entry': 20.0, 'brokerage_exit': 20.0, 'exchange_entry': np.float64(1.4827892240511475), 'exchange_exit': np.float64(1.4072418170586365), 'sebi_entry': np.float64(0.04992556309936524), 'sebi_exit': np.float64(0.04738187936224365), 'ipft_entry': np.float64(0.04992556309936524), 'ipft_exit': np.float64(0.04738187936224365), 'stamp_buy': np.float64(1.497766892980957), 'stt_sell': np.float64(11.845469840560913), 'dp_sell': 16.5, 'gst': np.float64(10.725236266685938), 'fees_total': np.float64(83.6531189262608)}",HSL,1,1413_rsi_enabled=False_rsi_buy_below=40_rsi_sell_above=70_macd_enabled=True_macd_fast=12_macd_slow=26_macd_signal=9_adx_enabled=False_adx_length=14_adx_min_adx=20_sma_enabled=False_sma_length=50_bb_enabled=False_bb_length=20_bb_stddev=2.0_combination_mode=all
MUTHOOTFIN.NS,2015-06-30,2015-07-09,305,163.6424102783203,160.79965627515415,163.72423148345948,160.7192564470166,49935.89060245514,49019.373216340064,-916.5173861150761,-1000.6418267356406,-1.8353880847175974,-2.0038529696042775,-2.001283653471281,84.12444062056451,"{'brokerage_entry': 20.0, 'brokerage_exit': 20.0, 'exchange_entry': np.float64(1.4830959508929176), 'exchange_exit': np.float64(1.4558753845252999), 'sebi_entry': np.float64(0.04993589060245514), 'sebi_exit': np.float64(0.04901937321634006), 'ipft_entry': np.float64(0.04993589060245514), 'ipft_exit': np.float64(0.04901937321634006), 'stamp_buy': np.float64(1.4980767180736543), 'stt_sell': np.float64(12.254843304085016), 'dp_sell': 16.5, 'gst': np.float64(10.734638735350044), 'fees_total': np.float64(84.12444062056451)}",TSL,7,1413_rsi_enabled=False_rsi_buy_below=40_rsi_sell_above=70_macd_enabled=True_macd_fast=12_macd_slow=26_macd_signal=9_adx_enabled=False_adx_length=14_adx_min_adx=20_sma_enabled=False_sma_length=50_bb_enabled=False_bb_length=20_bb_stddev=2.0_combination_mode=all
MUTHOOTFIN.NS,2015-10-08,2015-10-23,337,147.968505859375,152.60279846191406,148.04249011230468,152.52649706268312,49890.319167846676,51401.42951012421,1511.110342277534,1426.3043561739194,3.028864852906002,2.8588799990943823,2.8526087123478385,84.80598610361463,"{'brokerage_entry': 20.0, 'brokerage_exit': 20.0, 'exchange_entry': np.float64(1.4817424792850462), 'exchange_exit': np.float64(1.526622456450689), 'sebi_entry': np.float64(0.049890319167846676), 'sebi_exit': np.float64(0.051401429510124205), 'ipft_entry': np.float64(0.049890319167846676), 'ipft_exit': np.float64(0.051401429510124205), 'stamp_buy': np.float64(1.4967095750354003), 'stt_sell': np.float64(12.850357377531052), 'dp_sell': 16.5, 'gst': np.float64(10.7479707179565), 'fees_total': np.float64(84.80598610361463)}",Time,10,1413_rsi_enabled=False_rsi_buy_below=40_rsi_sell_above=70_macd_enabled=True_macd_fast=12_macd_slow=26_macd_signal=9_adx_enabled=False_adx_length=14_adx_min_adx=20_sma_enabled=False_sma_length=50_bb_enabled=False_bb_length=20_bb_stddev=2.0_combination_mode=all
MUTHOOTFIN.NS,2016-01-11,2016-01-18,320,155.80291748046875,148.0127716064453,155.88081893920898,147.9387652206421,49881.862060546875,47340.404870605475,-2541.4571899414004,-2625.095443137695,-5.09495252373812,-5.262625200220753,-5.25019088627539,83.63825319629446,"{'brokerage_entry': 20.0, 'brokerage_exit': 20.0, 'exchange_entry': np.float64(1.4814913031982422), 'exchange_exit': np.float64(1.4060100246569827), 'sebi_entry': np.float64(0.04988186206054687), 'sebi_exit': np.float64(0.04734040487060547), 'ipft_entry': np.float64(0.04988186206054687), 'ipft_exit': np.float64(0.04734040487060547), 'stamp_buy': np.float64(1.4964558618164063), 'stt_sell': np.float64(11.835101217651369), 'dp_sell': 16.5, 'gst': np.float64(10.724750255109154), 'fees_total': np.float64(83.63825319629446)}",HSL,5,1413_rsi_enabled=False_rsi_buy_below=40_rsi_sell_above=70_macd_enabled=True_macd_fast=12_macd_slow=26_macd_signal=9_adx_enabled=False_adx_length=14_adx_min_adx=20_sma_enabled=False_sma_length=50_bb_enabled=False_bb_length=20_bb_stddev=2.0_combination_mode=all
MUTHOOTFIN.NS,2016-02-01,2016-02-03,301,165.98855590820312,157.68912811279296,166.07155018615722,157.61028354873656,49987.536606033325,47440.695348169706,-2546.84125786362,-2630.515458243322,-5.094952523738137,-5.262342649479206,-5.261030916486644,83.67420037970234,"{'brokerage_entry': 20.0, 'brokerage_exit': 20.0, 'exchange_entry': np.float64(1.4846298371991897), 'exchange_exit': np.float64(1.4089886518406403), 'sebi_entry': np.float64(0.04998753660603332), 'sebi_exit': np.float64(0.047440695348169706), 'ipft_entry': np.float64(0.04998753660603332), 'ipft_exit': np.float64(0.047440695348169706), 'stamp_buy': np.float64(1.499626098181), 'stt_sell': np.float64(11.860173837042426), 'dp_sell': 16.5, 'gst': np.float64(10.725925491530681), 'fees_total': np.float64(83.67420037970234)}",HSL,2,1413_rsi_enabled=False_rsi_buy_below=40_rsi_sell_above=70_macd_enabled=True_macd_fast=12_macd_slow=26_macd_signal=9_adx_enabled=False_adx_length=14_adx_min_adx=20_sma_enabled=False_sma_length=50_bb_enabled=False_bb_length=20_bb_stddev=2.0_combination_mode=all
MUTHOOTFIN.NS,2016-04-18,2016-05-03,316,157.99130249023438,166.25755310058594,158.0702981414795,166.17442432403564,49950.21421270752,52511.11808639526,2560.903873687741,2475.7749191437806,5.126912695073563,4.956485088534284,4.951549838287561,85.12895454396028,"{'brokerage_entry': 20.0, 'brokerage_exit': 20.0, 'exchange_entry': np.float64(1.4835213621174133), 'exchange_exit': np.float64(1.5595802071659393), 'sebi_entry': np.float64(0.04995021421270752), 'sebi_exit': np.float64(0.05251111808639526), 'ipft_entry': np.float64(0.04995021421270752), 'ipft_exit': np.float64(0.05251111808639526), 'stamp_buy': np.float64(1.4985064263812256), 'stt_sell': np.float64(13.127779521598816), 'dp_sell': 16.5, 'gst': np.float64(10.754644362098679), 'fees_total': np.float64(85.12895454396028)}",Time,10,1413_rsi_enabled=False_rsi_buy_below=40_rsi_sell_above=70_macd_enabled=True_macd_fast=12_macd_slow=26_macd_signal=9_adx_enabled=False_adx_length=14_adx_min_adx=20_sma_enabled=False_sma_length=50_bb_enabled=False_bb_length=20_bb_stddev=2.0_combination_mode=all
MUTHOOTFIN.NS,2016-05-09,2016-05-11,274,182.28134155273438,173.16727447509766,182.37248222351073,173.08069083786012,49970.06012924194,47424.10928957367,-2545.950839668265,-2629.6190950958157,-5.0949525237381135,-5.262389295299228,-5.259238190191631,83.66825542755089,"{'brokerage_entry': 20.0, 'brokerage_exit': 20.0, 'exchange_entry': np.float64(1.4841107858384857), 'exchange_exit': np.float64(1.4084960459003382), 'sebi_entry': np.float64(0.04997006012924193), 'sebi_exit': np.float64(0.04742410928957367), 'ipft_entry': np.float64(0.04997006012924193), 'ipft_exit': np.float64(0.04742410928957367), 'stamp_buy': np.float64(1.499101803877258), 'stt_sell': np.float64(11.856027322393418), 'dp_sell': 16.5, 'gst': np.float64(10.72573113070376), 'fees_total': np.float64(83.66825542755089)}",HSL,2,1413_rsi_enabled=False_rsi_buy_below=40_rsi_sell_above=70_macd_enabled=True_macd_fast=12_macd_slow=26_macd_signal=9_adx_enabled=False_adx_length=14_adx_min_adx=20_sma_enabled=False_sma_length=50_bb_enabled=False_bb_length=20_bb_stddev=2.0_combination_mode=all
MUTHOOTFIN.NS,2016-10-24,2016-11-02,161,310.00543212890625,294.5051605224609,310.16043484497067,294.3579079421997,49935.83001004028,47391.62317869415,-2544.2068313461277,-2627.86344275508,-5.094952523738126,-5.262480752250863,-5.25572688551016,83.65661140895256,"{'brokerage_entry': 20.0, 'brokerage_exit': 20.0, 'exchange_entry': np.float64(1.4830941512981963), 'exchange_exit': np.float64(1.4075312084072162), 'sebi_entry': np.float64(0.049935830010040275), 'sebi_exit': np.float64(0.04739162317869415), 'ipft_entry': np.float64(0.049935830010040275), 'ipft_exit': np.float64(0.04739162317869415), 'stamp_buy': np.float64(1.4980749003012084), 'stt_sell': np.float64(11.847905794673538), 'dp_sell': 16.5, 'gst': np.float64(10.72535044789492), 'fees_total': np.float64(83.65661140895256)}",HSL,6,1413_rsi_enabled=False_rsi_buy_below=40_rsi_sell_above=70_macd_enabled=True_macd_fast=12_macd_slow=26_macd_signal=9_adx_enabled=False_adx_length=14_adx_min_adx=20_sma_enabled=False_sma_length=50_bb_enabled=False_bb_length=20_bb_stddev=2.0_combination_mode=all
MUTHOOTFIN.NS,2016-11-08,2016-11-09,162,306.78375244140625,291.44456481933594,306.9371443176269,291.29884253692626,49723.81737945556,47190.41249098205,-2533.4048884735093,-2616.989379800172,-5.094952523738129,-5.263050018523791,-5.233978759600345,83.58449132666279,"{'brokerage_entry': 20.0, 'brokerage_exit': 20.0, 'exchange_entry': np.float64(1.4767973761698303), 'exchange_exit': np.float64(1.401555250982167), 'sebi_entry': np.float64(0.04972381737945556), 'sebi_exit': np.float64(0.04719041249098205), 'ipft_entry': np.float64(0.04972381737945556), 'ipft_exit': np.float64(0.04719041249098205), 'stamp_buy': np.float64(1.491714521383667), 'stt_sell': np.float64(11.797603122745514), 'dp_sell': 16.5, 'gst': np.float64(10.722992595640719), 'fees_total': np.float64(83.58449132666279)}",HSL,1,1413_rsi_enabled=False_rsi_buy_below=40_rsi_sell_above=70_macd_enabled=True_macd_fast=12_macd_slow=26_macd_signal=9_adx_enabled=False_adx_length=14_adx_min_adx=20_sma_enabled=False_sma_length=50_bb_enabled=False_bb_length=20_bb_stddev=2.0_combination_mode=all
MUTHOOTFIN.NS,2017-01-16,2017-01-20,194,256.63519287109375,243.80343322753905,256.7635104675293,243.68153151092528,49812.12103070068,47274.21711311951,-2537.9039175811704,-2621.518447054979,-5.094952523738119,-5.26281232923059,-5.243036894109958,83.61452947380863,"{'brokerage_entry': 20.0, 'brokerage_exit': 20.0, 'exchange_entry': np.float64(1.47941999461181), 'exchange_exit': np.float64(1.4040442482596494), 'sebi_entry': np.float64(0.04981212103070067), 'sebi_exit': np.float64(0.04727421711311951), 'ipft_entry': np.float64(0.04981212103070067), 'ipft_exit': np.float64(0.04727421711311951), 'stamp_buy': np.float64(1.4943636309210204), 'stt_sell': np.float64(11.818554278279876), 'dp_sell': 16.5, 'gst': np.float64(10.723974645448637), 'fees_total': np.float64(83.61452947380863)}",HSL,4,1413_rsi_enabled=False_rsi_buy_below=40_rsi_sell_above=70_macd_enabled=True_macd_fast=12_macd_slow=26_macd_signal=9_adx_enabled=False_adx_length=14_adx_min_adx=20_sma_enabled=False_sma_length=50_bb_enabled=False_bb_length=20_bb_stddev=2.0_combination_mode=all
MUTHOOTFIN.NS,2017-08-31,2017-09-14,121,410.2825012207031,437.4192810058594,410.48764247131345,437.2005713653565,49669.004739028926,52901.26913520814,3232.264396179213,3147.0422650887003,6.507608544125635,6.336028437903883,6.2940845301774,85.2221310905126,"{'brokerage_entry': 20.0, 'brokerage_exit': 20.0, 'exchange_entry': np.float64(1.4751694407491591), 'exchange_exit': np.float64(1.5711676933156817), 'sebi_entry': np.float64(0.049669004739028924), 'sebi_exit': np.float64(0.05290126913520814), 'ipft_entry': np.float64(0.049669004739028924), 'ipft_exit': np.float64(0.05290126913520814), 'stamp_buy': np.float64(1.4900701421708678), 'stt_sell': np.float64(13.225317283802035), 'dp_sell': 16.5, 'gst': np.float64(10.755265982726394), 'fees_total': np.float64(85.2221310905126)}",Time,10,1413_rsi_enabled=False_rsi_buy_below=40_rsi_sell_above=70_macd_enabled=True_macd_fast=12_macd_slow=26_macd_signal=9_adx_enabled=False_adx_length=14_adx_min_adx=20_sma_enabled=False_sma_length=50_bb_enabled=False_bb_length=20_bb_stddev=2.0_combination_mode=all
MUTHOOTFIN.NS,2017-10-12,2017-10-25,117,426.73687744140625,419.93115234375,426.95024588012694,419.72118676757816,49953.17876797485,49107.37885180664,-845.7999161682092,-929.9508154625256,-1.6931853728404853,-1.8616449211010373,-1.8599016309250513,84.15089929431645,"{'brokerage_entry': 20.0, 'brokerage_exit': 20.0, 'exchange_entry': np.float64(1.4836094094088532), 'exchange_exit': np.float64(1.4584891518986574), 'sebi_entry': np.float64(0.04995317876797485), 'sebi_exit': np.float64(0.04910737885180664), 'ipft_entry': np.float64(0.04995317876797485), 'ipft_exit': np.float64(0.04910737885180664), 'stamp_buy': np.float64(1.4985953630392457), 'stt_sell': np.float64(12.276844712951661), 'dp_sell': 16.5, 'gst': np.float64(10.735239541778473), 'fees_total': np.float64(84.15089929431645)}",MACD_cross_down,8,1413_rsi_enabled=False_rsi_buy_below=40_rsi_sell_above=70_macd_enabled=True_macd_fast=12_macd_slow=26_macd_signal=9_adx_enabled=False_adx_length=14_adx_min_adx=20_sma_enabled=False_sma_length=50_bb_enabled=False_bb_length=20_bb_stddev=2.0_combination_mode=all
MUTHOOTFIN.NS,2017-12-21,2018-01-05,122,406.7934875488281,406.3196716308594,406.99688429260254,406.11651179504395,49653.61988369751,49546.21443899536,-107.40544470214809,-191.66227591108253,-0.2163093948713534,-0.385998596597808,-0.38332455182216507,84.25683120893443,"{'brokerage_entry': 20.0, 'brokerage_exit': 20.0, 'exchange_entry': np.float64(1.474712510545816), 'exchange_exit': np.float64(1.4715225688381621), 'sebi_entry': np.float64(0.04965361988369751), 'sebi_exit': np.float64(0.04954621443899536), 'ipft_entry': np.float64(0.04965361988369751), 'ipft_exit': np.float64(0.04954621443899536), 'stamp_buy': np.float64(1.4896085965109254), 'stt_sell': np.float64(12.386553609748841), 'dp_sell': 16.5, 'gst': np.float64(10.736034254645286), 'fees_total': np.float64(84.25683120893443)}",Time,10,1413_rsi_enabled=False_rsi_buy_below=40_rsi_sell_above=70_macd_enabled=True_macd_fast=12_macd_slow=26_macd_signal=9_adx_enabled=False_adx_length=14_adx_min_adx=20_sma_enabled=False_sma_length=50_bb_enabled=False_bb_length=20_bb_stddev=2.0_combination_mode=all
MUTHOOTFIN.NS,2018-04-05,2018-04-19,130,381.8907470703125,377.83135986328125,382.08169244384766,377.64244418334965,49670.620017700196,49093.51774383546,-577.1022738647371,-661.2301432383349,-1.1618584057519028,-1.3312298960687519,-1.3224602864766697,84.12786937359787,"{'brokerage_entry': 20.0, 'brokerage_exit': 20.0, 'exchange_entry': np.float64(1.4752174145256958), 'exchange_exit': np.float64(1.4580774769919131), 'sebi_entry': np.float64(0.049670620017700194), 'sebi_exit': np.float64(0.049093517743835455), 'ipft_entry': np.float64(0.049670620017700194), 'ipft_exit': np.float64(0.049093517743835455), 'stamp_buy': np.float64(1.4901186005310059), 'stt_sell': np.float64(12.273379435958866), 'dp_sell': 16.5, 'gst': np.float64(10.733548170067321), 'fees_total': np.float64(84.12786937359787)}",Time,10,1413_rsi_enabled=False_rsi_buy_below=40_rsi_sell_above=70_macd_enabled=True_macd_fast=12_macd_slow=26_macd_signal=9_adx_enabled=False_adx_length=14_adx_min_adx=20_sma_enabled=False_sma_length=50_bb_enabled=False_bb_length=20_bb_stddev=2.0_combination_mode=all
MUTHOOTFIN.NS,2018-07-10,2018-07-13,135,369.4478759765625,350.97548217773436,369.6325999145508,350.79999443664553,49900.40098846435,47357.99924894715,-2542.401739517205,-2626.0462990783763,-5.094952523738117,-5.262575544604237,-5.252092598156753,83.64455956117132,"{'brokerage_entry': 20.0, 'brokerage_exit': 20.0, 'exchange_entry': np.float64(1.4820419093573913), 'exchange_exit': np.float64(1.4065325776937303), 'sebi_entry': np.float64(0.04990040098846435), 'sebi_exit': np.float64(0.047357999248947145), 'ipft_entry': np.float64(0.04990040098846435), 'ipft_exit': np.float64(0.047357999248947145), 'stamp_buy': np.float64(1.4970120296539307), 'stt_sell': np.float64(11.839499812236788), 'dp_sell': 16.5, 'gst': np.float64(10.724956431754668), 'fees_total': np.float64(83.64455956117132)}",HSL,3,1413_rsi_enabled=False_rsi_buy_below=40_rsi_sell_above=70_macd_enabled=True_macd_fast=12_macd_slow=26_macd_signal=9_adx_enabled=False_adx_length=14_adx_min_adx=20_sma_enabled=False_sma_length=50_bb_enabled=False_bb_length=20_bb_stddev=2.0_combination_mode=all
MUTHOOTFIN.NS,2018-07-24,2018-07-25,138,361.505615234375,347.0330505371094,361.6863680419922,346.8595340118408,49912.71878979492,47866.615693634034,-2046.103096160885,-2129.8946654336746,-4.0993621380914,-4.26723832537279,-4.259789330867349,83.79156927278952,"{'brokerage_entry': 20.0, 'brokerage_exit': 20.0, 'exchange_entry': np.float64(1.4824077480569091), 'exchange_exit': np.float64(1.4216384861009308), 'sebi_entry': np.float64(0.04991271878979492), 'sebi_exit': np.float64(0.04786661569363403), 'ipft_entry': np.float64(0.04991271878979492), 'ipft_exit': np.float64(0.04786661569363403), 'stamp_buy': np.float64(1.4973815636938477), 'stt_sell': np.float64(11.966653923408508), 'dp_sell': 16.5, 'gst': np.float64(10.727928882562447), 'fees_total': np.float64(83.79156927278952)}",MACD_cross_down,1,1413_rsi_enabled=False_rsi_buy_below=40_rsi_sell_above=70_macd_enabled=True_macd_fast=12_macd_slow=26_macd_signal=9_adx_enabled=False_adx_length=14_adx_min_adx=20_sma_enabled=False_sma_length=50_bb_enabled=False_bb_length=20_bb_stddev=2.0_combination_mode=all
MUTHOOTFIN.NS,2018-09-05,2018-09-21,129,385.46478271484375,366.19154357910156,385.6575151062012,366.00844780731205,49749.81944869995,47215.089767143254,-2534.729681556695,-2618.32301797607,-5.094952523738118,-5.262979940411605,-5.236646035952139,83.59333641937464,"{'brokerage_entry': 20.0, 'brokerage_exit': 20.0, 'exchange_entry': np.float64(1.4775696376263885), 'exchange_exit': np.float64(1.4022881660841546), 'sebi_entry': np.float64(0.049749819448699946), 'sebi_exit': np.float64(0.04721508976714325), 'ipft_entry': np.float64(0.049749819448699946), 'ipft_exit': np.float64(0.04721508976714325), 'stamp_buy': np.float64(1.4924945834609986), 'stt_sell': np.float64(11.803772441785814), 'dp_sell': 16.5, 'gst': np.float64(10.7232817719856), 'fees_total': np.float64(83.59333641937464)}",HSL,10,1413_rsi_enabled=False_rsi_buy_below=40_rsi_sell_above=70_macd_enabled=True_macd_fast=12_macd_slow=26_macd_signal=9_adx_enabled=False_adx_length=14_adx_min_adx=20_sma_enabled=False_sma_length=50_bb_enabled=False_bb_length=20_bb_stddev=2.0_combination_mode=all
MUTHOOTFIN.NS,2018-11-09,2018-11-26,122,406.6441345214844,405.0997619628906,406.8474565887451,404.8972120819092,49635.389703826906,49397.45987399292,-237.92982983398542,-322.1426792649064,-0.4793552166180352,-0.6490181323993294,-0.6442853585298127,84.21284943092098,"{'brokerage_entry': 20.0, 'brokerage_exit': 20.0, 'exchange_entry': np.float64(1.4741710742036591), 'exchange_exit': np.float64(1.4671045582575897), 'sebi_entry': np.float64(0.0496353897038269), 'sebi_exit': np.float64(0.04939745987399292), 'ipft_entry': np.float64(0.0496353897038269), 'ipft_exit': np.float64(0.04939745987399292), 'stamp_buy': np.float64(1.4890616911148071), 'stt_sell': np.float64(12.34936496849823), 'dp_sell': 16.5, 'gst': np.float64(10.735081439691042), 'fees_total': np.float64(84.21284943092098)}",Time,10,1413_rsi_enabled=False_rsi_buy_below=40_rsi_sell_above=70_macd_enabled=True_macd_fast=12_macd_slow=26_macd_signal=9_adx_enabled=False_adx_length=14_adx_min_adx=20_sma_enabled=False_sma_length=50_bb_enabled=False_bb_length=20_bb_stddev=2.0_combination_mode=all
MUTHOOTFIN.NS,2019-03-05,2019-03-19,99,502.61322021484375,527.4108276367188,502.86452682495116,527.1471222229004,49783.588155670164,52187.56510006714,2403.976944396978,2318.952212518607,4.82885431415649,4.658065636545499,4.637904425037214,85.024731878371,"{'brokerage_entry': 20.0, 'brokerage_exit': 20.0, 'exchange_entry': np.float64(1.4785725682234039), 'exchange_exit': np.float64(1.5499706834719942), 'sebi_entry': np.float64(0.04978358815567016), 'sebi_exit': np.float64(0.05218756510006714), 'ipft_entry': np.float64(0.04978358815567016), 'ipft_exit': np.float64(0.05218756510006714), 'stamp_buy': np.float64(1.493507644670105), 'stt_sell': np.float64(13.046891275016787), 'dp_sell': 16.5, 'gst': np.float64(10.751847400477239), 'fees_total': np.float64(85.024731878371)}",Time,10,1413_rsi_enabled=False_rsi_buy_below=40_rsi_sell_above=70_macd_enabled=True_macd_fast=12_macd_slow=26_macd_signal=9_adx_enabled=False_adx_length=14_adx_min_adx=20_sma_enabled=False_sma_length=50_bb_enabled=False_bb_length=20_bb_stddev=2.0_combination_mode=all
MUTHOOTFIN.NS,2019-05-20,2019-06-03,89,556.3561401367188,578.2755737304688,556.634318206787,577.9864359436035,49540.454320404046,51440.792798980714,1900.3384785766684,1815.5447622175634,3.8359326829870892,3.664772128401337,3.631089524435127,84.79371635910502,"{'brokerage_entry': 20.0, 'brokerage_exit': 20.0, 'exchange_entry': np.float64(1.4713514933160001), 'exchange_exit': np.float64(1.5277915461297271), 'sebi_entry': np.float64(0.04954045432040404), 'sebi_exit': np.float64(0.051440792798980714), 'ipft_entry': np.float64(0.04954045432040404), 'ipft_exit': np.float64(0.051440792798980714), 'stamp_buy': np.float64(1.4862136296121213), 'stt_sell': np.float64(12.860198199745179), 'dp_sell': 16.5, 'gst': np.float64(10.746198996063208), 'fees_total': np.float64(84.79371635910502)}",Time,10,1413_rsi_enabled=False_rsi_buy_below=40_rsi_sell_above=70_macd_enabled=True_macd_fast=12_macd_slow=26_macd_signal=9_adx_enabled=False_adx_length=14_adx_min_adx=20_sma_enabled=False_sma_length=50_bb_enabled=False_bb_length=20_bb_stddev=2.0_combination_mode=all
MUTHOOTFIN.NS,2019-08-09,2019-08-13,85,583.5416259765625,554.3645446777343,583.8333967895508,554.0873624053955,49625.83872711181,47097.425804458624,-2528.4129226531877,-2611.964084699184,-5.09495252373811,-5.263314740254866,-5.223928169398367,83.55116204599592,"{'brokerage_entry': 20.0, 'brokerage_exit': 20.0, 'exchange_entry': np.float64(1.4738874101952208), 'exchange_exit': np.float64(1.398793546392421), 'sebi_entry': np.float64(0.04962583872711181), 'sebi_exit': np.float64(0.04709742580445862), 'ipft_entry': np.float64(0.04962583872711181), 'ipft_exit': np.float64(0.04709742580445862), 'stamp_buy': np.float64(1.4887751618133545), 'stt_sell': np.float64(11.774356451114656), 'dp_sell': 16.5, 'gst': np.float64(10.721902947417139), 'fees_total': np.float64(83.55116204599592)}",HSL,1,1413_rsi_enabled=False_rsi_buy_below=40_rsi_sell_above=70_macd_enabled=True_macd_fast=12_macd_slow=26_macd_signal=9_adx_enabled=False_adx_length=14_adx_min_adx=20_sma_enabled=False_sma_length=50_bb_enabled=False_bb_length=20_bb_stddev=2.0_combination_mode=all
MUTHOOTFIN.NS,2019-08-27,2019-08-29,87,572.0643920898438,543.4611724853515,572.3504242858886,543.1894418991089,49794.48691287231,47257.481445222475,-2537.005467649833,-2620.6139985469276,-5.094952523738115,-5.262859728090653,-5.241227997093855,83.60853089709468,"{'brokerage_entry': 20.0, 'brokerage_exit': 20.0, 'exchange_entry': np.float64(1.4788962613123076), 'exchange_exit': np.float64(1.4035471989231074), 'sebi_entry': np.float64(0.049794486912872304), 'sebi_exit': np.float64(0.047257481445222474), 'ipft_entry': np.float64(0.049794486912872304), 'ipft_exit': np.float64(0.047257481445222474), 'stamp_buy': np.float64(1.4938346073861692), 'stt_sell': np.float64(11.814370361305619), 'dp_sell': 16.5, 'gst': np.float64(10.723778531451288), 'fees_total': np.float64(83.60853089709468)}",HSL,2,1413_rsi_enabled=False_rsi_buy_below=40_rsi_sell_above=70_macd_enabled=True_macd_fast=12_macd_slow=26_macd_signal=9_adx_enabled=False_adx_length=14_adx_min_adx=20_sma_enabled=False_sma_length=50_bb_enabled=False_bb_length=20_bb_stddev=2.0_combination_mode=all
MUTHOOTFIN.NS,2019-09-23,2019-10-09,86,580.6610107421875,617.6134643554688,580.9513412475586,617.3046576232911,49961.81534729004,53088.200555603034,3126.385208312997,3041.089614818814,6.257549263534864,6.086827697672447,6.082179229637628,85.29559349418305,"{'brokerage_entry': 20.0, 'brokerage_exit': 20.0, 'exchange_entry': np.float64(1.4838659158145142), 'exchange_exit': np.float64(1.57671955650141), 'sebi_entry': np.float64(0.04996181534729004), 'sebi_exit': np.float64(0.05308820055560303), 'ipft_entry': np.float64(0.04996181534729004), 'ipft_exit': np.float64(0.05308820055560303), 'stamp_buy': np.float64(1.498854460418701), 'stt_sell': np.float64(13.27205013890076), 'dp_sell': 16.5, 'gst': np.float64(10.758003390741905), 'fees_total': np.float64(85.29559349418305)}",Time,10,1413_rsi_enabled=False_rsi_buy_below=40_rsi_sell_above=70_macd_enabled=True_macd_fast=12_macd_slow=26_macd_signal=9_adx_enabled=False_adx_length=14_adx_min_adx=20_sma_enabled=False_sma_length=50_bb_enabled=False_bb_length=20_bb_stddev=2.0_combination_mode=all
MUTHOOTFIN.NS,2019-12-13,2019-12-30,77,645.4290161132812,689.22265625,645.7517306213379,688.878044921875,49722.883257843016,53043.60945898438,3320.7262011413623,3235.459528852315,6.678466700978304,6.506982935954285,6.47091905770463,85.26667228904702,"{'brokerage_entry': 20.0, 'brokerage_exit': 20.0, 'exchange_entry': np.float64(1.4767696327579376), 'exchange_exit': np.float64(1.575395200931836), 'sebi_entry': np.float64(0.04972288325784301), 'sebi_exit': np.float64(0.05304360945898438), 'ipft_entry': np.float64(0.04972288325784301), 'ipft_exit': np.float64(0.05304360945898438), 'stamp_buy': np.float64(1.4916864977352906), 'stt_sell': np.float64(13.260902364746094), 'dp_sell': 16.5, 'gst': np.float64(10.756385607442216), 'fees_total': np.float64(85.26667228904702)}",Time,10,1413_rsi_enabled=False_rsi_buy_below=40_rsi_sell_above=70_macd_enabled=True_macd_fast=12_macd_slow=26_macd_signal=9_adx_enabled=False_adx_length=14_adx_min_adx=20_sma_enabled=False_sma_length=50_bb_enabled=False_bb_length=20_bb_stddev=2.0_combination_mode=all
MUTHOOTFIN.NS,2020-02-17,2020-03-02,63,786.667236328125,773.29956520854,787.060569946289,772.9129154259358,49584.815906616204,48693.513671833956,-891.302234782248,-975.3093568736165,-1.797530591745768,-1.9669516545355954,-1.950618713747233,84.00712209136847,"{'brokerage_entry': 20.0, 'brokerage_exit': 20.0, 'exchange_entry': np.float64(1.4726690324265013), 'exchange_exit': np.float64(1.4461973560534684), 'sebi_entry': np.float64(0.0495848159066162), 'sebi_exit': np.float64(0.04869351367183396), 'ipft_entry': np.float64(0.0495848159066162), 'ipft_exit': np.float64(0.04869351367183396), 'stamp_buy': np.float64(1.4875444771984863), 'stt_sell': np.float64(12.173378417958489), 'dp_sell': 16.5, 'gst': np.float64(10.730776148574636), 'fees_total': np.float64(84.00712209136847)}",TSL,9,1413_rsi_enabled=False_rsi_buy_below=40_rsi_sell_above=70_macd_enabled=True_macd_fast=12_macd_slow=26_macd_signal=9_adx_enabled=False_adx_length=14_adx_min_adx=20_sma_enabled=False_sma_length=50_bb_enabled=False_bb_length=20_bb_stddev=2.0_combination_mode=all
MUTHOOTFIN.NS,2020-04-09,2020-04-15,73,677.881103515625,643.9870483398437,678.2200440673828,643.6650548156738,49510.06321691894,46987.54900154418,-2522.5142153747584,-2606.025994204296,-5.094952523738137,-5.263628896587119,-5.212051988408591,83.51177882953743,"{'brokerage_entry': 20.0, 'brokerage_exit': 20.0, 'exchange_entry': np.float64(1.4704488775424926), 'exchange_exit': np.float64(1.3955302053458623), 'sebi_entry': np.float64(0.04951006321691894), 'sebi_exit': np.float64(0.04698754900154418), 'ipft_entry': np.float64(0.04951006321691894), 'ipft_exit': np.float64(0.04698754900154418), 'stamp_buy': np.float64(1.4853018965075682), 'stt_sell': np.float64(11.746887250386045), 'dp_sell': 16.5, 'gst': np.float64(10.720615375318552), 'fees_total': np.float64(83.51177882953743)}",HSL,2,1413_rsi_enabled=False_rsi_buy_below=40_rsi_sell_above=70_macd_enabled=True_macd_fast=12_macd_slow=26_macd_signal=9_adx_enabled=False_adx_length=14_adx_min_adx=20_sma_enabled=False_sma_length=50_bb_enabled=False_bb_length=20_bb_stddev=2.0_combination_mode=all
MUTHOOTFIN.NS,2020-10-01,2020-10-16,46,1064.161376953125,1093.0308837890625,1064.6934576416015,1092.4843683471681,48975.89905151367,50254.28094396973,1278.381892456062,1193.967241135613,2.6102264934665897,2.437866918746664,2.387934482271226,84.41465132044888,"{'brokerage_entry': 20.0, 'brokerage_exit': 20.0, 'exchange_entry': np.float64(1.454584201829956), 'exchange_exit': np.float64(1.492552144035901), 'sebi_entry': np.float64(0.048975899051513665), 'sebi_exit': np.float64(0.05025428094396973), 'ipft_entry': np.float64(0.048975899051513665), 'ipft_exit': np.float64(0.05025428094396973), 'stamp_buy': np.float64(1.4692769715454101), 'stt_sell': np.float64(12.563570235992433), 'dp_sell': 16.5, 'gst': np.float64(10.736207407054227), 'fees_total': np.float64(84.41465132044888)}",Time,10,1413_rsi_enabled=False_rsi_buy_below=40_rsi_sell_above=70_macd_enabled=True_macd_fast=12_macd_slow=26_macd_signal=9_adx_enabled=False_adx_length=14_adx_min_adx=20_sma_enabled=False_sma_length=50_bb_enabled=False_bb_length=20_bb_stddev=2.0_combination_mode=all
MUTHOOTFIN.NS,2020-12-08,2020-12-22,45,1102.3927001953125,1091.0478515625,1102.94389654541,1090.5023276367187,49632.475344543454,49072.604743652344,-559.8706008911104,-643.9898885631388,-1.1280327990988706,-1.2975171681295934,-1.2879797771262775,84.11928767202843,"{'brokerage_entry': 20.0, 'brokerage_exit': 20.0, 'exchange_entry': np.float64(1.4740845177329407), 'exchange_exit': np.float64(1.4574563608864746), 'sebi_entry': np.float64(0.04963247534454345), 'sebi_exit': np.float64(0.04907260474365234), 'ipft_entry': np.float64(0.04963247534454345), 'ipft_exit': np.float64(0.04907260474365234), 'stamp_buy': np.float64(1.4889742603363036), 'stt_sell': np.float64(12.268151185913085), 'dp_sell': 16.5, 'gst': np.float64(10.733211186983244), 'fees_total': np.float64(84.11928767202843)}",Time,10,1413_rsi_enabled=False_rsi_buy_below=40_rsi_sell_above=70_macd_enabled=True_macd_fast=12_macd_slow=26_macd_signal=9_adx_enabled=False_adx_length=14_adx_min_adx=20_sma_enabled=False_sma_length=50_bb_enabled=False_bb_length=20_bb_stddev=2.0_combination_mode=all
MUTHOOTFIN.NS,2021-02-10,2021-02-24,42,1169.4476318359375,1193.0596923828125,1170.0323556518554,1192.4631625366212,49141.358937377925,50083.452826538094,942.093889160169,857.7171818765721,1.9171099650717904,1.7454079423598823,1.7154343637531444,84.3767072835969,"{'brokerage_entry': 20.0, 'brokerage_exit': 20.0, 'exchange_entry': np.float64(1.4594983604401244), 'exchange_exit': np.float64(1.4874785489481814), 'sebi_entry': np.float64(0.04914135893737792), 'sebi_exit': np.float64(0.05008345282653809), 'ipft_entry': np.float64(0.04914135893737792), 'ipft_exit': np.float64(0.05008345282653809), 'stamp_buy': np.float64(1.4742407681213379), 'stt_sell': np.float64(12.520863206634523), 'dp_sell': 16.5, 'gst': np.float64(10.736176775924905), 'fees_total': np.float64(84.3767072835969)}",Time,10,1413_rsi_enabled=False_rsi_buy_below=40_rsi_sell_above=70_macd_enabled=True_macd_fast=12_macd_slow=26_macd_signal=9_adx_enabled=False_adx_length=14_adx_min_adx=20_sma_enabled=False_sma_length=50_bb_enabled=False_bb_length=20_bb_stddev=2.0_combination_mode=all
MUTHOOTFIN.NS,2021-05-18,2021-06-01,41,1190.6697998046875,1228.78466796875,1191.2651347045899,1228.1702756347656,48841.87052288818,50354.98130102539,1513.110778137212,1428.6762192569438,3.0979787668618077,2.9251054555485143,2.8573524385138875,84.4345588802683,"{'brokerage_entry': 20.0, 'brokerage_exit': 20.0, 'exchange_entry': np.float64(1.450603554529779), 'exchange_exit': np.float64(1.4955429446404542), 'sebi_entry': np.float64(0.04884187052288818), 'sebi_exit': np.float64(0.05035498130102539), 'ipft_entry': np.float64(0.04884187052288818), 'ipft_exit': np.float64(0.05035498130102539), 'stamp_buy': np.float64(1.4652561156866455), 'stt_sell': np.float64(12.58874532525635), 'dp_sell': 16.5, 'gst': np.float64(10.73601723650725), 'fees_total': np.float64(84.4345588802683)}",Time,10,1413_rsi_enabled=False_rsi_buy_below=40_rsi_sell_above=70_macd_enabled=True_macd_fast=12_macd_slow=26_macd_signal=9_adx_enabled=False_adx_length=14_adx_min_adx=20_sma_enabled=False_sma_length=50_bb_enabled=False_bb_length=20_bb_stddev=2.0_combination_mode=all
MUTHOOTFIN.NS,2021-11-08,2021-11-22,32,1557.831298828125,1479.9397338867186,1558.6102144775389,1479.1997640197753,49875.526863281244,47334.39244863281,-2541.1344146484334,-2624.7705128082716,-5.094952523738123,-5.262642177201036,-5.249541025616543,83.63609815983811,"{'brokerage_entry': 20.0, 'brokerage_exit': 20.0, 'exchange_entry': np.float64(1.481303147839453), 'exchange_exit': np.float64(1.4058314557243945), 'sebi_entry': np.float64(0.04987552686328124), 'sebi_exit': np.float64(0.04733439244863281), 'ipft_entry': np.float64(0.04987552686328124), 'ipft_exit': np.float64(0.04733439244863281), 'stamp_buy': np.float64(1.4962658058984373), 'stt_sell': np.float64(11.833598112158203), 'dp_sell': 16.5, 'gst': np.float64(10.724679799593781), 'fees_total': np.float64(83.63609815983811)}",HSL,9,1413_rsi_enabled=False_rsi_buy_below=40_rsi_sell_above=70_macd_enabled=True_macd_fast=12_macd_slow=26_macd_signal=9_adx_enabled=False_adx_length=14_adx_min_adx=20_sma_enabled=False_sma_length=50_bb_enabled=False_bb_length=20_bb_stddev=2.0_combination_mode=all
MUTHOOTFIN.NS,2022-01-03,2022-01-14,34,1446.1151123046875,1393.9652099609375,1446.8381698608398,1393.2682273559572,49192.49777526855,47371.119730102546,-1821.378045166006,-1904.9786587081956,-3.7025524775887693,-3.872498337878506,-3.809957317416391,83.60061354218959,"{'brokerage_entry': 20.0, 'brokerage_exit': 20.0, 'exchange_entry': np.float64(1.461017183925476), 'exchange_exit': np.float64(1.4069222559840455), 'sebi_entry': np.float64(0.04919249777526855), 'sebi_exit': np.float64(0.047371119730102544), 'ipft_entry': np.float64(0.04919249777526855), 'ipft_exit': np.float64(0.047371119730102544), 'stamp_buy': np.float64(1.4757749332580565), 'stt_sell': np.float64(11.842779932525637), 'dp_sell': 16.5, 'gst': np.float64(10.720992001485646), 'fees_total': np.float64(83.60061354218959)}",MACD_cross_down,9,1413_rsi_enabled=False_rsi_buy_below=40_rsi_sell_above=70_macd_enabled=True_macd_fast=12_macd_slow=26_macd_signal=9_adx_enabled=False_adx_length=14_adx_min_adx=20_sma_enabled=False_sma_length=50_bb_enabled=False_bb_length=20_bb_stddev=2.0_combination_mode=all
MUTHOOTFIN.NS,2022-07-06,2022-07-13,49,1006.0878295898438,955.7834381103515,1006.5908735046386,955.3055463912964,49322.95280172729,46809.97177317352,-2512.981028553768,-2596.4291582577616,-5.094952523738123,-5.264139737730452,-5.192858316515523,83.44812970399393,"{'brokerage_entry': 20.0, 'brokerage_exit': 20.0, 'exchange_entry': np.float64(1.4648916982113005), 'exchange_exit': np.float64(1.3902561616632536), 'sebi_entry': np.float64(0.049322952801727285), 'sebi_exit': np.float64(0.04680997177317352), 'ipft_entry': np.float64(0.049322952801727285), 'ipft_exit': np.float64(0.04680997177317352), 'stamp_buy': np.float64(1.4796885840518188), 'stt_sell': np.float64(11.70249294329338), 'dp_sell': 16.5, 'gst': np.float64(10.718534467624382), 'fees_total': np.float64(83.44812970399393)}",HSL,5,1413_rsi_enabled=False_rsi_buy_below=40_rsi_sell_above=70_macd_enabled=True_macd_fast=12_macd_slow=26_macd_signal=9_adx_enabled=False_adx_length=14_adx_min_adx=20_sma_enabled=False_sma_length=50_bb_enabled=False_bb_length=20_bb_stddev=2.0_combination_mode=all
MUTHOOTFIN.NS,2022-07-19,2022-08-02,50,988.5466918945312,1060.9515380859375,989.0409652404785,1060.4210623168947,49452.04826202393,53021.053115844734,3569.0048538208066,3483.762920263844,7.2171021813096035,7.044729273507475,6.9675258405276885,85.24193355696245,"{'brokerage_entry': 20.0, 'brokerage_exit': 20.0, 'exchange_entry': np.float64(1.4687258333821107), 'exchange_exit': np.float64(1.5747252775405887), 'sebi_entry': np.float64(0.04945204826202392), 'sebi_exit': np.float64(0.05302105311584473), 'ipft_entry': np.float64(0.04945204826202392), 'ipft_exit': np.float64(0.05302105311584473), 'stamp_buy': np.float64(1.4835614478607178), 'stt_sell': np.float64(13.255263278961184), 'dp_sell': 16.5, 'gst': np.float64(10.754711516462118), 'fees_total': np.float64(85.24193355696245)}",Time,10,1413_rsi_enabled=False_rsi_buy_below=40_rsi_sell_above=70_macd_enabled=True_macd_fast=12_macd_slow=26_macd_signal=9_adx_enabled=False_adx_length=14_adx_min_adx=20_sma_enabled=False_sma_length=50_bb_enabled=False_bb_length=20_bb_stddev=2.0_combination_mode=all
MUTHOOTFIN.NS,2022-10-07,2022-10-14,49,1008.9954833984375,967.7166748046875,1009.4999811401367,967.2328164672853,49465.4990758667,47394.40800689698,-2071.0910689697193,-2154.7167776280576,-4.186940610450985,-4.3559992679408825,-4.309433555256115,83.62570865833808,"{'brokerage_entry': 20.0, 'brokerage_exit': 20.0, 'exchange_entry': np.float64(1.469125322553241), 'exchange_exit': np.float64(1.4076139178048404), 'sebi_entry': np.float64(0.0494654990758667), 'sebi_exit': np.float64(0.047394408006896975), 'ipft_entry': np.float64(0.0494654990758667), 'ipft_exit': np.float64(0.047394408006896975), 'stamp_buy': np.float64(1.4839649722760009), 'stt_sell': np.float64(11.848602001724245), 'dp_sell': 16.5, 'gst': np.float64(10.722682629814248), 'fees_total': np.float64(83.62570865833808)}",MACD_cross_down,5,1413_rsi_enabled=False_rsi_buy_below=40_rsi_sell_above=70_macd_enabled=True_macd_fast=12_macd_slow=26_macd_signal=9_adx_enabled=False_adx_length=14_adx_min_adx=20_sma_enabled=False_sma_length=50_bb_enabled=False_bb_length=20_bb_stddev=2.0_combination_mode=all
MUTHOOTFIN.NS,2022-10-19,2022-11-03,49,1000.8446044921875,1008.8525390625,1001.3450267944336,1008.3481127929688,49065.90631292725,49409.05752685547,343.1512139282204,258.97341785972776,0.6993679312468164,0.527807264392662,0.5179468357194555,84.1777960684926,"{'brokerage_entry': 20.0, 'brokerage_exit': 20.0, 'exchange_entry': np.float64(1.4572574174939392), 'exchange_exit': np.float64(1.4674490085476073), 'sebi_entry': np.float64(0.049065906312927246), 'sebi_exit': np.float64(0.04940905752685547), 'ipft_entry': np.float64(0.049065906312927246), 'ipft_exit': np.float64(0.04940905752685547), 'stamp_buy': np.float64(1.4719771893878175), 'stt_sell': np.float64(12.352264381713868), 'dp_sell': 16.5, 'gst': np.float64(10.7318981436698), 'fees_total': np.float64(84.1777960684926)}",Time,10,1413_rsi_enabled=False_rsi_buy_below=40_rsi_sell_above=70_macd_enabled=True_macd_fast=12_macd_slow=26_macd_signal=9_adx_enabled=False_adx_length=14_adx_min_adx=20_sma_enabled=False_sma_length=50_bb_enabled=False_bb_length=20_bb_stddev=2.0_combination_mode=all
MUTHOOTFIN.NS,2023-03-23,2023-04-11,53,936.0187377929688,979.7761840820312,936.4867471618652,979.2862959899903,49633.79759957886,51902.17368746949,2268.3760878906323,2183.4434759988144,4.570224721047497,4.399106217126011,4.366886951997629,84.93261189181806,"{'brokerage_entry': 20.0, 'brokerage_exit': 20.0, 'exchange_entry': np.float64(1.474123788707492), 'exchange_exit': np.float64(1.541494558517844), 'sebi_entry': np.float64(0.04963379759957886), 'sebi_exit': np.float64(0.05190217368746949), 'ipft_entry': np.float64(0.04963379759957886), 'ipft_exit': np.float64(0.05190217368746949), 'stamp_buy': np.float64(1.4890139279873658), 'stt_sell': np.float64(12.975543421867373), 'dp_sell': 16.5, 'gst': np.float64(10.749364252163897), 'fees_total': np.float64(84.93261189181806)}",Time,10,1413_rsi_enabled=False_rsi_buy_below=40_rsi_sell_above=70_macd_enabled=True_macd_fast=12_macd_slow=26_macd_signal=9_adx_enabled=False_adx_length=14_adx_min_adx=20_sma_enabled=False_sma_length=50_bb_enabled=False_bb_length=20_bb_stddev=2.0_combination_mode=all
MUTHOOTFIN.NS,2023-10-27,2023-11-10,39,1256.7655029296875,1193.927227783203,1257.3938856811524,1193.3302641693115,49038.36154156494,46539.880302603146,-2498.4812389617946,-2581.832559598115,-5.094952523738137,-5.264924190849551,-5.16366511919623,83.35132063632068,"{'brokerage_entry': 20.0, 'brokerage_exit': 20.0, 'exchange_entry': np.float64(1.4564393377844786), 'exchange_exit': np.float64(1.3822344449873134), 'sebi_entry': np.float64(0.04903836154156494), 'sebi_exit': np.float64(0.04653988030260314), 'ipft_entry': np.float64(0.04903836154156494), 'ipft_exit': np.float64(0.04653988030260314), 'stamp_buy': np.float64(1.4711508462469483), 'stt_sell': np.float64(11.634970075650786), 'dp_sell': 16.5, 'gst': np.float64(10.715369447962821), 'fees_total': np.float64(83.35132063632068)}",HSL,10,1413_rsi_enabled=False_rsi_buy_below=40_rsi_sell_above=70_macd_enabled=True_macd_fast=12_macd_slow=26_macd_signal=9_adx_enabled=False_adx_length=14_adx_min_adx=20_sma_enabled=False_sma_length=50_bb_enabled=False_bb_length=20_bb_stddev=2.0_combination_mode=all
MUTHOOTFIN.NS,2024-03-11,2024-03-14,36,1364.8514404296875,1296.608868408203,1365.5338661499022,1295.9605639739991,49159.21918139648,46654.580303063965,-2504.6388783325165,-2588.03131096724,-5.094952523738125,-5.264589946836745,-5.176062621934481,83.39243263472362,"{'brokerage_entry': 20.0, 'brokerage_exit': 20.0, 'exchange_entry': np.float64(1.4600288096874756), 'exchange_exit': np.float64(1.3856410350009998), 'sebi_entry': np.float64(0.04915921918139648), 'sebi_exit': np.float64(0.046654580303063964), 'ipft_entry': np.float64(0.04915921918139648), 'ipft_exit': np.float64(0.046654580303063964), 'stamp_buy': np.float64(1.4747765754418944), 'stt_sell': np.float64(11.663645075765992), 'dp_sell': 16.5, 'gst': np.float64(10.71671353985833), 'fees_total': np.float64(83.39243263472362)}",HSL,3,1413_rsi_enabled=False_rsi_buy_below=40_rsi_sell_above=70_macd_enabled=True_macd_fast=12_macd_slow=26_macd_signal=9_adx_enabled=False_adx_length=14_adx_min_adx=20_sma_enabled=False_sma_length=50_bb_enabled=False_bb_length=20_bb_stddev=2.0_combination_mode=all
MUTHOOTFIN.NS,2024-03-21,2024-04-08,35,1396.7901611328125,1630.245849609375,1397.4885562133788,1629.4307266845703,48912.09946746826,57030.07543395996,8117.9759664917,8031.618211654823,16.59707118458699,16.420514144964688,16.063236423309647,86.35775483687685,"{'brokerage_entry': 20.0, 'brokerage_exit': 20.0, 'exchange_entry': np.float64(1.4526893541838073), 'exchange_exit': np.float64(1.693793240388611), 'sebi_entry': np.float64(0.04891209946746826), 'sebi_exit': np.float64(0.05703007543395996), 'ipft_entry': np.float64(0.04891209946746826), 'ipft_exit': np.float64(0.05703007543395996), 'stamp_buy': np.float64(1.4673629840240479), 'stt_sell': np.float64(14.25751885848999), 'dp_sell': 16.5, 'gst': np.float64(10.774506049987547), 'fees_total': np.float64(86.35775483687685)}",Time,10,1413_rsi_enabled=False_rsi_buy_below=40_rsi_sell_above=70_macd_enabled=True_macd_fast=12_macd_slow=26_macd_signal=9_adx_enabled=False_adx_length=14_adx_min_adx=20_sma_enabled=False_sma_length=50_bb_enabled=False_bb_length=20_bb_stddev=2.0_combination_mode=all
MUTHOOTFIN.NS,2024-11-26,2024-12-10,25,1928.202392578125,2008.6676025390625,1929.166493774414,2007.663268737793,48229.16234436035,50191.581718444824,1962.4193740844712,1878.073077432116,4.068947662977492,3.8940611574849946,3.756146154864232,84.3462966523553,"{'brokerage_entry': 20.0, 'brokerage_exit': 20.0, 'exchange_entry': np.float64(1.4324061216275026), 'exchange_exit': np.float64(1.4906899770378113), 'sebi_entry': np.float64(0.04822916234436035), 'sebi_exit': np.float64(0.05019158171844482), 'ipft_entry': np.float64(0.04822916234436035), 'ipft_exit': np.float64(0.05019158171844482), 'stamp_buy': np.float64(1.4468748703308105), 'stt_sell': np.float64(12.547895429611206), 'dp_sell': 16.5, 'gst': np.float64(10.731588765622366), 'fees_total': np.float64(84.3462966523553)}",Time,10,1413_rsi_enabled=False_rsi_buy_below=40_rsi_sell_above=70_macd_enabled=True_macd_fast=12_macd_slow=26_macd_signal=9_adx_enabled=False_adx_length=14_adx_min_adx=20_sma_enabled=False_sma_length=50_bb_enabled=False_bb_length=20_bb_stddev=2.0_combination_mode=all
BHARTIARTL.NS,2015-01-02,2015-01-05,161,309.8987731933594,303.0224304199219,310.05372257995606,302.8709192047119,49918.649335372924,48762.21799195862,-1156.4313434143041,-1240.4807139156012,-2.316631877687531,-2.485004563287698,-2.480961427831202,84.049370501297,"{'brokerage_entry': 20.0, 'brokerage_exit': 20.0, 'exchange_entry': np.float64(1.482583885260576), 'exchange_exit': np.float64(1.448237874361171), 'sebi_entry': np.float64(0.04991864933537292), 'sebi_exit': np.float64(0.048762217991958616), 'ipft_entry': np.float64(0.04991864933537292), 'ipft_exit': np.float64(0.048762217991958616), 'stamp_buy': np.float64(1.4975594800611878), 'stt_sell': np.float64(12.190554497989655), 'dp_sell': 16.5, 'gst': np.float64(10.733073028969752), 'fees_total': np.float64(84.049370501297)}",MACD_cross_down,1,1413_rsi_enabled=False_rsi_buy_below=40_rsi_sell_above=70_macd_enabled=True_macd_fast=12_macd_slow=26_macd_signal=9_adx_enabled=False_adx_length=14_adx_min_adx=20_sma_enabled=False_sma_length=50_bb_enabled=False_bb_length=20_bb_stddev=2.0_combination_mode=all
BHARTIARTL.NS,2015-01-22,2015-02-06,159,314.1009216308594,312.61529541015625,314.2579720916748,312.4589877624512,49967.01756257629,49680.97905422974,-286.0385083465517,-370.35519659843465,-0.572454635677086,-0.7411993244035819,-0.7407103931968693,84.31668825188297,"{'brokerage_entry': 20.0, 'brokerage_exit': 20.0, 'exchange_entry': np.float64(1.484020421608516), 'exchange_exit': np.float64(1.4755250779106233), 'sebi_entry': np.float64(0.049967017562576294), 'sebi_exit': np.float64(0.04968097905422974), 'ipft_entry': np.float64(0.049967017562576294), 'ipft_exit': np.float64(0.04968097905422974), 'stamp_buy': np.float64(1.4990105268772889), 'stt_sell': np.float64(12.420244763557436), 'dp_sell': 16.5, 'gst': np.float64(10.738591468695496), 'fees_total': np.float64(84.31668825188297)}",Time,10,1413_rsi_enabled=False_rsi_buy_below=40_rsi_sell_above=70_macd_enabled=True_macd_fast=12_macd_slow=26_macd_signal=9_adx_enabled=False_adx_length=14_adx_min_adx=20_sma_enabled=False_sma_length=50_bb_enabled=False_bb_length=20_bb_stddev=2.0_combination_mode=all
BHARTIARTL.NS,2015-03-11,2015-03-25,151,330.69732666015625,335.3238830566406,330.8626753234863,335.1562211151123,49960.263973846435,50608.58938838196,648.325414535524,563.7425807403456,1.297682123687165,1.1283819097422259,1.1274851614806913,84.58283379517839,"{'brokerage_entry': 20.0, 'brokerage_exit': 20.0, 'exchange_entry': np.float64(1.4838198400232392), 'exchange_exit': np.float64(1.5030751048349442), 'sebi_entry': np.float64(0.04996026397384643), 'sebi_exit': np.float64(0.050608589388381954), 'ipft_entry': np.float64(0.04996026397384643), 'ipft_exit': np.float64(0.050608589388381954), 'stamp_buy': np.float64(1.4988079192153931), 'stt_sell': np.float64(12.65214734709549), 'dp_sell': 16.5, 'gst': np.float64(10.743845877284873), 'fees_total': np.float64(84.58283379517839)}",Time,10,1413_rsi_enabled=False_rsi_buy_below=40_rsi_sell_above=70_macd_enabled=True_macd_fast=12_macd_slow=26_macd_signal=9_adx_enabled=False_adx_length=14_adx_min_adx=20_sma_enabled=False_sma_length=50_bb_enabled=False_bb_length=20_bb_stddev=2.0_combination_mode=all
BHARTIARTL.NS,2015-05-20,2015-06-03,146,340.03546142578125,357.1412048339844,340.2054791564941,356.9626342315674,49669.999956848136,52116.54459780884,2446.544640960703,2361.547977326934,4.925598234520214,4.754475497037606,4.723095954653868,84.99666363376916,"{'brokerage_entry': 20.0, 'brokerage_exit': 20.0, 'exchange_entry': np.float64(1.4751989987183896), 'exchange_exit': np.float64(1.5478613745549226), 'sebi_entry': np.float64(0.049669999956848135), 'sebi_exit': np.float64(0.05211654459780884), 'ipft_entry': np.float64(0.049669999956848135), 'ipft_exit': np.float64(0.05211654459780884), 'stamp_buy': np.float64(1.4900999987054442), 'stt_sell': np.float64(13.02913614945221), 'dp_sell': 16.5, 'gst': np.float64(10.750794023228872), 'fees_total': np.float64(84.99666363376916)}",Time,10,1413_rsi_enabled=False_rsi_buy_below=40_rsi_sell_above=70_macd_enabled=True_macd_fast=12_macd_slow=26_macd_signal=9_adx_enabled=False_adx_length=14_adx_min_adx=20_sma_enabled=False_sma_length=50_bb_enabled=False_bb_length=20_bb_stddev=2.0_combination_mode=all
BHARTIARTL.NS,2015-10-19,2015-10-30,160,310.4814758300781,294.95740203857423,310.6367165679931,294.80992333755495,49701.8746508789,47169.58773400879,-2532.2869168701072,-2615.863943965105,-5.094952523738112,-5.263109213364143,-5.2317278879302105,83.57702709499767,"{'brokerage_entry': 20.0, 'brokerage_exit': 20.0, 'exchange_entry': np.float64(1.4761456771311032), 'exchange_exit': np.float64(1.4009367557000612), 'sebi_entry': np.float64(0.04970187465087889), 'sebi_exit': np.float64(0.04716958773400879), 'ipft_entry': np.float64(0.04970187465087889), 'ipft_exit': np.float64(0.04716958773400879), 'stamp_buy': np.float64(1.491056239526367), 'stt_sell': np.float64(11.792396933502198), 'dp_sell': 16.5, 'gst': np.float64(10.72274856436817), 'fees_total': np.float64(83.57702709499767)}",HSL,8,1413_rsi_enabled=False_rsi_buy_below=40_rsi_sell_above=70_macd_enabled=True_macd_fast=12_macd_slow=26_macd_signal=9_adx_enabled=False_adx_length=14_adx_min_adx=20_sma_enabled=False_sma_length=50_bb_enabled=False_bb_length=20_bb_stddev=2.0_combination_mode=all
BHARTIARTL.NS,2015-12-24,2016-01-04,172,288.9262390136719,274.4799270629883,289.0707021331787,274.3426870994568,49720.16076690674,47186.94218110657,-2533.2185858001685,-2616.8018332613256,-5.094952523738126,-5.263059879329762,-5.233603666522651,83.58324746115724,"{'brokerage_entry': 20.0, 'brokerage_exit': 20.0, 'exchange_entry': np.float64(1.4766887747771302), 'exchange_exit': np.float64(1.401452182778865), 'sebi_entry': np.float64(0.04972016076690674), 'sebi_exit': np.float64(0.04718694218110657), 'ipft_entry': np.float64(0.04972016076690674), 'ipft_exit': np.float64(0.04718694218110657), 'stamp_buy': np.float64(1.491604823007202), 'stt_sell': np.float64(11.796735545276643), 'dp_sell': 16.5, 'gst': np.float64(10.722951929421365), 'fees_total': np.float64(83.58324746115724)}",HSL,6,1413_rsi_enabled=False_rsi_buy_below=40_rsi_sell_above=70_macd_enabled=True_macd_fast=12_macd_slow=26_macd_signal=9_adx_enabled=False_adx_length=14_adx_min_adx=20_sma_enabled=False_sma_length=50_bb_enabled=False_bb_length=20_bb_stddev=2.0_combination_mode=all
BHARTIARTL.NS,2016-02-12,2016-02-26,180,277.06011962890625,271.4259033203125,277.1986496887207,271.29019036865236,49895.756943969725,48832.23426635742,-1063.5226776123018,-1147.5906281264238,-2.131489214216313,-2.299976387601669,-2.2951812562528477,84.06795051412195,"{'brokerage_entry': 20.0, 'brokerage_exit': 20.0, 'exchange_entry': np.float64(1.481903981235901), 'exchange_exit': np.float64(1.4503173577108155), 'sebi_entry': np.float64(0.04989575694396972), 'sebi_exit': np.float64(0.048832234266357424), 'ipft_entry': np.float64(0.04989575694396972), 'ipft_exit': np.float64(0.048832234266357424), 'stamp_buy': np.float64(1.4968727083190918), 'stt_sell': np.float64(12.208058566589356), 'dp_sell': 16.5, 'gst': np.float64(10.733341917846126), 'fees_total': np.float64(84.06795051412195)}",Time,10,1413_rsi_enabled=False_rsi_buy_below=40_rsi_sell_above=70_macd_enabled=True_macd_fast=12_macd_slow=26_macd_signal=9_adx_enabled=False_adx_length=14_adx_min_adx=20_sma_enabled=False_sma_length=50_bb_enabled=False_bb_length=20_bb_stddev=2.0_combination_mode=all
BHARTIARTL.NS,2016-06-01,2016-06-07,161,310.09735107421875,298.0605163574219,310.25239974975585,297.9114860992432,49950.63635971069,47963.749261978155,-1986.887097732535,-2070.7091396473857,-3.9777012717602203,-4.1455110296003825,-4.141418279294771,83.82204191485076,"{'brokerage_entry': 20.0, 'brokerage_exit': 20.0, 'exchange_entry': np.float64(1.4835338998834076), 'exchange_exit': np.float64(1.4245233530807513), 'sebi_entry': np.float64(0.049950636359710684), 'sebi_exit': np.float64(0.047963749261978154), 'ipft_entry': np.float64(0.049950636359710684), 'ipft_exit': np.float64(0.047963749261978154), 'stamp_buy': np.float64(1.4985190907913208), 'stt_sell': np.float64(11.99093731549454), 'dp_sell': 16.5, 'gst': np.float64(10.728699484357357), 'fees_total': np.float64(83.82204191485076)}",MACD_cross_down,4,1413_rsi_enabled=False_rsi_buy_below=40_rsi_sell_above=70_macd_enabled=True_macd_fast=12_macd_slow=26_macd_signal=9_adx_enabled=False_adx_length=14_adx_min_adx=20_sma_enabled=False_sma_length=50_bb_enabled=False_bb_length=20_bb_stddev=2.0_combination_mode=all
BHARTIARTL.NS,2016-06-20,2016-07-04,160,311.1644287109375,318.7194519042969,311.32001092529293,318.56009217834475,49811.20174804687,50969.61474853516,1158.41300048829,1073.7364535268437,2.3256074132636484,2.1556124242052555,2.1474729070536873,84.67654696144636,"{'brokerage_entry': 20.0, 'brokerage_exit': 20.0, 'exchange_entry': np.float64(1.4793926919169922), 'exchange_exit': np.float64(1.5137975580314944), 'sebi_entry': np.float64(0.04981120174804687), 'sebi_exit': np.float64(0.05096961474853516), 'ipft_entry': np.float64(0.04981120174804687), 'ipft_exit': np.float64(0.05096961474853516), 'stamp_buy': np.float64(1.4943360524414062), 'stt_sell': np.float64(12.742403687133791), 'dp_sell': 16.5, 'gst': np.float64(10.745055338929498), 'fees_total': np.float64(84.67654696144636)}",Time,10,1413_rsi_enabled=False_rsi_buy_below=40_rsi_sell_above=70_macd_enabled=True_macd_fast=12_macd_slow=26_macd_signal=9_adx_enabled=False_adx_length=14_adx_min_adx=20_sma_enabled=False_sma_length=50_bb_enabled=False_bb_length=20_bb_stddev=2.0_combination_mode=all
BHARTIARTL.NS,2016-11-29,2016-12-13,179,278.4090881347656,282.8228454589844,278.548292678833,282.68143403625487,49860.1443895111,50599.976692489625,739.8323029785242,655.2586931845232,1.483815003019045,1.3141933325856303,1.3105173863690465,84.57360979400107,"{'brokerage_entry': 20.0, 'brokerage_exit': 20.0, 'exchange_entry': np.float64(1.4808462883684796), 'exchange_exit': np.float64(1.5028193077669418), 'sebi_entry': np.float64(0.0498601443895111), 'sebi_exit': np.float64(0.05059997669248962), 'ipft_entry': np.float64(0.0498601443895111), 'ipft_exit': np.float64(0.05059997669248962), 'stamp_buy': np.float64(1.495804331685333), 'stt_sell': np.float64(12.649994173122407), 'dp_sell': 16.5, 'gst': np.float64(10.743225450893897), 'fees_total': np.float64(84.57360979400107)}",Time,10,1413_rsi_enabled=False_rsi_buy_below=40_rsi_sell_above=70_macd_enabled=True_macd_fast=12_macd_slow=26_macd_signal=9_adx_enabled=False_adx_length=14_adx_min_adx=20_sma_enabled=False_sma_length=50_bb_enabled=False_bb_length=20_bb_stddev=2.0_combination_mode=all
BHARTIARTL.NS,2017-01-05,2017-01-19,181,275.1951904296875,271.76702880859375,275.33278802490236,271.6311452941895,49835.23463250732,49165.2372982483,-669.9973342590238,-754.156912275603,-1.3444249619765754,-1.5133006151909827,-1.508313824551206,84.15957801657915,"{'brokerage_entry': 20.0, 'brokerage_exit': 20.0, 'exchange_entry': np.float64(1.4801064685854675), 'exchange_exit': np.float64(1.4602075477579746), 'sebi_entry': np.float64(0.04983523463250732), 'sebi_exit': np.float64(0.049165237298248295), 'ipft_entry': np.float64(0.04983523463250732), 'ipft_exit': np.float64(0.049165237298248295), 'stamp_buy': np.float64(1.4950570389752198), 'stt_sell': np.float64(12.291309324562075), 'dp_sell': 16.5, 'gst': np.float64(10.734896692836893), 'fees_total': np.float64(84.15957801657915)}",Time,10,1413_rsi_enabled=False_rsi_buy_below=40_rsi_sell_above=70_macd_enabled=True_macd_fast=12_macd_slow=26_macd_signal=9_adx_enabled=False_adx_length=14_adx_min_adx=20_sma_enabled=False_sma_length=50_bb_enabled=False_bb_length=20_bb_stddev=2.0_combination_mode=all
BHARTIARTL.NS,2017-05-10,2017-05-24,156,319.46124267578125,315.69036865234375,319.6209732971191,315.5325234680176,49860.87183435058,49223.07366101074,-637.798173339841,-721.9761019753237,-1.2791556783418367,-1.4479813036039486,-1.4439522039506474,84.17792863548269,"{'brokerage_entry': 20.0, 'brokerage_exit': 20.0, 'exchange_entry': np.float64(1.4808678934802124), 'exchange_exit': np.float64(1.461925287732019), 'sebi_entry': np.float64(0.04986087183435058), 'sebi_exit': np.float64(0.04922307366101074), 'ipft_entry': np.float64(0.04986087183435058), 'ipft_exit': np.float64(0.04922307366101074), 'stamp_buy': np.float64(1.4958261550305174), 'stt_sell': np.float64(12.305768415252686), 'dp_sell': 16.5, 'gst': np.float64(10.735372992996531), 'fees_total': np.float64(84.17792863548269)}",Time,10,1413_rsi_enabled=False_rsi_buy_below=40_rsi_sell_above=70_macd_enabled=True_macd_fast=12_macd_slow=26_macd_signal=9_adx_enabled=False_adx_length=14_adx_min_adx=20_sma_enabled=False_sma_length=50_bb_enabled=False_bb_length=20_bb_stddev=2.0_combination_mode=all
BHARTIARTL.NS,2017-10-13,2017-10-30,134,370.2304382324219,423.5010070800781,370.4155534515381,423.2892565765381,49635.6841625061,56720.76038125611,7085.076218750008,6998.758588965215,14.274158477505075,14.100256110203777,13.99751717793043,86.31762978479317,"{'brokerage_entry': 20.0, 'brokerage_exit': 20.0, 'exchange_entry': np.float64(1.474179819626431), 'exchange_exit': np.float64(1.6846065833233064), 'sebi_entry': np.float64(0.0496356841625061), 'sebi_exit': np.float64(0.056720760381256105), 'ipft_entry': np.float64(0.0496356841625061), 'ipft_exit': np.float64(0.056720760381256105), 'stamp_buy': np.float64(1.489070524875183), 'stt_sell': np.float64(14.180190095314027), 'dp_sell': 16.5, 'gst': np.float64(10.776869872566705), 'fees_total': np.float64(86.31762978479317)}",Time,10,1413_rsi_enabled=False_rsi_buy_below=40_rsi_sell_above=70_macd_enabled=True_macd_fast=12_macd_slow=26_macd_signal=9_adx_enabled=False_adx_length=14_adx_min_adx=20_sma_enabled=False_sma_length=50_bb_enabled=False_bb_length=20_bb_stddev=2.0_combination_mode=all
BHARTIARTL.NS,2017-12-08,2017-12-18,110,451.21026611328125,428.6497528076172,451.43587124633785,428.4354279312134,49657.94583709716,47127.89707243347,-2530.0487646636902,-2613.6108485467853,-5.09495252373812,-5.263227877207673,-5.2272216970935705,83.56208388309518,"{'brokerage_entry': 20.0, 'brokerage_exit': 20.0, 'exchange_entry': np.float64(1.4748409913617857), 'exchange_exit': np.float64(1.399698543051274), 'sebi_entry': np.float64(0.04965794583709716), 'sebi_exit': np.float64(0.04712789707243347), 'ipft_entry': np.float64(0.04965794583709716), 'ipft_exit': np.float64(0.04712789707243347), 'stamp_buy': np.float64(1.489738375112915), 'stt_sell': np.float64(11.781974268108367), 'dp_sell': 16.5, 'gst': np.float64(10.722260019641782), 'fees_total': np.float64(83.56208388309518)}",HSL,6,1413_rsi_enabled=False_rsi_buy_below=40_rsi_sell_above=70_macd_enabled=True_macd_fast=12_macd_slow=26_macd_signal=9_adx_enabled=False_adx_length=14_adx_min_adx=20_sma_enabled=False_sma_length=50_bb_enabled=False_bb_length=20_bb_stddev=2.0_combination_mode=all
BHARTIARTL.NS,2018-04-25,2018-05-04,137,363.0765380859375,344.92271118164064,363.25807635498046,344.7502498260498,49766.35646063232,47230.78422616883,-2535.5722344634924,-2619.171196258384,-5.0949525237381135,-5.262935409648242,-5.238342392516769,83.59896179489164,"{'brokerage_entry': 20.0, 'brokerage_exit': 20.0, 'exchange_entry': np.float64(1.47806078688078), 'exchange_exit': np.float64(1.4027542915172142), 'sebi_entry': np.float64(0.049766356460632315), 'sebi_exit': np.float64(0.047230784226168825), 'ipft_entry': np.float64(0.049766356460632315), 'ipft_exit': np.float64(0.047230784226168825), 'stamp_buy': np.float64(1.4929906938189696), 'stt_sell': np.float64(11.807696056542207), 'dp_sell': 16.5, 'gst': np.float64(10.723465684758885), 'fees_total': np.float64(83.59896179489164)}",HSL,6,1413_rsi_enabled=False_rsi_buy_below=40_rsi_sell_above=70_macd_enabled=True_macd_fast=12_macd_slow=26_macd_signal=9_adx_enabled=False_adx_length=14_adx_min_adx=20_sma_enabled=False_sma_length=50_bb_enabled=False_bb_length=20_bb_stddev=2.0_combination_mode=all
BHARTIARTL.NS,2018-07-30,2018-08-13,150,331.4256591796875,322.1920166015625,331.59137200927734,322.0309205932617,49738.7058013916,48304.63808898926,-1434.0677124023423,-1517.973442420195,-2.8832027076229627,-3.0518957378616087,-3.03594688484039,83.90573001785263,"{'brokerage_entry': 20.0, 'brokerage_exit': 20.0, 'exchange_entry': np.float64(1.4772395623013306), 'exchange_exit': np.float64(1.4346477512429812), 'sebi_entry': np.float64(0.0497387058013916), 'sebi_exit': np.float64(0.04830463808898926), 'ipft_entry': np.float64(0.0497387058013916), 'ipft_exit': np.float64(0.04830463808898926), 'stamp_buy': np.float64(1.4921611740417482), 'stt_sell': np.float64(12.076159522247316), 'dp_sell': 16.5, 'gst': np.float64(10.72943532023851), 'fees_total': np.float64(83.90573001785263)}",Time,10,1413_rsi_enabled=False_rsi_buy_below=40_rsi_sell_above=70_macd_enabled=True_macd_fast=12_macd_slow=26_macd_signal=9_adx_enabled=False_adx_length=14_adx_min_adx=20_sma_enabled=False_sma_length=50_bb_enabled=False_bb_length=20_bb_stddev=2.0_combination_mode=all
BHARTIARTL.NS,2018-11-16,2018-11-28,171,292.0549621582031,277.452214050293,292.2009896392822,277.31348794326783,49966.369228317264,47420.6064382988,-2545.762790018467,-2629.429789916677,-5.094952523738138,-5.26239915072018,-5.258859579833353,83.66699989820965,"{'brokerage_entry': 20.0, 'brokerage_exit': 20.0, 'exchange_entry': np.float64(1.4840011660810228), 'exchange_exit': np.float64(1.4083920112174744), 'sebi_entry': np.float64(0.049966369228317264), 'sebi_exit': np.float64(0.0474206064382988), 'ipft_entry': np.float64(0.049966369228317264), 'ipft_exit': np.float64(0.0474206064382988), 'stamp_buy': np.float64(1.498991076849518), 'stt_sell': np.float64(11.8551516095747), 'dp_sell': 16.5, 'gst': np.float64(10.72569008315371), 'fees_total': np.float64(83.66699989820965)}",HSL,7,1413_rsi_enabled=False_rsi_buy_below=40_rsi_sell_above=70_macd_enabled=True_macd_fast=12_macd_slow=26_macd_signal=9_adx_enabled=False_adx_length=14_adx_min_adx=20_sma_enabled=False_sma_length=50_bb_enabled=False_bb_length=20_bb_stddev=2.0_combination_mode=all
BHARTIARTL.NS,2019-01-08,2019-01-18,172,288.9830017089844,274.53385162353516,289.12749320983886,274.3965846977234,49729.928832092286,47196.21256800843,-2533.716264083858,-2617.3028343360347,-5.094952523738122,-5.263033540975042,-5.23460566867207,83.58657025217704,"{'brokerage_entry': 20.0, 'brokerage_exit': 20.0, 'exchange_entry': np.float64(1.476978886313141), 'exchange_exit': np.float64(1.4017275132698503), 'sebi_entry': np.float64(0.049729928832092284), 'sebi_exit': np.float64(0.047196212568008426), 'ipft_entry': np.float64(0.049729928832092284), 'ipft_exit': np.float64(0.047196212568008426), 'stamp_buy': np.float64(1.4918978649627685), 'stt_sell': np.float64(11.799053142002107), 'dp_sell': 16.5, 'gst': np.float64(10.723060562828975), 'fees_total': np.float64(83.58657025217704)}",HSL,8,1413_rsi_enabled=False_rsi_buy_below=40_rsi_sell_above=70_macd_enabled=True_macd_fast=12_macd_slow=26_macd_signal=9_adx_enabled=False_adx_length=14_adx_min_adx=20_sma_enabled=False_sma_length=50_bb_enabled=False_bb_length=20_bb_stddev=2.0_combination_mode=all
BHARTIARTL.NS,2019-03-11,2019-03-26,170,292.9765930175781,287.7103576660156,293.1230813140869,287.5665024871826,49830.923823394776,48886.305422821046,-944.6184005737305,-1028.6975213213216,-1.8956469760053856,-2.0643757779147682,-2.0573950426426433,84.07912074759105,"{'brokerage_entry': 20.0, 'brokerage_exit': 20.0, 'exchange_entry': np.float64(1.4799784375548248), 'exchange_exit': np.float64(1.4519232710577852), 'sebi_entry': np.float64(0.049830923823394775), 'sebi_exit': np.float64(0.04888630542282105), 'ipft_entry': np.float64(0.049830923823394775), 'ipft_exit': np.float64(0.04888630542282105), 'stamp_buy': np.float64(1.4949277147018434), 'stt_sell': np.float64(12.221576355705261), 'dp_sell': 16.5, 'gst': np.float64(10.733280510078906), 'fees_total': np.float64(84.07912074759105)}",Time,10,1413_rsi_enabled=False_rsi_buy_below=40_rsi_sell_above=70_macd_enabled=True_macd_fast=12_macd_slow=26_macd_signal=9_adx_enabled=False_adx_length=14_adx_min_adx=20_sma_enabled=False_sma_length=50_bb_enabled=False_bb_length=20_bb_stddev=2.0_combination_mode=all
BHARTIARTL.NS,2019-08-06,2019-08-13,141,352.20709228515625,334.59673767089845,352.3831958312988,334.42943930206303,49686.03061221313,47154.55094159089,-2531.4796706222405,-2615.0513080696064,-5.0949525237381055,-5.263151988291073,-5.230102616139213,83.5716374473657,"{'brokerage_entry': 20.0, 'brokerage_exit': 20.0, 'exchange_entry': np.float64(1.47567510918273), 'exchange_exit': np.float64(1.4004901629652493), 'sebi_entry': np.float64(0.049686030612213127), 'sebi_exit': np.float64(0.047154550941590885), 'ipft_entry': np.float64(0.049686030612213127), 'ipft_exit': np.float64(0.047154550941590885), 'stamp_buy': np.float64(1.4905809183663938), 'stt_sell': np.float64(11.788637735397723), 'dp_sell': 16.5, 'gst': np.float64(10.722572358346007), 'fees_total': np.float64(83.5716374473657)}",HSL,4,1413_rsi_enabled=False_rsi_buy_below=40_rsi_sell_above=70_macd_enabled=True_macd_fast=12_macd_slow=26_macd_signal=9_adx_enabled=False_adx_length=14_adx_min_adx=20_sma_enabled=False_sma_length=50_bb_enabled=False_bb_length=20_bb_stddev=2.0_combination_mode=all
BHARTIARTL.NS,2019-09-30,2019-10-01,142,350.8688049316406,333.32536468505856,351.0442393341064,333.15870200271604,49848.28198544311,47308.53568438568,-2539.7463010574284,-2623.3731313598455,-5.09495252373812,-5.262715236857979,-5.246746262719691,83.62683030241733,"{'brokerage_entry': 20.0, 'brokerage_exit': 20.0, 'exchange_entry': np.float64(1.4804939749676602), 'exchange_exit': np.float64(1.4050635098262547), 'sebi_entry': np.float64(0.0498482819854431), 'sebi_exit': np.float64(0.04730853568438568), 'ipft_entry': np.float64(0.0498482819854431), 'ipft_exit': np.float64(0.04730853568438568), 'stamp_buy': np.float64(1.4954484595632933), 'stt_sell': np.float64(11.82713392109642), 'dp_sell': 16.5, 'gst': np.float64(10.724376801624041), 'fees_total': np.float64(83.62683030241733)}",HSL,1,1413_rsi_enabled=False_rsi_buy_below=40_rsi_sell_above=70_macd_enabled=True_macd_fast=12_macd_slow=26_macd_signal=9_adx_enabled=False_adx_length=14_adx_min_adx=20_sma_enabled=False_sma_length=50_bb_enabled=False_bb_length=20_bb_stddev=2.0_combination_mode=all
BHARTIARTL.NS,2019-10-09,2019-10-23,145,343.5560302734375,341.54858979799656,343.7278082885742,341.37781550309757,49840.532201843256,49499.78324794915,-340.7489538941081,-425.0050395118657,-0.6836784015751465,-0.8527297376975997,-0.8500100790237313,84.25608561775752,"{'brokerage_entry': 20.0, 'brokerage_exit': 20.0, 'exchange_entry': np.float64(1.4802638063947446), 'exchange_exit': np.float64(1.4701435624640897), 'sebi_entry': np.float64(0.04984053220184326), 'sebi_exit': np.float64(0.049499783247949146), 'ipft_entry': np.float64(0.04984053220184326), 'ipft_exit': np.float64(0.049499783247949146), 'stamp_buy': np.float64(1.4952159660552977), 'stt_sell': np.float64(12.374945811987287), 'dp_sell': 16.5, 'gst': np.float64(10.736835839956516), 'fees_total': np.float64(84.25608561775752)}",TSL,9,1413_rsi_enabled=False_rsi_buy_below=40_rsi_sell_above=70_macd_enabled=True_macd_fast=12_macd_slow=26_macd_signal=9_adx_enabled=False_adx_length=14_adx_min_adx=20_sma_enabled=False_sma_length=50_bb_enabled=False_bb_length=20_bb_stddev=2.0_combination_mode=all
BHARTIARTL.NS,2020-05-04,2020-05-18,98,509.02496337890625,514.330322265625,509.27947586059565,514.0731571044922,49909.38863433837,50379.169396240235,469.780761901864,385.267294092082,0.9412673141394646,0.7719335071698566,0.770534588184164,84.51346780978201,"{'brokerage_entry': 20.0, 'brokerage_exit': 20.0, 'exchange_entry': np.float64(1.4823088424398496), 'exchange_exit': np.float64(1.496261331068335), 'sebi_entry': np.float64(0.049909388634338366), 'sebi_exit': np.float64(0.05037916939624023), 'ipft_entry': np.float64(0.049909388634338366), 'ipft_exit': np.float64(0.05037916939624023), 'stamp_buy': np.float64(1.4972816590301512), 'stt_sell': np.float64(12.594792349060059), 'dp_sell': 16.5, 'gst': np.float64(10.74224651212248), 'fees_total': np.float64(84.51346780978201)}",Time,10,1413_rsi_enabled=False_rsi_buy_below=40_rsi_sell_above=70_macd_enabled=True_macd_fast=12_macd_slow=26_macd_signal=9_adx_enabled=False_adx_length=14_adx_min_adx=20_sma_enabled=False_sma_length=50_bb_enabled=False_bb_length=20_bb_stddev=2.0_combination_mode=all
BHARTIARTL.NS,2020-10-28,2020-11-11,115,433.4814147949219,459.1440124511719,433.6981555023193,458.9144404449463,49875.28788276672,52775.16065116882,2899.8727684020996,2814.672976924964,5.814247679568953,5.643422016011081,5.629345953849929,85.19979147713559,"{'brokerage_entry': 20.0, 'brokerage_exit': 20.0, 'exchange_entry': np.float64(1.4812960501181718), 'exchange_exit': np.float64(1.5674222713397141), 'sebi_entry': np.float64(0.04987528788276672), 'sebi_exit': np.float64(0.05277516065116882), 'ipft_entry': np.float64(0.04987528788276672), 'ipft_exit': np.float64(0.05277516065116882), 'stamp_buy': np.float64(1.4962586364830017), 'stt_sell': np.float64(13.193790162792206), 'dp_sell': 16.5, 'gst': np.float64(10.755723459334638), 'fees_total': np.float64(85.19979147713559)}",Time,10,1413_rsi_enabled=False_rsi_buy_below=40_rsi_sell_above=70_macd_enabled=True_macd_fast=12_macd_slow=26_macd_signal=9_adx_enabled=False_adx_length=14_adx_min_adx=20_sma_enabled=False_sma_length=50_bb_enabled=False_bb_length=20_bb_stddev=2.0_combination_mode=all
BHARTIARTL.NS,2021-05-03,2021-05-18,93,536.1317138671875,514.54638671875,536.3997797241211,514.2891135253907,49885.17951434326,47828.88755786134,-2056.291956481924,-2140.0708261497225,-4.122049828227415,-4.289993234432278,-4.280141652299445,83.77886966779852,"{'brokerage_entry': 20.0, 'brokerage_exit': 20.0, 'exchange_entry': np.float64(1.4815898315759948), 'exchange_exit': np.float64(1.4205179604684817), 'sebi_entry': np.float64(0.04988517951434326), 'sebi_exit': np.float64(0.047828887557861334), 'ipft_entry': np.float64(0.04988517951434326), 'ipft_exit': np.float64(0.047828887557861334), 'stamp_buy': np.float64(1.4965553854302978), 'stt_sell': np.float64(11.957221889465334), 'dp_sell': 16.5, 'gst': np.float64(10.727556466713999), 'fees_total': np.float64(83.77886966779852)}",Time,10,1413_rsi_enabled=False_rsi_buy_below=40_rsi_sell_above=70_macd_enabled=True_macd_fast=12_macd_slow=26_macd_signal=9_adx_enabled=False_adx_length=14_adx_min_adx=20_sma_enabled=False_sma_length=50_bb_enabled=False_bb_length=20_bb_stddev=2.0_combination_mode=all
BHARTIARTL.NS,2021-07-28,2021-08-11,91,544.813720703125,595.611328125,545.0861275634766,595.3135224609375,49602.837608276364,54173.530543945315,4570.692935668951,4485.109609077614,9.214579560477238,9.042042401883196,8.970219218155227,85.58332659133663,"{'brokerage_entry': 20.0, 'brokerage_exit': 20.0, 'exchange_entry': np.float64(1.473204276965808), 'exchange_exit': np.float64(1.6089538571551758), 'sebi_entry': np.float64(0.049602837608276364), 'sebi_exit': np.float64(0.05417353054394531), 'ipft_entry': np.float64(0.049602837608276364), 'ipft_exit': np.float64(0.05417353054394531), 'stamp_buy': np.float64(1.488085128248291), 'stt_sell': np.float64(13.54338263598633), 'dp_sell': 16.5, 'gst': np.float64(10.762147956676579), 'fees_total': np.float64(85.58332659133663)}",Time,10,1413_rsi_enabled=False_rsi_buy_below=40_rsi_sell_above=70_macd_enabled=True_macd_fast=12_macd_slow=26_macd_signal=9_adx_enabled=False_adx_length=14_adx_min_adx=20_sma_enabled=False_sma_length=50_bb_enabled=False_bb_length=20_bb_stddev=2.0_combination_mode=all
BHARTIARTL.NS,2022-01-06,2022-01-20,71,694.3164672851562,699.2032470703125,694.6636255187988,698.8536454467774,49321.11741183471,49618.608826721196,297.49141488648456,213.2361897577698,0.6031724958751661,0.4323425764611799,0.4264723795155396,84.25522512871477,"{'brokerage_entry': 20.0, 'brokerage_exit': 20.0, 'exchange_entry': np.float64(1.464837187131491), 'exchange_exit': np.float64(1.4736726821536195), 'sebi_entry': np.float64(0.04932111741183471), 'sebi_exit': np.float64(0.04961860882672119), 'ipft_entry': np.float64(0.04932111741183471), 'ipft_exit': np.float64(0.04961860882672119), 'stamp_buy': np.float64(1.4796335223550414), 'stt_sell': np.float64(12.4046522066803), 'dp_sell': 16.5, 'gst': np.float64(10.7345500779172), 'fees_total': np.float64(84.25522512871477)}",Time,10,1413_rsi_enabled=False_rsi_buy_below=40_rsi_sell_above=70_macd_enabled=True_macd_fast=12_macd_slow=26_macd_signal=9_adx_enabled=False_adx_length=14_adx_min_adx=20_sma_enabled=False_sma_length=50_bb_enabled=False_bb_length=20_bb_stddev=2.0_combination_mode=all
BHARTIARTL.NS,2022-03-17,2022-04-01,70,706.5335083007812,741.3274536132812,706.8867750549316,740.9567898864747,49482.07425384521,51866.97529205323,2384.901038208016,2299.9887696100736,4.819727293511119,4.648125213609742,4.599977539220148,84.91226859794253,"{'brokerage_entry': 20.0, 'brokerage_exit': 20.0, 'exchange_entry': np.float64(1.4696176053392027), 'exchange_exit': np.float64(1.5404491661739808), 'sebi_entry': np.float64(0.04948207425384521), 'sebi_exit': np.float64(0.051866975292053225), 'ipft_entry': np.float64(0.04948207425384521), 'ipft_exit': np.float64(0.051866975292053225), 'stamp_buy': np.float64(1.4844622276153563), 'stt_sell': np.float64(12.966743823013307), 'dp_sell': 16.5, 'gst': np.float64(10.748297676708894), 'fees_total': np.float64(84.91226859794253)}",Time,10,1413_rsi_enabled=False_rsi_buy_below=40_rsi_sell_above=70_macd_enabled=True_macd_fast=12_macd_slow=26_macd_signal=9_adx_enabled=False_adx_length=14_adx_min_adx=20_sma_enabled=False_sma_length=50_bb_enabled=False_bb_length=20_bb_stddev=2.0_combination_mode=all
BHARTIARTL.NS,2022-08-01,2022-08-17,73,681.744384765625,709.7229614257812,682.0852569580078,709.3680999450684,49792.22375793457,51783.87129598999,1991.6475380554257,1906.7382481071031,3.999916829860505,3.8293896199067783,3.8134764962142063,84.90928994832264,"{'brokerage_entry': 20.0, 'brokerage_exit': 20.0, 'exchange_entry': np.float64(1.4788290456106568), 'exchange_exit': np.float64(1.5379809774909028), 'sebi_entry': np.float64(0.049792223757934566), 'sebi_exit': np.float64(0.05178387129598999), 'ipft_entry': np.float64(0.049792223757934566), 'ipft_exit': np.float64(0.05178387129598999), 'stamp_buy': np.float64(1.493766712738037), 'stt_sell': np.float64(12.9459678239975), 'dp_sell': 16.5, 'gst': np.float64(10.749593198377692), 'fees_total': np.float64(84.90928994832264)}",Time,10,1413_rsi_enabled=False_rsi_buy_below=40_rsi_sell_above=70_macd_enabled=True_macd_fast=12_macd_slow=26_macd_signal=9_adx_enabled=False_adx_length=14_adx_min_adx=20_sma_enabled=False_sma_length=50_bb_enabled=False_bb_length=20_bb_stddev=2.0_combination_mode=all
BHARTIARTL.NS,2023-04-28,2023-05-15,63,784.676025390625,782.4671630859375,785.0683634033203,782.0759295043946,49459.30689440918,49270.78355877686,-188.52333563232241,-272.6879084923408,-0.3811685756834431,-0.5513379091108231,-0.5453758169846816,84.16457286001837,"{'brokerage_entry': 20.0, 'brokerage_exit': 20.0, 'exchange_entry': np.float64(1.4689414147639526), 'exchange_exit': np.float64(1.4633422716956728), 'sebi_entry': np.float64(0.04945930689440918), 'sebi_exit': np.float64(0.04927078355877686), 'ipft_entry': np.float64(0.04945930689440918), 'ipft_exit': np.float64(0.04927078355877686), 'stamp_buy': np.float64(1.4837792068322755), 'stt_sell': np.float64(12.317695889694214), 'dp_sell': 16.5, 'gst': np.float64(10.73335389612588), 'fees_total': np.float64(84.16457286001837)}",Time,10,1413_rsi_enabled=False_rsi_buy_below=40_rsi_sell_above=70_macd_enabled=True_macd_fast=12_macd_slow=26_macd_signal=9_adx_enabled=False_adx_length=14_adx_min_adx=20_sma_enabled=False_sma_length=50_bb_enabled=False_bb_length=20_bb_stddev=2.0_combination_mode=all
BHARTIARTL.NS,2023-09-07,2023-09-22,57,863.2326049804688,898.8349609375,863.6642212829589,898.3855434570313,49228.86061312866,51207.97597705078,1979.115363922123,1894.4095637999742,4.0202339425956986,3.848168615332042,3.788819127599948,84.70580012214882,"{'brokerage_entry': 20.0, 'brokerage_exit': 20.0, 'exchange_entry': np.float64(1.462097160209921), 'exchange_exit': np.float64(1.5208768865184081), 'sebi_entry': np.float64(0.04922886061312866), 'sebi_exit': np.float64(0.051207975977050776), 'ipft_entry': np.float64(0.04922886061312866), 'ipft_exit': np.float64(0.051207975977050776), 'stamp_buy': np.float64(1.4768658183938597), 'stt_sell': np.float64(12.801993994262695), 'dp_sell': 16.5, 'gst': np.float64(10.743092589583563), 'fees_total': np.float64(84.70580012214882)}",Time,10,1413_rsi_enabled=False_rsi_buy_below=40_rsi_sell_above=70_macd_enabled=True_macd_fast=12_macd_slow=26_macd_signal=9_adx_enabled=False_adx_length=14_adx_min_adx=20_sma_enabled=False_sma_length=50_bb_enabled=False_bb_length=20_bb_stddev=2.0_combination_mode=all
BHARTIARTL.NS,2023-11-20,2023-12-05,52,948.1456298828125,1016.8847045898438,948.6197026977538,1016.3762622375489,49328.2245402832,52851.56563635254,3523.3410960693436,3438.1562206926997,7.142647295549947,6.969957367683036,6.876312441385399,85.18487537664387,"{'brokerage_entry': 20.0, 'brokerage_exit': 20.0, 'exchange_entry': np.float64(1.465048268846411), 'exchange_exit': np.float64(1.5696914993996705), 'sebi_entry': np.float64(0.0493282245402832), 'sebi_exit': np.float64(0.052851565636352536), 'ipft_entry': np.float64(0.0493282245402832), 'ipft_exit': np.float64(0.052851565636352536), 'stamp_buy': np.float64(1.479846736208496), 'stt_sell': np.float64(13.212891409088135), 'dp_sell': 16.5, 'gst': np.float64(10.753037882747883), 'fees_total': np.float64(85.18487537664387)}",Time,10,1413_rsi_enabled=False_rsi_buy_below=40_rsi_sell_above=70_macd_enabled=True_macd_fast=12_macd_slow=26_macd_signal=9_adx_enabled=False_adx_length=14_adx_min_adx=20_sma_enabled=False_sma_length=50_bb_enabled=False_bb_length=20_bb_stddev=2.0_combination_mode=all
BHARTIARTL.NS,2023-12-28,2024-01-11,48,1022.4074096679688,1048.1968994140625,1022.9186133728027,1047.6728009643555,49100.09344189453,50288.29444628906,1188.2010043945265,1103.768205942352,2.419956707008417,2.2479961412875125,2.2075364118847043,84.4327984521745,"{'brokerage_entry': 20.0, 'brokerage_exit': 20.0, 'exchange_entry': np.float64(1.4582727752242677), 'exchange_exit': np.float64(1.493562345054785), 'sebi_entry': np.float64(0.04910009344189453), 'sebi_exit': np.float64(0.05028829444628906), 'ipft_entry': np.float64(0.04910009344189453), 'ipft_exit': np.float64(0.05028829444628906), 'stamp_buy': np.float64(1.473002803256836), 'stt_sell': np.float64(12.572073611572264), 'dp_sell': 16.5, 'gst': np.float64(10.737110141289975), 'fees_total': np.float64(84.4327984521745)}",Time,10,1413_rsi_enabled=False_rsi_buy_below=40_rsi_sell_above=70_macd_enabled=True_macd_fast=12_macd_slow=26_macd_signal=9_adx_enabled=False_adx_length=14_adx_min_adx=20_sma_enabled=False_sma_length=50_bb_enabled=False_bb_length=20_bb_stddev=2.0_combination_mode=all
BHARTIARTL.NS,2024-12-02,2024-12-16,30,1629.9735107421875,1648.7664794921875,1630.7884974975584,1647.9420962524414,48923.654924926755,49438.26288757324,514.6079626464852,430.43136137914973,1.0518591945678426,0.8798021366957268,0.8608627227582994,84.17660126733549,"{'brokerage_entry': 20.0, 'brokerage_exit': 20.0, 'exchange_entry': np.float64(1.4530325512703246), 'exchange_exit': np.float64(1.4683164077609252), 'sebi_entry': np.float64(0.04892365492492675), 'sebi_exit': np.float64(0.04943826288757324), 'ipft_entry': np.float64(0.04892365492492675), 'ipft_exit': np.float64(0.04943826288757324), 'stamp_buy': np.float64(1.4677096477478027), 'stt_sell': np.float64(12.359565721893311), 'dp_sell': 16.5, 'gst': np.float64(10.731253103038123), 'fees_total': np.float64(84.17660126733549)}",Time,10,1413_rsi_enabled=False_rsi_buy_below=40_rsi_sell_above=70_macd_enabled=True_macd_fast=12_macd_slow=26_macd_signal=9_adx_enabled=False_adx_length=14_adx_min_adx=20_sma_enabled=False_sma_length=50_bb_enabled=False_bb_length=20_bb_stddev=2.0_combination_mode=all
ICICIBANK.NS,2015-01-02,2015-01-06,165,302.36968994140625,290.1430358886719,302.52087478637696,289.9979643707276,49915.9443397522,47849.66412117005,-2066.2802185821492,-2150.0671332927236,-4.139519437953615,-4.307375452337075,-4.300134266585447,83.78691471057435,"{'brokerage_entry': 20.0, 'brokerage_exit': 20.0, 'exchange_entry': np.float64(1.4825035468906402), 'exchange_exit': np.float64(1.4211350243987504), 'sebi_entry': np.float64(0.049915944339752195), 'sebi_exit': np.float64(0.047849664121170046), 'ipft_entry': np.float64(0.049915944339752195), 'ipft_exit': np.float64(0.047849664121170046), 'stamp_buy': np.float64(1.497478330192566), 'stt_sell': np.float64(11.962416030292513), 'dp_sell': 16.5, 'gst': np.float64(10.727850561878023), 'fees_total': np.float64(83.78691471057435)}",SL,2,1413_rsi_enabled=False_rsi_buy_below=40_rsi_sell_above=70_macd_enabled=True_macd_fast=12_macd_slow=26_macd_signal=9_adx_enabled=False_adx_length=14_adx_min_adx=20_sma_enabled=False_sma_length=50_bb_enabled=False_bb_length=20_bb_stddev=2.0_combination_mode=all
ICICIBANK.NS,2015-01-19,2015-02-02,165,301.1178283691406,295.49268716101363,301.2683872833252,295.34494081743316,49709.283901748655,48731.91523487647,-977.3686668721857,-1061.395215692862,-1.9661692749466548,-2.135205201890918,-2.1227904313857238,84.02654882067617,"{'brokerage_entry': 20.0, 'brokerage_exit': 20.0, 'exchange_entry': np.float64(1.476365731881935), 'exchange_exit': np.float64(1.4473378824758312), 'sebi_entry': np.float64(0.049709283901748655), 'sebi_exit': np.float64(0.048731915234876466), 'ipft_entry': np.float64(0.049709283901748655), 'ipft_exit': np.float64(0.048731915234876466), 'stamp_buy': np.float64(1.4912785170524596), 'stt_sell': np.float64(12.182978808719117), 'dp_sell': 16.5, 'gst': np.float64(10.731705482273581), 'fees_total': np.float64(84.02654882067617)}",TSL,9,1413_rsi_enabled=False_rsi_buy_below=40_rsi_sell_above=70_macd_enabled=True_macd_fast=12_macd_slow=26_macd_signal=9_adx_enabled=False_adx_length=14_adx_min_adx=20_sma_enabled=False_sma_length=50_bb_enabled=False_bb_length=20_bb_stddev=2.0_combination_mode=all
ICICIBANK.NS,2015-04-29,2015-05-06,181,275.53778076171875,261.7608917236328,275.6755496520996,261.630011277771,49897.27448703003,47355.03204127656,-2542.2424457534726,-2625.8859417764006,-5.094952523738118,-5.262583916199583,-5.251771883552801,83.64349602292788,"{'brokerage_entry': 20.0, 'brokerage_exit': 20.0, 'exchange_entry': np.float64(1.481949052264792), 'exchange_exit': np.float64(1.4064444516259138), 'sebi_entry': np.float64(0.049897274487030026), 'sebi_exit': np.float64(0.04735503204127656), 'ipft_entry': np.float64(0.049897274487030026), 'ipft_exit': np.float64(0.04735503204127656), 'stamp_buy': np.float64(1.496918234610901), 'stt_sell': np.float64(11.83875801031914), 'dp_sell': 16.5, 'gst': np.float64(10.724921661050518), 'fees_total': np.float64(83.64349602292788)}",HSL,4,1413_rsi_enabled=False_rsi_buy_below=40_rsi_sell_above=70_macd_enabled=True_macd_fast=12_macd_slow=26_macd_signal=9_adx_enabled=False_adx_length=14_adx_min_adx=20_sma_enabled=False_sma_length=50_bb_enabled=False_bb_length=20_bb_stddev=2.0_combination_mode=all
ICICIBANK.NS,2015-05-11,2015-05-12,185,269.9878845214844,256.48849029541014,270.1228784637451,256.36024605026245,49972.73251579284,47426.64551929855,-2546.0869964942904,-2629.756160984369,-5.094952523738126,-5.262382160417762,-5.259512321968739,83.66916449007905,"{'brokerage_entry': 20.0, 'brokerage_exit': 20.0, 'exchange_entry': np.float64(1.4841901557190473), 'exchange_exit': np.float64(1.408571371923167), 'sebi_entry': np.float64(0.04997273251579284), 'sebi_exit': np.float64(0.04742664551929855), 'ipft_entry': np.float64(0.04997273251579284), 'ipft_exit': np.float64(0.04742664551929855), 'stamp_buy': np.float64(1.4991819754737854), 'stt_sell': np.float64(11.856661379824638), 'dp_sell': 16.5, 'gst': np.float64(10.725760851068232), 'fees_total': np.float64(83.66916449007905)}",HSL,1,1413_rsi_enabled=False_rsi_buy_below=40_rsi_sell_above=70_macd_enabled=True_macd_fast=12_macd_slow=26_macd_signal=9_adx_enabled=False_adx_length=14_adx_min_adx=20_sma_enabled=False_sma_length=50_bb_enabled=False_bb_length=20_bb_stddev=2.0_combination_mode=all
ICICIBANK.NS,2015-06-22,2015-07-06,186,267.457275390625,267.54217529296875,267.5910040283203,267.40840420532226,49771.92674926758,49737.96318218994,-33.96356707764062,-118.2834826184422,-0.06823840123517101,-0.23765100196805783,-0.23656696523688442,84.31991554080159,"{'brokerage_entry': 20.0, 'brokerage_exit': 20.0, 'exchange_entry': np.float64(1.4782262244532471), 'exchange_exit': np.float64(1.4772175065110411), 'sebi_entry': np.float64(0.04977192674926758), 'sebi_exit': np.float64(0.04973796318218993), 'ipft_entry': np.float64(0.04977192674926758), 'ipft_exit': np.float64(0.04973796318218993), 'stamp_buy': np.float64(1.4931578024780274), 'stt_sell': np.float64(12.434490795547484), 'dp_sell': 16.5, 'gst': np.float64(10.737803431948894), 'fees_total': np.float64(84.31991554080159)}",Time,10,1413_rsi_enabled=False_rsi_buy_below=40_rsi_sell_above=70_macd_enabled=True_macd_fast=12_macd_slow=26_macd_signal=9_adx_enabled=False_adx_length=14_adx_min_adx=20_sma_enabled=False_sma_length=50_bb_enabled=False_bb_length=20_bb_stddev=2.0_combination_mode=all
ICICIBANK.NS,2015-08-06,2015-08-12,189,264.0615539550781,250.8584762573242,264.1935847320556,250.73304701919557,49932.587514358514,47388.54588662796,-2544.041627730556,-2627.697136143641,-5.094952523738123,-5.262489422139451,-5.2553942722872815,83.65550841308503,"{'brokerage_entry': 20.0, 'brokerage_exit': 20.0, 'exchange_entry': np.float64(1.482997849176448), 'exchange_exit': np.float64(1.4074398128328505), 'sebi_entry': np.float64(0.049932587514358515), 'sebi_exit': np.float64(0.047388545886627956), 'ipft_entry': np.float64(0.049932587514358515), 'ipft_exit': np.float64(0.047388545886627956), 'stamp_buy': np.float64(1.4979776254307555), 'stt_sell': np.float64(11.84713647165699), 'dp_sell': 16.5, 'gst': np.float64(10.725314387186026), 'fees_total': np.float64(83.65550841308503)}",HSL,4,1413_rsi_enabled=False_rsi_buy_below=40_rsi_sell_above=70_macd_enabled=True_macd_fast=12_macd_slow=26_macd_signal=9_adx_enabled=False_adx_length=14_adx_min_adx=20_sma_enabled=False_sma_length=50_bb_enabled=False_bb_length=20_bb_stddev=2.0_combination_mode=all
ICICIBANK.NS,2015-10-12,2015-10-27,204,244.15399169921875,240.8431396484375,244.27606869506835,240.7227180786133,49832.31801379394,49107.43448803711,-724.883525756828,-809.0262943013346,-1.454645408138901,-1.6234972133493577,-1.618052588602669,84.14276854450658,"{'brokerage_entry': 20.0, 'brokerage_exit': 20.0, 'exchange_entry': np.float64(1.48001984500968), 'exchange_exit': np.float64(1.4584908042947022), 'sebi_entry': np.float64(0.04983231801379394), 'sebi_exit': np.float64(0.04910743448803711), 'ipft_entry': np.float64(0.04983231801379394), 'ipft_exit': np.float64(0.04910743448803711), 'stamp_buy': np.float64(1.4949695404138184), 'stt_sell': np.float64(12.276858622009279), 'dp_sell': 16.5, 'gst': np.float64(10.734550227775447), 'fees_total': np.float64(84.14276854450658)}",Time,10,1413_rsi_enabled=False_rsi_buy_below=40_rsi_sell_above=70_macd_enabled=True_macd_fast=12_macd_slow=26_macd_signal=9_adx_enabled=False_adx_length=14_adx_min_adx=20_sma_enabled=False_sma_length=50_bb_enabled=False_bb_length=20_bb_stddev=2.0_combination_mode=all
ICICIBANK.NS,2016-03-03,2016-03-18,270,185.0680694580078,195.42506408691406,185.1606034927368,195.3273515548706,49993.36294303894,52738.384919815064,2745.0219767761228,2659.8247958973197,5.490772804989585,5.320355821887499,5.31964959179464,85.19718087880285,"{'brokerage_entry': 20.0, 'brokerage_exit': 20.0, 'exchange_entry': np.float64(1.4848028794082566), 'exchange_exit': np.float64(1.5663300321185074), 'sebi_entry': np.float64(0.04999336294303894), 'sebi_exit': np.float64(0.052738384919815064), 'ipft_entry': np.float64(0.04999336294303894), 'ipft_exit': np.float64(0.052738384919815064), 'stamp_buy': np.float64(1.4998008882911682), 'stt_sell': np.float64(13.184596229953765), 'dp_sell': 16.5, 'gst': np.float64(10.756187353305444), 'fees_total': np.float64(85.19718087880285)}",Time,10,1413_rsi_enabled=False_rsi_buy_below=40_rsi_sell_above=70_macd_enabled=True_macd_fast=12_macd_slow=26_macd_signal=9_adx_enabled=False_adx_length=14_adx_min_adx=20_sma_enabled=False_sma_length=50_bb_enabled=False_bb_length=20_bb_stddev=2.0_combination_mode=all
ICICIBANK.NS,2016-05-27,2016-06-10,242,206.41879272460938,214.44125366210938,206.52200212097168,214.33403303527834,49978.32451327515,51868.83599453736,1890.5114812622123,1805.5652276422245,3.7826627836634623,3.6126965944259166,3.611130455284449,84.94625361998784,"{'brokerage_entry': 20.0, 'brokerage_exit': 20.0, 'exchange_entry': np.float64(1.4843562380442719), 'exchange_exit': np.float64(1.5405044290377596), 'sebi_entry': np.float64(0.04997832451327514), 'sebi_exit': np.float64(0.05186883599453736), 'ipft_entry': np.float64(0.04997832451327514), 'ipft_exit': np.float64(0.05186883599453736), 'stamp_buy': np.float64(1.4993497353982546), 'stt_sell': np.float64(12.96720899863434), 'dp_sell': 16.5, 'gst': np.float64(10.751139897857579), 'fees_total': np.float64(84.94625361998784)}",Time,10,1413_rsi_enabled=False_rsi_buy_below=40_rsi_sell_above=70_macd_enabled=True_macd_fast=12_macd_slow=26_macd_signal=9_adx_enabled=False_adx_length=14_adx_min_adx=20_sma_enabled=False_sma_length=50_bb_enabled=False_bb_length=20_bb_stddev=2.0_combination_mode=all
ICICIBANK.NS,2016-07-04,2016-07-19,232,214.99900817871094,233.19357299804688,215.10650768280027,233.07697621154787,49904.70978240966,54073.85848107911,4169.148698669444,4083.5736704312376,8.354218904082234,8.182742046263956,8.167147340862476,85.57502823820614,"{'brokerage_entry': 20.0, 'brokerage_exit': 20.0, 'exchange_entry': np.float64(1.482169880537567), 'exchange_exit': np.float64(1.6059935968880494), 'sebi_entry': np.float64(0.04990470978240966), 'sebi_exit': np.float64(0.0540738584810791), 'ipft_entry': np.float64(0.04990470978240966), 'ipft_exit': np.float64(0.0540738584810791), 'stamp_buy': np.float64(1.4971412934722899), 'stt_sell': np.float64(13.518464620269777), 'dp_sell': 16.5, 'gst': np.float64(10.763301710511469), 'fees_total': np.float64(85.57502823820614)}",Time,10,1413_rsi_enabled=False_rsi_buy_below=40_rsi_sell_above=70_macd_enabled=True_macd_fast=12_macd_slow=26_macd_signal=9_adx_enabled=False_adx_length=14_adx_min_adx=20_sma_enabled=False_sma_length=50_bb_enabled=False_bb_length=20_bb_stddev=2.0_combination_mode=all
ICICIBANK.NS,2016-09-06,2016-09-21,211,236.26930236816406,233.84335327148438,236.38743701934814,233.72643159484863,49877.74921108246,49316.27706651306,-561.4721445694013,-645.6779980593018,-1.1256966351734379,-1.2945211206840845,-1.2913559961186034,84.20585348990049,"{'brokerage_entry': 20.0, 'brokerage_exit': 20.0, 'exchange_entry': np.float64(1.4813691515691492), 'exchange_exit': np.float64(1.4646934288754379), 'sebi_entry': np.float64(0.049877749211082456), 'sebi_exit': np.float64(0.04931627706651306), 'ipft_entry': np.float64(0.049877749211082456), 'ipft_exit': np.float64(0.04931627706651306), 'stamp_buy': np.float64(1.496332476332474), 'stt_sell': np.float64(12.329069266628265), 'dp_sell': 16.5, 'gst': np.float64(10.736001113939961), 'fees_total': np.float64(84.20585348990049)}",Time,10,1413_rsi_enabled=False_rsi_buy_below=40_rsi_sell_above=70_macd_enabled=True_macd_fast=12_macd_slow=26_macd_signal=9_adx_enabled=False_adx_length=14_adx_min_adx=20_sma_enabled=False_sma_length=50_bb_enabled=False_bb_length=20_bb_stddev=2.0_combination_mode=all
ICICIBANK.NS,2016-10-19,2016-11-03,217,229.64129638671875,233.71339416503906,229.7561170349121,233.59653746795655,49857.07739657593,50690.44863054657,833.3712339706399,748.7718287325354,1.6715204289689751,1.5018365853590112,1.4975436574650707,84.59940523810447,"{'brokerage_entry': 20.0, 'brokerage_exit': 20.0, 'exchange_entry': np.float64(1.4807551986783052), 'exchange_exit': np.float64(1.505506324327233), 'sebi_entry': np.float64(0.049857077396575925), 'sebi_exit': np.float64(0.050690448630546565), 'ipft_entry': np.float64(0.049857077396575925), 'ipft_exit': np.float64(0.050690448630546565), 'stamp_buy': np.float64(1.4957123218972779), 'stt_sell': np.float64(12.672612157636642), 'dp_sell': 16.5, 'gst': np.float64(10.74372418351076), 'fees_total': np.float64(84.59940523810447)}",Time,10,1413_rsi_enabled=False_rsi_buy_below=40_rsi_sell_above=70_macd_enabled=True_macd_fast=12_macd_slow=26_macd_signal=9_adx_enabled=False_adx_length=14_adx_min_adx=20_sma_enabled=False_sma_length=50_bb_enabled=False_bb_length=20_bb_stddev=2.0_combination_mode=all
ICICIBANK.NS,2017-01-12,2017-01-24,214,232.5004425048828,222.79666137695312,232.61669272613523,222.68526304626465,49779.97224339294,47654.64629190064,-2125.3259514923047,-2209.0476515735127,-4.269439808244146,-4.4376233091747235,-4.418095303147025,83.72170008120814,"{'brokerage_entry': 20.0, 'brokerage_exit': 20.0, 'exchange_entry': np.float64(1.4784651756287703), 'exchange_exit': np.float64(1.415342994869449), 'sebi_entry': np.float64(0.049779972243392936), 'sebi_exit': np.float64(0.04765464629190064), 'ipft_entry': np.float64(0.049779972243392936), 'ipft_exit': np.float64(0.04765464629190064), 'stamp_buy': np.float64(1.4933991673017883), 'stt_sell': np.float64(11.91366157297516), 'dp_sell': 16.5, 'gst': np.float64(10.725961933362385), 'fees_total': np.float64(83.72170008120814)}",MACD_cross_down,8,1413_rsi_enabled=False_rsi_buy_below=40_rsi_sell_above=70_macd_enabled=True_macd_fast=12_macd_slow=26_macd_signal=9_adx_enabled=False_adx_length=14_adx_min_adx=20_sma_enabled=False_sma_length=50_bb_enabled=False_bb_length=20_bb_stddev=2.0_combination_mode=all
ICICIBANK.NS,2017-04-03,2017-04-19,201,248.3990020751953,243.07061767578125,248.5232015762329,242.94908236694337,49953.16351682282,48832.76555575562,-1120.3979610671959,-1204.4699338245284,-2.242896910202449,-2.4111985088169576,-2.4089398676490568,84.07197275733246,"{'brokerage_entry': 20.0, 'brokerage_exit': 20.0, 'exchange_entry': np.float64(1.4836089564496378), 'exchange_exit': np.float64(1.450333137005942), 'sebi_entry': np.float64(0.049953163516822816), 'sebi_exit': np.float64(0.048832765555755615), 'ipft_entry': np.float64(0.049953163516822816), 'ipft_exit': np.float64(0.048832765555755615), 'stamp_buy': np.float64(1.4985949055046845), 'stt_sell': np.float64(12.208191388938905), 'dp_sell': 16.5, 'gst': np.float64(10.733672511288134), 'fees_total': np.float64(84.07197275733246)}",Time,10,1413_rsi_enabled=False_rsi_buy_below=40_rsi_sell_above=70_macd_enabled=True_macd_fast=12_macd_slow=26_macd_signal=9_adx_enabled=False_adx_length=14_adx_min_adx=20_sma_enabled=False_sma_length=50_bb_enabled=False_bb_length=20_bb_stddev=2.0_combination_mode=all
ICICIBANK.NS,2017-05-04,2017-05-18,193,258.0161437988281,266.8101806640625,258.14515187072755,266.6767755737305,49822.014311050414,51468.61768572998,1646.6033746795656,1561.78268244833,3.3049715019538115,3.134724085416855,3.1235653648966597,84.82069223123557,"{'brokerage_entry': 20.0, 'brokerage_exit': 20.0, 'exchange_entry': np.float64(1.4797138250381974), 'exchange_exit': np.float64(1.5286179452661803), 'sebi_entry': np.float64(0.04982201431105041), 'sebi_exit': np.float64(0.051468617685729974), 'ipft_entry': np.float64(0.04982201431105041), 'ipft_exit': np.float64(0.051468617685729974), 'stamp_buy': np.float64(1.4946604293315124), 'stt_sell': np.float64(12.867154421432495), 'dp_sell': 16.5, 'gst': np.float64(10.747964346173626), 'fees_total': np.float64(84.82069223123557)}",Time,10,1413_rsi_enabled=False_rsi_buy_below=40_rsi_sell_above=70_macd_enabled=True_macd_fast=12_macd_slow=26_macd_signal=9_adx_enabled=False_adx_length=14_adx_min_adx=20_sma_enabled=False_sma_length=50_bb_enabled=False_bb_length=20_bb_stddev=2.0_combination_mode=all
ICICIBANK.NS,2017-10-25,2017-10-27,170,293.6366271972656,278.95479583740234,293.7834455108642,278.81531843948363,49943.18573684692,47398.604134712215,-2544.5816021347055,-2628.2407157324246,-5.094952523738133,-5.262461088447087,-5.256481431464849,83.659113597719,"{'brokerage_entry': 20.0, 'brokerage_exit': 20.0, 'exchange_entry': np.float64(1.4833126163843535), 'exchange_exit': np.float64(1.4077385428009528), 'sebi_entry': np.float64(0.04994318573684692), 'sebi_exit': np.float64(0.04739860413471221), 'ipft_entry': np.float64(0.04994318573684692), 'ipft_exit': np.float64(0.04739860413471221), 'stamp_buy': np.float64(1.4982955721054076), 'stt_sell': np.float64(11.849651033678054), 'dp_sell': 16.5, 'gst': np.float64(10.725432253007115), 'fees_total': np.float64(83.659113597719)}",HSL,2,1413_rsi_enabled=False_rsi_buy_below=40_rsi_sell_above=70_macd_enabled=True_macd_fast=12_macd_slow=26_macd_signal=9_adx_enabled=False_adx_length=14_adx_min_adx=20_sma_enabled=False_sma_length=50_bb_enabled=False_bb_length=20_bb_stddev=2.0_combination_mode=all
ICICIBANK.NS,2017-12-20,2018-01-02,164,303.33795166015625,297.4787292480469,303.4896206359863,297.32998988342285,49772.29778430175,48762.118340881345,-1010.1794434204057,-1094.2189203087337,-2.0296017833016697,-2.198449677872521,-2.188437840617467,84.03947688832798,"{'brokerage_entry': 20.0, 'brokerage_exit': 20.0, 'exchange_entry': np.float64(1.478237244193762), 'exchange_exit': np.float64(1.448234914724176), 'sebi_entry': np.float64(0.04977229778430175), 'sebi_exit': np.float64(0.048762118340881344), 'ipft_entry': np.float64(0.04977229778430175), 'ipft_exit': np.float64(0.048762118340881344), 'stamp_buy': np.float64(1.4931689335290526), 'stt_sell': np.float64(12.190529585220336), 'dp_sell': 16.5, 'gst': np.float64(10.732237378410295), 'fees_total': np.float64(84.03947688832798)}",MACD_cross_down,8,1413_rsi_enabled=False_rsi_buy_below=40_rsi_sell_above=70_macd_enabled=True_macd_fast=12_macd_slow=26_macd_signal=9_adx_enabled=False_adx_length=14_adx_min_adx=20_sma_enabled=False_sma_length=50_bb_enabled=False_bb_length=20_bb_stddev=2.0_combination_mode=all
ICICIBANK.NS,2018-05-08,2018-05-18,168,297.094482421875,282.23975830078126,297.2430296630859,282.0986384216309,49936.82898339843,47392.57125483399,-2544.257728564444,-2627.9146797929657,-5.0949525237381135,-5.26247808139083,-5.255829359585931,83.65695122852176,"{'brokerage_entry': 20.0, 'brokerage_exit': 20.0, 'exchange_entry': np.float64(1.4831238208069335), 'exchange_exit': np.float64(1.4075593662685695), 'sebi_entry': np.float64(0.04993682898339843), 'sebi_exit': np.float64(0.04739257125483398), 'ipft_entry': np.float64(0.04993682898339843), 'ipft_exit': np.float64(0.04739257125483398), 'stamp_buy': np.float64(1.498104869501953), 'stt_sell': np.float64(11.848142813708497), 'dp_sell': 16.5, 'gst': np.float64(10.725361557759353), 'fees_total': np.float64(83.65695122852176)}",HSL,8,1413_rsi_enabled=False_rsi_buy_below=40_rsi_sell_above=70_macd_enabled=True_macd_fast=12_macd_slow=26_macd_signal=9_adx_enabled=False_adx_length=14_adx_min_adx=20_sma_enabled=False_sma_length=50_bb_enabled=False_bb_length=20_bb_stddev=2.0_combination_mode=all
ICICIBANK.NS,2018-07-26,2018-08-09,182,274.3777770996094,319.8592224121094,274.5149659881592,319.6992928009033,49961.723809844974,58185.2712897644,8223.547479919427,8136.786963883995,16.45969524834324,16.28604128002613,16.27357392776799,86.76051603543243,"{'brokerage_entry': 20.0, 'brokerage_exit': 20.0, 'exchange_entry': np.float64(1.4838631971523957), 'exchange_exit': np.float64(1.7281025573060027), 'sebi_entry': np.float64(0.049961723809844975), 'sebi_exit': np.float64(0.0581852712897644), 'ipft_entry': np.float64(0.049961723809844975), 'ipft_exit': np.float64(0.0581852712897644), 'stamp_buy': np.float64(1.4988517142953492), 'stt_sell': np.float64(14.5463178224411), 'dp_sell': 16.5, 'gst': np.float64(10.78708675403837), 'fees_total': np.float64(86.76051603543243)}",Time,10,1413_rsi_enabled=False_rsi_buy_below=40_rsi_sell_above=70_macd_enabled=True_macd_fast=12_macd_slow=26_macd_signal=9_adx_enabled=False_adx_length=14_adx_min_adx=20_sma_enabled=False_sma_length=50_bb_enabled=False_bb_length=20_bb_stddev=2.0_combination_mode=all
ICICIBANK.NS,2018-10-29,2018-11-13,148,337.1116638183594,348.2072448730469,337.2802196502685,348.03314125061036,49917.47250823974,51508.904905090334,1591.4323968505923,1506.5936913755495,3.1881269561232273,3.018169021131549,3.013187382751099,84.83870547504281,"{'brokerage_entry': 20.0, 'brokerage_exit': 20.0, 'exchange_entry': np.float64(1.4825489334947204), 'exchange_exit': np.float64(1.529814475681183), 'sebi_entry': np.float64(0.04991747250823974), 'sebi_exit': np.float64(0.05150890490509033), 'ipft_entry': np.float64(0.04991747250823974), 'ipft_exit': np.float64(0.05150890490509033), 'stamp_buy': np.float64(1.4975241752471924), 'stt_sell': np.float64(12.877226226272583), 'dp_sell': 16.5, 'gst': np.float64(10.748738909520462), 'fees_total': np.float64(84.83870547504281)}",Time,10,1413_rsi_enabled=False_rsi_buy_below=40_rsi_sell_above=70_macd_enabled=True_macd_fast=12_macd_slow=26_macd_signal=9_adx_enabled=False_adx_length=14_adx_min_adx=20_sma_enabled=False_sma_length=50_bb_enabled=False_bb_length=20_bb_stddev=2.0_combination_mode=all
ICICIBANK.NS,2019-03-06,2019-03-20,139,358.86865234375,379.08184814453125,359.0480866699219,378.89230722045903,49907.68404711914,52666.0307036438,2758.3466565246636,2673.176045953372,5.526897729657095,5.356241422522346,5.346352091906744,85.17061057129156,"{'brokerage_entry': 20.0, 'brokerage_exit': 20.0, 'exchange_entry': np.float64(1.4822582161994384), 'exchange_exit': np.float64(1.564181111898221), 'sebi_entry': np.float64(0.049907684047119136), 'sebi_exit': np.float64(0.0526660307036438), 'ipft_entry': np.float64(0.049907684047119136), 'ipft_exit': np.float64(0.0526660307036438), 'stamp_buy': np.float64(1.4972305214135742), 'stt_sell': np.float64(13.166507675910951), 'dp_sell': 16.5, 'gst': np.float64(10.755285616367853), 'fees_total': np.float64(85.17061057129156)}",Time,10,1413_rsi_enabled=False_rsi_buy_below=40_rsi_sell_above=70_macd_enabled=True_macd_fast=12_macd_slow=26_macd_signal=9_adx_enabled=False_adx_length=14_adx_min_adx=20_sma_enabled=False_sma_length=50_bb_enabled=False_bb_length=20_bb_stddev=2.0_combination_mode=all
ICICIBANK.NS,2019-05-23,2019-06-07,126,396.4005126953125,401.94830322265625,396.59871295166016,401.74732907104493,49971.43783190918,50620.16346295166,648.7256310424855,564.1387176037547,1.2981928461306806,1.1289223245914388,1.1282774352075093,84.58691343873073,"{'brokerage_entry': 20.0, 'brokerage_exit': 20.0, 'exchange_entry': np.float64(1.4841517036077025), 'exchange_exit': np.float64(1.5034188548496643), 'sebi_entry': np.float64(0.049971437831909174), 'sebi_exit': np.float64(0.05062016346295166), 'ipft_entry': np.float64(0.049971437831909174), 'ipft_exit': np.float64(0.05062016346295166), 'stamp_buy': np.float64(1.4991431349572755), 'stt_sell': np.float64(12.655040865737917), 'dp_sell': 16.5, 'gst': np.float64(10.743975676988475), 'fees_total': np.float64(84.58691343873073)}",Time,10,1413_rsi_enabled=False_rsi_buy_below=40_rsi_sell_above=70_macd_enabled=True_macd_fast=12_macd_slow=26_macd_signal=9_adx_enabled=False_adx_length=14_adx_min_adx=20_sma_enabled=False_sma_length=50_bb_enabled=False_bb_length=20_bb_stddev=2.0_combination_mode=all
ICICIBANK.NS,2019-09-23,2019-10-01,115,431.65576171875,410.0729736328125,431.87158959960936,409.8679371459961,49665.23280395508,47134.812771789555,-2530.4200321655226,-2613.984594847395,-5.0949525237381215,-5.263208178577653,-5.2279691896947895,83.56456268187233,"{'brokerage_entry': 20.0, 'brokerage_exit': 20.0, 'exchange_entry': np.float64(1.4750574142774657), 'exchange_exit': np.float64(1.3999039393221497), 'sebi_entry': np.float64(0.04966523280395507), 'sebi_exit': np.float64(0.047134812771789554), 'ipft_entry': np.float64(0.04966523280395507), 'ipft_exit': np.float64(0.047134812771789554), 'stamp_buy': np.float64(1.4899569841186524), 'stt_sell': np.float64(11.783703192947389), 'dp_sell': 16.5, 'gst': np.float64(10.722341060055196), 'fees_total': np.float64(83.56456268187233)}",HSL,6,1413_rsi_enabled=False_rsi_buy_below=40_rsi_sell_above=70_macd_enabled=True_macd_fast=12_macd_slow=26_macd_signal=9_adx_enabled=False_adx_length=14_adx_min_adx=20_sma_enabled=False_sma_length=50_bb_enabled=False_bb_length=20_bb_stddev=2.0_combination_mode=all
ICICIBANK.NS,2020-02-12,2020-02-24,94,531.276123046875,512.4642944335938,531.5417611083984,512.208062286377,49964.92554418945,48147.55785491943,-1817.3676892700169,-1901.2435220540995,-3.637286895709911,-3.8051563198520566,-3.8024870441081986,83.8758327840826,"{'brokerage_entry': 20.0, 'brokerage_exit': 20.0, 'exchange_entry': np.float64(1.4839582886624267), 'exchange_exit': np.float64(1.429982468291107), 'sebi_entry': np.float64(0.049964925544189444), 'sebi_exit': np.float64(0.04814755785491943), 'ipft_entry': np.float64(0.049964925544189444), 'ipft_exit': np.float64(0.04814755785491943), 'stamp_buy': np.float64(1.4989477663256836), 'stt_sell': np.float64(12.036889463729858), 'dp_sell': 16.5, 'gst': np.float64(10.729829830275314), 'fees_total': np.float64(83.8758327840826)}",MACD_cross_down,7,1413_rsi_enabled=False_rsi_buy_below=40_rsi_sell_above=70_macd_enabled=True_macd_fast=12_macd_slow=26_macd_signal=9_adx_enabled=False_adx_length=14_adx_min_adx=20_sma_enabled=False_sma_length=50_bb_enabled=False_bb_length=20_bb_stddev=2.0_combination_mode=all
ICICIBANK.NS,2020-06-03,2020-06-12,144,345.140869140625,327.8838256835937,345.3134395751953,327.71988377075195,49725.13529882812,47191.66326298828,-2533.472035839841,-2617.056975481556,-5.094952523738126,-5.263046464839348,-5.2341139509631125,83.5849396417152,"{'brokerage_entry': 20.0, 'brokerage_exit': 20.0, 'exchange_entry': np.float64(1.4768365183751953), 'exchange_exit': np.float64(1.401592398910752), 'sebi_entry': np.float64(0.04972513529882812), 'sebi_exit': np.float64(0.04719166326298828), 'ipft_entry': np.float64(0.04972513529882812), 'ipft_exit': np.float64(0.04719166326298828), 'stamp_buy': np.float64(1.4917540589648437), 'stt_sell': np.float64(11.79791581574707), 'dp_sell': 16.5, 'gst': np.float64(10.723007252593723), 'fees_total': np.float64(83.5849396417152)}",HSL,7,1413_rsi_enabled=False_rsi_buy_below=40_rsi_sell_above=70_macd_enabled=True_macd_fast=12_macd_slow=26_macd_signal=9_adx_enabled=False_adx_length=14_adx_min_adx=20_sma_enabled=False_sma_length=50_bb_enabled=False_bb_length=20_bb_stddev=2.0_combination_mode=all
ICICIBANK.NS,2020-07-21,2020-07-27,136,366.37060546875,348.0520751953125,366.55379077148433,347.8780491577149,49851.31554492187,47311.41468544922,-2539.9008594726474,-2623.5287216973547,-5.0949525237381135,-5.262707098137157,-5.247057443394709,83.62786222470723,"{'brokerage_entry': 20.0, 'brokerage_exit': 20.0, 'exchange_entry': np.float64(1.4805840716841796), 'exchange_exit': np.float64(1.405149016157842), 'sebi_entry': np.float64(0.049851315544921865), 'sebi_exit': np.float64(0.04731141468544922), 'ipft_entry': np.float64(0.049851315544921865), 'ipft_exit': np.float64(0.04731141468544922), 'stamp_buy': np.float64(1.495539466347656), 'stt_sell': np.float64(11.827853671362305), 'dp_sell': 16.5, 'gst': np.float64(10.724410538694498), 'fees_total': np.float64(83.62786222470723)}",HSL,4,1413_rsi_enabled=False_rsi_buy_below=40_rsi_sell_above=70_macd_enabled=True_macd_fast=12_macd_slow=26_macd_signal=9_adx_enabled=False_adx_length=14_adx_min_adx=20_sma_enabled=False_sma_length=50_bb_enabled=False_bb_length=20_bb_stddev=2.0_combination_mode=all
ICICIBANK.NS,2020-08-26,2020-09-04,132,376.574462890625,357.74573974609376,376.7627501220703,357.56686687622073,49732.68301611328,47198.82642766114,-2533.856588452145,-2617.4440955917976,-5.094952523738123,-5.26302611653538,-5.234888191183595,83.5875071396525,"{'brokerage_entry': 20.0, 'brokerage_exit': 20.0, 'exchange_entry': np.float64(1.4770606855785644), 'exchange_exit': np.float64(1.4018051449015358), 'sebi_entry': np.float64(0.04973268301611328), 'sebi_exit': np.float64(0.047198826427661135), 'ipft_entry': np.float64(0.04973268301611328), 'ipft_exit': np.float64(0.047198826427661135), 'stamp_buy': np.float64(1.4919804904833984), 'stt_sell': np.float64(11.799706606915285), 'dp_sell': 16.5, 'gst': np.float64(10.723091192886175), 'fees_total': np.float64(83.5875071396525)}",HSL,7,1413_rsi_enabled=False_rsi_buy_below=40_rsi_sell_above=70_macd_enabled=True_macd_fast=12_macd_slow=26_macd_signal=9_adx_enabled=False_adx_length=14_adx_min_adx=20_sma_enabled=False_sma_length=50_bb_enabled=False_bb_length=20_bb_stddev=2.0_combination_mode=all
ICICIBANK.NS,2020-10-06,2020-10-20,135,368.1116027832031,400.9959411621094,368.2956585845947,400.79544319152836,49719.91390892029,54107.38483085633,4387.470921936045,4301.898714374403,8.824373529634945,8.65226501046414,8.603797428748807,85.57220756164178,"{'brokerage_entry': 20.0, 'brokerage_exit': 20.0, 'exchange_entry': np.float64(1.4766814430949324), 'exchange_exit': np.float64(1.606989329476433), 'sebi_entry': np.float64(0.049719913908920284), 'sebi_exit': np.float64(0.05410738483085633), 'ipft_entry': np.float64(0.049719913908920284), 'ipft_exit': np.float64(0.05410738483085633), 'stamp_buy': np.float64(1.4915974172676087), 'stt_sell': np.float64(13.526846207714083), 'dp_sell': 16.5, 'gst': np.float64(10.762438566609166), 'fees_total': np.float64(85.57220756164178)}",Time,10,1413_rsi_enabled=False_rsi_buy_below=40_rsi_sell_above=70_macd_enabled=True_macd_fast=12_macd_slow=26_macd_signal=9_adx_enabled=False_adx_length=14_adx_min_adx=20_sma_enabled=False_sma_length=50_bb_enabled=False_bb_length=20_bb_stddev=2.0_combination_mode=all
ICICIBANK.NS,2021-02-01,2021-02-15,85,583.98779296875,651.8361206054688,584.2797868652343,651.5102025451661,49663.781883544914,55378.36721633912,5714.585332794202,5628.651620904381,11.506544842263843,11.333513895705394,11.257303241808762,85.93371188982138,"{'brokerage_entry': 20.0, 'brokerage_exit': 20.0, 'exchange_entry': np.float64(1.475014321941284), 'exchange_exit': np.float64(1.6447375063252718), 'sebi_entry': np.float64(0.049663781883544915), 'sebi_exit': np.float64(0.05537836721633911), 'ipft_entry': np.float64(0.049663781883544915), 'ipft_exit': np.float64(0.05537836721633911), 'stamp_buy': np.float64(1.4899134565063474), 'stt_sell': np.float64(13.844591804084779), 'dp_sell': 16.5, 'gst': np.float64(10.769370502763937), 'fees_total': np.float64(85.93371188982138)}",Time,10,1413_rsi_enabled=False_rsi_buy_below=40_rsi_sell_above=70_macd_enabled=True_macd_fast=12_macd_slow=26_macd_signal=9_adx_enabled=False_adx_length=14_adx_min_adx=20_sma_enabled=False_sma_length=50_bb_enabled=False_bb_length=20_bb_stddev=2.0_combination_mode=all
ICICIBANK.NS,2021-04-28,2021-05-03,83,600.9619750976562,570.9138763427734,601.262456085205,570.628419404602,49904.78385507202,47362.15881058197,-2542.6250444900506,-2626.2710949657,-5.0949525237381295,-5.262563810701249,-5.2525421899313995,83.6460504756491,"{'brokerage_entry': 20.0, 'brokerage_exit': 20.0, 'exchange_entry': np.float64(1.4821720804956389), 'exchange_exit': np.float64(1.4066561166742844), 'sebi_entry': np.float64(0.049904783855072014), 'sebi_exit': np.float64(0.047362158810581964), 'ipft_entry': np.float64(0.049904783855072014), 'ipft_exit': np.float64(0.047362158810581964), 'stamp_buy': np.float64(1.4971435156521606), 'stt_sell': np.float64(11.840539702645492), 'dp_sell': 16.5, 'gst': np.float64(10.725005174850219), 'fees_total': np.float64(83.6460504756491)}",HSL,3,1413_rsi_enabled=False_rsi_buy_below=40_rsi_sell_above=70_macd_enabled=True_macd_fast=12_macd_slow=26_macd_signal=9_adx_enabled=False_adx_length=14_adx_min_adx=20_sma_enabled=False_sma_length=50_bb_enabled=False_bb_length=20_bb_stddev=2.0_combination_mode=all
ICICIBANK.NS,2021-10-14,2021-10-29,70,705.4952392578125,778.004150390625,705.8479868774414,777.6151483154297,49409.359081420895,54433.060382080075,5023.701300659181,4938.056425248767,10.167509544863156,9.994172191368486,9.876112850497533,85.64487541041437,"{'brokerage_entry': 20.0, 'brokerage_exit': 20.0, 'exchange_entry': np.float64(1.4674579647182007), 'exchange_exit': np.float64(1.6166618933477783), 'sebi_entry': np.float64(0.04940935908142089), 'sebi_exit': np.float64(0.054433060382080074), 'ipft_entry': np.float64(0.04940935908142089), 'ipft_exit': np.float64(0.054433060382080074), 'stamp_buy': np.float64(1.4822807724426268), 'stt_sell': np.float64(13.60826509552002), 'dp_sell': 16.5, 'gst': np.float64(10.762524845458737), 'fees_total': np.float64(85.64487541041437)}",Time,10,1413_rsi_enabled=False_rsi_buy_below=40_rsi_sell_above=70_macd_enabled=True_macd_fast=12_macd_slow=26_macd_signal=9_adx_enabled=False_adx_length=14_adx_min_adx=20_sma_enabled=False_sma_length=50_bb_enabled=False_bb_length=20_bb_stddev=2.0_combination_mode=all
ICICIBANK.NS,2022-01-04,2022-01-18,66,749.6795654296875,798.4230346679688,750.0544052124023,798.0238231506348,49503.590744018555,52669.572327941896,3165.9815839233415,3080.8371937811658,6.395458463396178,6.223462071089093,6.161674387562331,85.14439014217578,"{'brokerage_entry': 20.0, 'brokerage_exit': 20.0, 'exchange_entry': np.float64(1.470256645097351), 'exchange_exit': np.float64(1.5642862981398744), 'sebi_entry': np.float64(0.049503590744018555), 'sebi_exit': np.float64(0.052669572327941894), 'ipft_entry': np.float64(0.049503590744018555), 'ipft_exit': np.float64(0.052669572327941894), 'stamp_buy': np.float64(1.4851077223205567), 'stt_sell': np.float64(13.167393081985475), 'dp_sell': 16.5, 'gst': np.float64(10.753000068488607), 'fees_total': np.float64(85.14439014217578)}",Time,10,1413_rsi_enabled=False_rsi_buy_below=40_rsi_sell_above=70_macd_enabled=True_macd_fast=12_macd_slow=26_macd_signal=9_adx_enabled=False_adx_length=14_adx_min_adx=20_sma_enabled=False_sma_length=50_bb_enabled=False_bb_length=20_bb_stddev=2.0_combination_mode=all
ICICIBANK.NS,2022-04-01,2022-04-19,69,714.1768798828125,743.3259887695312,714.5339683227538,742.9543257751466,49302.84381427001,51263.84847848512,1961.0046642151065,1876.2778190891543,3.9774676519724843,3.8056178385111576,3.7525556381783085,84.72684512595217,"{'brokerage_entry': 20.0, 'brokerage_exit': 20.0, 'exchange_entry': np.float64(1.4642944612838193), 'exchange_exit': np.float64(1.522536299811008), 'sebi_entry': np.float64(0.04930284381427001), 'sebi_exit': np.float64(0.05126384847848511), 'ipft_entry': np.float64(0.04930284381427001), 'ipft_exit': np.float64(0.05126384847848511), 'stamp_buy': np.float64(1.4790853144281004), 'stt_sell': np.float64(12.815962119621279), 'dp_sell': 16.5, 'gst': np.float64(10.74383354622246), 'fees_total': np.float64(84.72684512595217)}",Time,10,1413_rsi_enabled=False_rsi_buy_below=40_rsi_sell_above=70_macd_enabled=True_macd_fast=12_macd_slow=26_macd_signal=9_adx_enabled=False_adx_length=14_adx_min_adx=20_sma_enabled=False_sma_length=50_bb_enabled=False_bb_length=20_bb_stddev=2.0_combination_mode=all
ICICIBANK.NS,2022-05-27,2022-06-10,69,717.6204223632812,698.4140625,717.9792325744628,698.06485546875,49540.56704763793,48166.47502734375,-1374.092020294178,-1457.9446856782997,-2.7736703517601216,-2.9429309605526885,-2.915889371356599,83.85266538412183,"{'brokerage_entry': 20.0, 'brokerage_exit': 20.0, 'exchange_entry': np.float64(1.4713548413148465), 'exchange_exit': np.float64(1.4305443083121094), 'sebi_entry': np.float64(0.04954056704763793), 'sebi_exit': np.float64(0.04816647502734375), 'ipft_entry': np.float64(0.04954056704763793), 'ipft_exit': np.float64(0.04816647502734375), 'stamp_buy': np.float64(1.486217011429138), 'stt_sell': np.float64(12.041618756835938), 'dp_sell': 16.5, 'gst': np.float64(10.727516382079845), 'fees_total': np.float64(83.85266538412183)}",Time,10,1413_rsi_enabled=False_rsi_buy_below=40_rsi_sell_above=70_macd_enabled=True_macd_fast=12_macd_slow=26_macd_signal=9_adx_enabled=False_adx_length=14_adx_min_adx=20_sma_enabled=False_sma_length=50_bb_enabled=False_bb_length=20_bb_stddev=2.0_combination_mode=all
ICICIBANK.NS,2022-07-07,2022-07-21,69,719.7545166015625,762.4353637695312,720.1143938598632,762.0541460876465,49687.89317633056,52581.73608004761,2893.84290371705,2808.711335149784,5.8240402615733515,5.652707642850409,5.617422670299568,85.1315685672659,"{'brokerage_entry': 20.0, 'brokerage_exit': 20.0, 'exchange_entry': np.float64(1.4757304273370175), 'exchange_exit': np.float64(1.561677561577414), 'sebi_entry': np.float64(0.04968789317633056), 'sebi_exit': np.float64(0.052581736080047604), 'ipft_entry': np.float64(0.04968789317633056), 'ipft_exit': np.float64(0.052581736080047604), 'stamp_buy': np.float64(1.4906367952899169), 'stt_sell': np.float64(13.145434020011903), 'dp_sell': 16.5, 'gst': np.float64(10.753550504536895), 'fees_total': np.float64(85.1315685672659)}",Time,10,1413_rsi_enabled=False_rsi_buy_below=40_rsi_sell_above=70_macd_enabled=True_macd_fast=12_macd_slow=26_macd_signal=9_adx_enabled=False_adx_length=14_adx_min_adx=20_sma_enabled=False_sma_length=50_bb_enabled=False_bb_length=20_bb_stddev=2.0_combination_mode=all
ICICIBANK.NS,2022-10-24,2022-11-09,55,903.921142578125,888.5028686523438,904.373103149414,888.0586172180176,49740.52067321777,48843.22394699097,-897.2967262267994,-981.3573713850071,-1.8039552342481584,-1.972953555979578,-1.9627147427700145,84.06064515820782,"{'brokerage_entry': 20.0, 'brokerage_exit': 20.0, 'exchange_entry': np.float64(1.4772934639945678), 'exchange_exit': np.float64(1.4506437512256318), 'sebi_entry': np.float64(0.04974052067321777), 'sebi_exit': np.float64(0.04884322394699097), 'ipft_entry': np.float64(0.04974052067321777), 'ipft_exit': np.float64(0.04884322394699097), 'stamp_buy': np.float64(1.492215620196533), 'stt_sell': np.float64(12.210805986747742), 'dp_sell': 16.5, 'gst': np.float64(10.732518846802911), 'fees_total': np.float64(84.06064515820782)}",Time,10,1413_rsi_enabled=False_rsi_buy_below=40_rsi_sell_above=70_macd_enabled=True_macd_fast=12_macd_slow=26_macd_signal=9_adx_enabled=False_adx_length=14_adx_min_adx=20_sma_enabled=False_sma_length=50_bb_enabled=False_bb_length=20_bb_stddev=2.0_combination_mode=all
ICICIBANK.NS,2023-03-08,2023-03-13,58,851.0305786132812,808.4790496826172,851.4560939025879,808.0748101577759,49384.4534463501,46868.338989151,-2516.1144571990953,-2599.583507503616,-5.094952523738129,-5.2639714041337555,-5.199167015007233,83.46905030452061,"{'brokerage_entry': 20.0, 'brokerage_exit': 20.0, 'exchange_entry': np.float64(1.466718267356598), 'exchange_exit': np.float64(1.3919896679777848), 'sebi_entry': np.float64(0.0493844534463501), 'sebi_exit': np.float64(0.046868338989151), 'ipft_entry': np.float64(0.0493844534463501), 'ipft_exit': np.float64(0.046868338989151), 'stamp_buy': np.float64(1.4815336033905029), 'stt_sell': np.float64(11.71708474728775), 'dp_sell': 16.5, 'gst': np.float64(10.719218433636968), 'fees_total': np.float64(83.46905030452061)}",HSL,3,1413_rsi_enabled=False_rsi_buy_below=40_rsi_sell_above=70_macd_enabled=True_macd_fast=12_macd_slow=26_macd_signal=9_adx_enabled=False_adx_length=14_adx_min_adx=20_sma_enabled=False_sma_length=50_bb_enabled=False_bb_length=20_bb_stddev=2.0_combination_mode=all
ICICIBANK.NS,2023-03-24,2023-04-12,60,831.8065795898438,868.64453125,832.2224828796386,868.2102089843751,49933.348972778316,52092.6125390625,2159.263566284186,2074.256029563925,4.324291501980632,4.154049492443872,4.1485120591278495,85.0075367202609,"{'brokerage_entry': 20.0, 'brokerage_exit': 20.0, 'exchange_entry': np.float64(1.483020464491516), 'exchange_exit': np.float64(1.5471505924101563), 'sebi_entry': np.float64(0.04993334897277831), 'sebi_exit': np.float64(0.0520926125390625), 'ipft_entry': np.float64(0.04993334897277831), 'ipft_exit': np.float64(0.0520926125390625), 'stamp_buy': np.float64(1.4980004691833495), 'stt_sell': np.float64(13.023153134765625), 'dp_sell': 16.5, 'gst': np.float64(10.752160136386564), 'fees_total': np.float64(85.0075367202609)}",Time,10,1413_rsi_enabled=False_rsi_buy_below=40_rsi_sell_above=70_macd_enabled=True_macd_fast=12_macd_slow=26_macd_signal=9_adx_enabled=False_adx_length=14_adx_min_adx=20_sma_enabled=False_sma_length=50_bb_enabled=False_bb_length=20_bb_stddev=2.0_combination_mode=all
ICICIBANK.NS,2023-07-03,2023-07-17,54,919.7785034179688,945.296875,920.2383926696776,944.8242265625,49692.87320416259,51020.508234375004,1327.635030212412,1242.9518322116035,2.6716809566591952,2.501267791670951,2.4859036644232066,84.68319800080857,"{'brokerage_entry': 20.0, 'brokerage_exit': 20.0, 'exchange_entry': np.float64(1.475878334163629), 'exchange_exit': np.float64(1.5153090945609375), 'sebi_entry': np.float64(0.04969287320416259), 'sebi_exit': np.float64(0.051020508234375005), 'ipft_entry': np.float64(0.04969287320416259), 'ipft_exit': np.float64(0.051020508234375005), 'stamp_buy': np.float64(1.4907861961248778), 'stt_sell': np.float64(12.755127058593752), 'dp_sell': 16.5, 'gst': np.float64(10.744670554488296), 'fees_total': np.float64(84.68319800080857)}",Time,10,1413_rsi_enabled=False_rsi_buy_below=40_rsi_sell_above=70_macd_enabled=True_macd_fast=12_macd_slow=26_macd_signal=9_adx_enabled=False_adx_length=14_adx_min_adx=20_sma_enabled=False_sma_length=50_bb_enabled=False_bb_length=20_bb_stddev=2.0_combination_mode=all
ICICIBANK.NS,2023-08-28,2023-08-30,52,954.89794921875,943.4359130859375,955.3753981933593,942.9641951293946,49679.52070605468,49034.13814672852,-645.3825593261645,-729.4939626070754,-1.2990917588452269,-1.4683997595777298,-1.4589879252141509,84.11140328091098,"{'brokerage_entry': 20.0, 'brokerage_exit': 20.0, 'exchange_entry': np.float64(1.475481764969824), 'exchange_exit': np.float64(1.456313902957837), 'sebi_entry': np.float64(0.04967952070605468), 'sebi_exit': np.float64(0.049034138146728516), 'ipft_entry': np.float64(0.04967952070605468), 'ipft_exit': np.float64(0.049034138146728516), 'stamp_buy': np.float64(1.4903856211816404), 'stt_sell': np.float64(12.258534536682129), 'dp_sell': 16.5, 'gst': np.float64(10.733260137413982), 'fees_total': np.float64(84.11140328091098)}",MACD_cross_down,2,1413_rsi_enabled=False_rsi_buy_below=40_rsi_sell_above=70_macd_enabled=True_macd_fast=12_macd_slow=26_macd_signal=9_adx_enabled=False_adx_length=14_adx_min_adx=20_sma_enabled=False_sma_length=50_bb_enabled=False_bb_length=20_bb_stddev=2.0_combination_mode=all
ICICIBANK.NS,2023-12-04,2023-12-18,51,975.2149658203125,1004.9771118164062,975.7025733032226,1004.4746232604981,49760.83123846435,51228.205786285405,1467.3745478210549,1382.6270755183818,2.9488545735682914,2.7785449742439847,2.7652541510367636,84.74747230267307,"{'brokerage_entry': 20.0, 'brokerage_exit': 20.0, 'exchange_entry': np.float64(1.4778966877823911), 'exchange_exit': np.float64(1.5214777118526766), 'sebi_entry': np.float64(0.04976083123846435), 'sebi_exit': np.float64(0.051228205786285404), 'ipft_entry': np.float64(0.04976083123846435), 'ipft_exit': np.float64(0.051228205786285404), 'stamp_buy': np.float64(1.4928249371539306), 'stt_sell': np.float64(12.807051446571352), 'dp_sell': 16.5, 'gst': np.float64(10.746243445263223), 'fees_total': np.float64(84.74747230267307)}",Time,10,1413_rsi_enabled=False_rsi_buy_below=40_rsi_sell_above=70_macd_enabled=True_macd_fast=12_macd_slow=26_macd_signal=9_adx_enabled=False_adx_length=14_adx_min_adx=20_sma_enabled=False_sma_length=50_bb_enabled=False_bb_length=20_bb_stddev=2.0_combination_mode=all
ICICIBANK.NS,2024-01-23,2024-02-07,49,1012.45458984375,1005.6658325195312,1012.9608171386718,1005.1629996032715,49635.08003979492,49252.9869805603,-382.09305923461943,-466.26436541591676,-0.7698044587180607,-0.9393847356387647,-0.9325287308318336,84.17130618129733,"{'brokerage_entry': 20.0, 'brokerage_exit': 20.0, 'exchange_entry': np.float64(1.4741618771819092), 'exchange_exit': np.float64(1.4628137133226409), 'sebi_entry': np.float64(0.049635080039794915), 'sebi_exit': np.float64(0.0492529869805603), 'ipft_entry': np.float64(0.049635080039794915), 'ipft_exit': np.float64(0.0492529869805603), 'stamp_buy': np.float64(1.4890524011938477), 'stt_sell': np.float64(12.313246745140075), 'dp_sell': 16.5, 'gst': np.float64(10.734255310418146), 'fees_total': np.float64(84.17130618129733)}",Time,10,1413_rsi_enabled=False_rsi_buy_below=40_rsi_sell_above=70_macd_enabled=True_macd_fast=12_macd_slow=26_macd_signal=9_adx_enabled=False_adx_length=14_adx_min_adx=20_sma_enabled=False_sma_length=50_bb_enabled=False_bb_length=20_bb_stddev=2.0_combination_mode=all
ICICIBANK.NS,2024-04-29,2024-05-10,43,1141.4403076171875,1099.035400390625,1142.011027770996,1098.4858826904297,49106.47419415283,47234.892955688476,-1871.5812384643505,-1955.136901108704,-3.8112718723495775,-3.981423902230604,-3.910273802217408,83.55566264435366,"{'brokerage_entry': 20.0, 'brokerage_exit': 20.0, 'exchange_entry': np.float64(1.458462283566339), 'exchange_exit': np.float64(1.4028763207839476), 'sebi_entry': np.float64(0.04910647419415282), 'sebi_exit': np.float64(0.04723489295568847), 'ipft_entry': np.float64(0.04910647419415282), 'ipft_exit': np.float64(0.04723489295568847), 'stamp_buy': np.float64(1.473194225824585), 'stt_sell': np.float64(11.80872323892212), 'dp_sell': 16.5, 'gst': np.float64(10.719723840956993), 'fees_total': np.float64(83.55566264435366)}",MACD_cross_down,8,1413_rsi_enabled=False_rsi_buy_below=40_rsi_sell_above=70_macd_enabled=True_macd_fast=12_macd_slow=26_macd_signal=9_adx_enabled=False_adx_length=14_adx_min_adx=20_sma_enabled=False_sma_length=50_bb_enabled=False_bb_length=20_bb_stddev=2.0_combination_mode=all
ICICIBANK.NS,2024-06-25,2024-07-09,42,1178.630615234375,1228.1195068359375,1179.2199305419922,1227.5054470825196,49527.23708276367,51555.228777465825,2027.9916947021557,1943.1659796773386,4.094699834180598,3.923428994090998,3.8863319593546777,84.82571502481713,"{'brokerage_entry': 20.0, 'brokerage_exit': 20.0, 'exchange_entry': np.float64(1.470958941358081), 'exchange_exit': np.float64(1.531190294690735), 'sebi_entry': np.float64(0.049527237082763666), 'sebi_exit': np.float64(0.05155522877746582), 'ipft_entry': np.float64(0.049527237082763666), 'ipft_exit': np.float64(0.05155522877746582), 'stamp_buy': np.float64(1.48581711248291), 'stt_sell': np.float64(12.888807194366457), 'dp_sell': 16.5, 'gst': np.float64(10.74677655019847), 'fees_total': np.float64(84.82571502481713)}",Time,10,1413_rsi_enabled=False_rsi_buy_below=40_rsi_sell_above=70_macd_enabled=True_macd_fast=12_macd_slow=26_macd_signal=9_adx_enabled=False_adx_length=14_adx_min_adx=20_sma_enabled=False_sma_length=50_bb_enabled=False_bb_length=20_bb_stddev=2.0_combination_mode=all
ICICIBANK.NS,2024-08-30,2024-09-13,40,1219.7879638671875,1240.7760009765625,1220.397857849121,1240.1556129760743,48815.91431396484,49606.22451904297,790.3102050781308,706.0925929937637,1.6189601612194853,1.446439348554352,1.4121851859875272,84.21761208436718,"{'brokerage_entry': 20.0, 'brokerage_exit': 20.0, 'exchange_entry': np.float64(1.4498326551247556), 'exchange_exit': np.float64(1.473304868215576), 'sebi_entry': np.float64(0.048815914313964835), 'sebi_exit': np.float64(0.049606224519042966), 'ipft_entry': np.float64(0.048815914313964835), 'ipft_exit': np.float64(0.049606224519042966), 'stamp_buy': np.float64(1.464477429418945), 'stt_sell': np.float64(12.401556129760742), 'dp_sell': 16.5, 'gst': np.float64(10.731596724181143), 'fees_total': np.float64(84.21761208436718)}",Time,10,1413_rsi_enabled=False_rsi_buy_below=40_rsi_sell_above=70_macd_enabled=True_macd_fast=12_macd_slow=26_macd_signal=9_adx_enabled=False_adx_length=14_adx_min_adx=20_sma_enabled=False_sma_length=50_bb_enabled=False_bb_length=20_bb_stddev=2.0_combination_mode=all
ICICIBANK.NS,2024-10-29,2024-11-05,37,1321.6519775390625,1255.5693786621093,1322.3128035278319,1254.9415939727783,48925.57373052978,46432.838976992796,-2492.7347535369845,-2576.0477072788863,-5.094952523738126,-5.265237606547311,-5.152095414557772,83.31295374190168,"{'brokerage_entry': 20.0, 'brokerage_exit': 20.0, 'exchange_entry': np.float64(1.4530895397967345), 'exchange_exit': np.float64(1.379055317616686), 'sebi_entry': np.float64(0.048925573730529776), 'sebi_exit': np.float64(0.046432838976992796), 'ipft_entry': np.float64(0.048925573730529776), 'ipft_exit': np.float64(0.046432838976992796), 'stamp_buy': np.float64(1.4677672119158935), 'stt_sell': np.float64(11.6082097442482), 'dp_sell': 16.5, 'gst': np.float64(10.714115102909123), 'fees_total': np.float64(83.31295374190168)}",HSL,5,1413_rsi_enabled=False_rsi_buy_below=40_rsi_sell_above=70_macd_enabled=True_macd_fast=12_macd_slow=26_macd_signal=9_adx_enabled=False_adx_length=14_adx_min_adx=20_sma_enabled=False_sma_length=50_bb_enabled=False_bb_length=20_bb_stddev=2.0_combination_mode=all
ICICIBANK.NS,2024-11-25,2024-12-09,38,1290.9886474609375,1312.1751708984375,1291.634141784668,1311.5190833129884,49082.09738781738,49837.72516589356,755.6277780761739,671.3256889806219,1.5395181100466326,1.3677608022253158,1.3426513779612437,84.30208909555202,"{'brokerage_entry': 20.0, 'brokerage_exit': 20.0, 'exchange_entry': np.float64(1.4577382924181763), 'exchange_exit': np.float64(1.4801804374270386), 'sebi_entry': np.float64(0.04908209738781738), 'sebi_exit': np.float64(0.049837725165893555), 'ipft_entry': np.float64(0.04908209738781738), 'ipft_exit': np.float64(0.049837725165893555), 'stamp_buy': np.float64(1.4724629216345215), 'stt_sell': np.float64(12.45943129147339), 'dp_sell': 16.5, 'gst': np.float64(10.734436507491473), 'fees_total': np.float64(84.30208909555202)}",Time,10,1413_rsi_enabled=False_rsi_buy_below=40_rsi_sell_above=70_macd_enabled=True_macd_fast=12_macd_slow=26_macd_signal=9_adx_enabled=False_adx_length=14_adx_min_adx=20_sma_enabled=False_sma_length=50_bb_enabled=False_bb_length=20_bb_stddev=2.0_combination_mode=all
MAZDOCK.NS,2020-10-13,2020-10-15,604,82.62053680419922,78.48950996398925,82.66184707260132,78.45026520900726,49927.7556318512,47383.96018624038,-2543.79544561082,-2627.449310368227,-5.094952523738152,-5.262502343870745,-5.254898620736454,83.65386475740716,"{'brokerage_entry': 20.0, 'brokerage_exit': 20.0, 'exchange_entry': np.float64(1.4828543422659806), 'exchange_exit': np.float64(1.4073036175313394), 'sebi_entry': np.float64(0.0499277556318512), 'sebi_exit': np.float64(0.04738396018624038), 'ipft_entry': np.float64(0.0499277556318512), 'ipft_exit': np.float64(0.04738396018624038), 'stamp_buy': np.float64(1.4978326689555361), 'stt_sell': np.float64(11.845990046560095), 'dp_sell': 16.5, 'gst': np.float64(10.72526065045803), 'fees_total': np.float64(83.65386475740716)}",HSL,2,1413_rsi_enabled=False_rsi_buy_below=40_rsi_sell_above=70_macd_enabled=True_macd_fast=12_macd_slow=26_macd_signal=9_adx_enabled=False_adx_length=14_adx_min_adx=20_sma_enabled=False_sma_length=50_bb_enabled=False_bb_length=20_bb_stddev=2.0_combination_mode=all
MAZDOCK.NS,2020-11-09,2020-11-23,611,81.70986938476562,82.96204376220703,81.750724319458,82.92056274032593,49949.692559188836,50664.46383433915,714.7712751503132,630.1730952808964,1.4309823314794807,1.2616155635676052,1.2603461905617928,84.59817986941675,"{'brokerage_entry': 20.0, 'brokerage_exit': 20.0, 'exchange_entry': np.float64(1.4835058690079084), 'exchange_exit': np.float64(1.5047345758798727), 'sebi_entry': np.float64(0.04994969255918883), 'sebi_exit': np.float64(0.050664463834339146), 'ipft_entry': np.float64(0.04994969255918883), 'ipft_exit': np.float64(0.050664463834339146), 'stamp_buy': np.float64(1.498490776775665), 'stt_sell': np.float64(12.666115958584788), 'dp_sell': 16.5, 'gst': np.float64(10.744104376381468), 'fees_total': np.float64(84.59817986941675)}",Time,10,1413_rsi_enabled=False_rsi_buy_below=40_rsi_sell_above=70_macd_enabled=True_macd_fast=12_macd_slow=26_macd_signal=9_adx_enabled=False_adx_length=14_adx_min_adx=20_sma_enabled=False_sma_length=50_bb_enabled=False_bb_length=20_bb_stddev=2.0_combination_mode=all
MAZDOCK.NS,2021-05-19,2021-06-01,492,101.45870208740234,97.27989196777344,101.50943143844604,97.23125202178956,49942.640267715455,47837.77599472046,-2104.8642729949934,-2188.6495704524177,-4.214563470637427,-4.382326522427033,-4.377299140904835,83.78529745742426,"{'brokerage_entry': 20.0, 'brokerage_exit': 20.0, 'exchange_entry': np.float64(1.483296415951149), 'exchange_exit': np.float64(1.4207819470431977), 'sebi_entry': np.float64(0.04994264026771545), 'sebi_exit': np.float64(0.04783777599472046), 'ipft_entry': np.float64(0.04994264026771545), 'ipft_exit': np.float64(0.04783777599472046), 'stamp_buy': np.float64(1.4982792080314637), 'stt_sell': np.float64(11.959443998680115), 'dp_sell': 16.5, 'gst': np.float64(10.72793505519346), 'fees_total': np.float64(83.78529745742426)}",MACD_cross_down,9,1413_rsi_enabled=False_rsi_buy_below=40_rsi_sell_above=70_macd_enabled=True_macd_fast=12_macd_slow=26_macd_signal=9_adx_enabled=False_adx_length=14_adx_min_adx=20_sma_enabled=False_sma_length=50_bb_enabled=False_bb_length=20_bb_stddev=2.0_combination_mode=all
MAZDOCK.NS,2021-09-16,2021-09-30,416,120.08824157714844,118.10493469238281,120.148285697937,118.04588222503662,49981.68685034179,49107.087005615234,-874.5998447265592,-958.7525817583293,-1.74984059130565,-1.9182077320220994,-1.9175051635166585,84.15273703177,"{'brokerage_entry': 20.0, 'brokerage_exit': 20.0, 'exchange_entry': np.float64(1.4844560994551512), 'exchange_exit': np.float64(1.4584804840667724), 'sebi_entry': np.float64(0.049981686850341794), 'sebi_exit': np.float64(0.04910708700561523), 'ipft_entry': np.float64(0.049981686850341794), 'ipft_exit': np.float64(0.04910708700561523), 'stamp_buy': np.float64(1.4994506055102539), 'stt_sell': np.float64(12.276771751403809), 'dp_sell': 16.5, 'gst': np.float64(10.735400543622092), 'fees_total': np.float64(84.15273703177)}",Time,10,1413_rsi_enabled=False_rsi_buy_below=40_rsi_sell_above=70_macd_enabled=True_macd_fast=12_macd_slow=26_macd_signal=9_adx_enabled=False_adx_length=14_adx_min_adx=20_sma_enabled=False_sma_length=50_bb_enabled=False_bb_length=20_bb_stddev=2.0_combination_mode=all
MAZDOCK.NS,2021-12-31,2022-01-14,381,131.10751342773438,133.2025604248047,131.17306718444823,133.1359591445923,49976.93859727478,50724.800434089666,747.8618368148891,663.2444792982412,1.4964138616839362,1.3271010548341344,1.3264889585964825,84.61735751664787,"{'brokerage_entry': 20.0, 'brokerage_exit': 20.0, 'exchange_entry': np.float64(1.484315076339061), 'exchange_exit': np.float64(1.506526572892463), 'sebi_entry': np.float64(0.04997693859727478), 'sebi_exit': np.float64(0.05072480043408966), 'ipft_entry': np.float64(0.04997693859727478), 'ipft_exit': np.float64(0.05072480043408966), 'stamp_buy': np.float64(1.4993081579182432), 'stt_sell': np.float64(12.681200108522416), 'dp_sell': 16.5, 'gst': np.float64(10.744604122912964), 'fees_total': np.float64(84.61735751664787)}",Time,10,1413_rsi_enabled=False_rsi_buy_below=40_rsi_sell_above=70_macd_enabled=True_macd_fast=12_macd_slow=26_macd_signal=9_adx_enabled=False_adx_length=14_adx_min_adx=20_sma_enabled=False_sma_length=50_bb_enabled=False_bb_length=20_bb_stddev=2.0_combination_mode=all
MAZDOCK.NS,2022-04-04,2022-04-12,381,130.88893127441406,144.52248841950814,130.95437574005126,144.45022717529838,49893.61715695953,55035.53655378868,5141.919396829151,5056.068724252291,10.305765927239289,10.133698481604341,10.112137448504582,85.8506725768602,"{'brokerage_entry': 20.0, 'brokerage_exit': 20.0, 'exchange_entry': np.float64(1.481840429561698), 'exchange_exit': np.float64(1.6345554356475238), 'sebi_entry': np.float64(0.04989361715695953), 'sebi_exit': np.float64(0.05503553655378868), 'ipft_entry': np.float64(0.04989361715695953), 'ipft_exit': np.float64(0.05503553655378868), 'stamp_buy': np.float64(1.496808514708786), 'stt_sell': np.float64(13.75888413844717), 'dp_sell': 16.5, 'gst': np.float64(10.768725751073529), 'fees_total': np.float64(85.8506725768602)}",TSL,6,1413_rsi_enabled=False_rsi_buy_below=40_rsi_sell_above=70_macd_enabled=True_macd_fast=12_macd_slow=26_macd_signal=9_adx_enabled=False_adx_length=14_adx_min_adx=20_sma_enabled=False_sma_length=50_bb_enabled=False_bb_length=20_bb_stddev=2.0_combination_mode=all
MAZDOCK.NS,2022-07-22,2022-08-05,377,132.5518798828125,133.78099060058594,132.6181558227539,133.71410010528564,49997.04474517822,50410.215739692685,413.1709945144685,328.6426952514929,0.8263908329388114,0.6573242417156819,0.6572853905029858,84.5282992629756,"{'brokerage_entry': 20.0, 'brokerage_exit': 20.0, 'exchange_entry': np.float64(1.484912228931793), 'exchange_exit': np.float64(1.4971834074688728), 'sebi_entry': np.float64(0.049997044745178215), 'sebi_exit': np.float64(0.05041021573969268), 'ipft_entry': np.float64(0.049997044745178215), 'ipft_exit': np.float64(0.05041021573969268), 'stamp_buy': np.float64(1.4999113423553465), 'stt_sell': np.float64(12.602553934923172), 'dp_sell': 16.5, 'gst': np.float64(10.742923828326672), 'fees_total': np.float64(84.5282992629756)}",Time,10,1413_rsi_enabled=False_rsi_buy_below=40_rsi_sell_above=70_macd_enabled=True_macd_fast=12_macd_slow=26_macd_signal=9_adx_enabled=False_adx_length=14_adx_min_adx=20_sma_enabled=False_sma_length=50_bb_enabled=False_bb_length=20_bb_stddev=2.0_combination_mode=all
MAZDOCK.NS,2023-04-12,2023-04-27,143,347.60589599609375,363.55633544921875,347.77969894409176,363.37455728149416,49732.49694900512,51962.561691253664,2230.0647422485417,2145.1081215537606,4.4841197990424915,4.313292621830991,4.290216243107521,84.9566206947811,"{'brokerage_entry': 20.0, 'brokerage_exit': 20.0, 'exchange_entry': np.float64(1.4770551593854522), 'exchange_exit': np.float64(1.543288082230234), 'sebi_entry': np.float64(0.04973249694900512), 'sebi_exit': np.float64(0.05196256169125366), 'ipft_entry': np.float64(0.04973249694900512), 'ipft_exit': np.float64(0.05196256169125366), 'stamp_buy': np.float64(1.4919749084701537), 'stt_sell': np.float64(12.990640422813417), 'dp_sell': 16.5, 'gst': np.float64(10.750272004601316), 'fees_total': np.float64(84.9566206947811)}",Time,10,1413_rsi_enabled=False_rsi_buy_below=40_rsi_sell_above=70_macd_enabled=True_macd_fast=12_macd_slow=26_macd_signal=9_adx_enabled=False_adx_length=14_adx_min_adx=20_sma_enabled=False_sma_length=50_bb_enabled=False_bb_length=20_bb_stddev=2.0_combination_mode=all
MAZDOCK.NS,2023-12-18,2024-01-02,47,1052.0452880859375,1111.4786376953125,1052.5713107299805,1110.922898376465,49470.851604309086,52213.37622369385,2742.5246193847634,2657.5135495545765,5.543718230930716,5.371877506396308,5.315027099109153,85.011069830187,"{'brokerage_entry': 20.0, 'brokerage_exit': 20.0, 'exchange_entry': np.float64(1.4692842926479799), 'exchange_exit': np.float64(1.5507372738437073), 'sebi_entry': np.float64(0.049470851604309085), 'sebi_exit': np.float64(0.05221337622369385), 'ipft_entry': np.float64(0.049470851604309085), 'ipft_exit': np.float64(0.05221337622369385), 'stamp_buy': np.float64(1.4841255481292726), 'stt_sell': np.float64(13.053344055923462), 'dp_sell': 16.5, 'gst': np.float64(10.750210203986583), 'fees_total': np.float64(85.011069830187)}",Time,10,1413_rsi_enabled=False_rsi_buy_below=40_rsi_sell_above=70_macd_enabled=True_macd_fast=12_macd_slow=26_macd_signal=9_adx_enabled=False_adx_length=14_adx_min_adx=20_sma_enabled=False_sma_length=50_bb_enabled=False_bb_length=20_bb_stddev=2.0_combination_mode=all
MAZDOCK.NS,2024-04-03,2024-04-15,45,1106.4083251953125,1051.087908935547,1106.9615293579102,1050.562364981079,49813.26882110596,47275.30642414856,-2537.962396957395,-2621.577316873689,-5.094952523738126,-5.262809245240542,-5.243154633747378,83.6149199162943,"{'brokerage_entry': 20.0, 'brokerage_exit': 20.0, 'exchange_entry': np.float64(1.4794540839868469), 'exchange_exit': np.float64(1.4040766007972123), 'sebi_entry': np.float64(0.049813268821105955), 'sebi_exit': np.float64(0.04727530642414856), 'ipft_entry': np.float64(0.049813268821105955), 'ipft_exit': np.float64(0.04727530642414856), 'stamp_buy': np.float64(1.4943980646331787), 'stt_sell': np.float64(11.81882660603714), 'dp_sell': 16.5, 'gst': np.float64(10.72398741034942), 'fees_total': np.float64(83.6149199162943)}",HSL,7,1413_rsi_enabled=False_rsi_buy_below=40_rsi_sell_above=70_macd_enabled=True_macd_fast=12_macd_slow=26_macd_signal=9_adx_enabled=False_adx_length=14_adx_min_adx=20_sma_enabled=False_sma_length=50_bb_enabled=False_bb_length=20_bb_stddev=2.0_combination_mode=all
MAZDOCK.NS,2024-06-14,2024-06-27,26,1918.072998046875,2040.773454995945,1919.0320345458983,2039.7530682684471,49894.83289819336,53033.579774979626,3138.7468767862665,3053.4714966511233,6.290725300534912,6.119815057566185,6.106942993302247,85.27538013514344,"{'brokerage_entry': 20.0, 'brokerage_exit': 20.0, 'exchange_entry': np.float64(1.4818765370763427), 'exchange_exit': np.float64(1.575097319316895), 'sebi_entry': np.float64(0.04989483289819336), 'sebi_exit': np.float64(0.053033579774979626), 'ipft_entry': np.float64(0.04989483289819336), 'ipft_exit': np.float64(0.053033579774979626), 'stamp_buy': np.float64(1.4968449869458007), 'stt_sell': np.float64(13.258394943744907), 'dp_sell': 16.5, 'gst': np.float64(10.757309522713127), 'fees_total': np.float64(85.27538013514344)}",TSL,8,1413_rsi_enabled=False_rsi_buy_below=40_rsi_sell_above=70_macd_enabled=True_macd_fast=12_macd_slow=26_macd_signal=9_adx_enabled=False_adx_length=14_adx_min_adx=20_sma_enabled=False_sma_length=50_bb_enabled=False_bb_length=20_bb_stddev=2.0_combination_mode=all
MAZDOCK.NS,2024-10-18,2024-10-22,22,2245.517822265625,2133.2419311523436,2246.6405811767577,2132.1753101867675,49426.09278588867,46907.85682410889,-2518.2359617797847,-2601.7191764885,-5.0949525237381295,-5.2638576708035885,-5.203438352977,83.48321470871545,"{'brokerage_entry': 20.0, 'brokerage_exit': 20.0, 'exchange_entry': np.float64(1.4679549557408935), 'exchange_exit': np.float64(1.393163347676034), 'sebi_entry': np.float64(0.04942609278588867), 'sebi_exit': np.float64(0.04690785682410888), 'ipft_entry': np.float64(0.04942609278588867), 'ipft_exit': np.float64(0.04690785682410888), 'stamp_buy': np.float64(1.4827827835766603), 'stt_sell': np.float64(11.726964206027223), 'dp_sell': 16.5, 'gst': np.float64(10.719681516474644), 'fees_total': np.float64(83.48321470871545)}",HSL,2,1413_rsi_enabled=False_rsi_buy_below=40_rsi_sell_above=70_macd_enabled=True_macd_fast=12_macd_slow=26_macd_signal=9_adx_enabled=False_adx_length=14_adx_min_adx=20_sma_enabled=False_sma_length=50_bb_enabled=False_bb_length=20_bb_stddev=2.0_combination_mode=all
MAZDOCK.NS,2024-11-27,2024-12-11,22,2230.27880859375,2456.16845703125,2231.3939479980468,2454.9403728027346,49090.66685595703,54008.68820166016,4918.021345703128,4832.519919171748,10.018241064301895,9.844070632308663,9.665039838343496,85.501426531379,"{'brokerage_entry': 20.0, 'brokerage_exit': 20.0, 'exchange_entry': np.float64(1.4579928056219238), 'exchange_exit': np.float64(1.6040580395893067), 'sebi_entry': np.float64(0.04909066685595703), 'sebi_exit': np.float64(0.05400868820166016), 'ipft_entry': np.float64(0.04909066685595703), 'ipft_exit': np.float64(0.05400868820166016), 'stamp_buy': np.float64(1.472720005678711), 'stt_sell': np.float64(13.50217205041504), 'dp_sell': 16.5, 'gst': np.float64(10.758284919958765), 'fees_total': np.float64(85.501426531379)}",Time,10,1413_rsi_enabled=False_rsi_buy_below=40_rsi_sell_above=70_macd_enabled=True_macd_fast=12_macd_slow=26_macd_signal=9_adx_enabled=False_adx_length=14_adx_min_adx=20_sma_enabled=False_sma_length=50_bb_enabled=False_bb_length=20_bb_stddev=2.0_combination_mode=all
SHREECEM.NS,2015-01-15,2015-01-30,5,9640.1123046875,10602.478515625,9644.932360839843,10597.177276367189,48224.66180419921,52985.886381835946,4761.2245776367345,4676.075484421703,9.873007709143014,9.696440181182417,9.352150968843405,85.14909321503178,"{'brokerage_entry': 20.0, 'brokerage_exit': 20.0, 'exchange_entry': np.float64(1.4322724555847166), 'exchange_exit': np.float64(1.5736808255405277), 'sebi_entry': np.float64(0.04822466180419921), 'sebi_exit': np.float64(0.05298588638183594), 'ipft_entry': np.float64(0.04822466180419921), 'ipft_exit': np.float64(0.05298588638183594), 'stamp_buy': np.float64(1.4467398541259764), 'stt_sell': np.float64(13.246471595458987), 'dp_sell': 16.5, 'gst': np.float64(10.747507387949515), 'fees_total': np.float64(85.14909321503178)}",Time,10,1413_rsi_enabled=False_rsi_buy_below=40_rsi_sell_above=70_macd_enabled=True_macd_fast=12_macd_slow=26_macd_signal=9_adx_enabled=False_adx_length=14_adx_min_adx=20_sma_enabled=False_sma_length=50_bb_enabled=False_bb_length=20_bb_stddev=2.0_combination_mode=all
SHREECEM.NS,2015-04-09,2015-04-10,4,10720.5888671875,10441.5537109375,10725.949161621093,10436.332934082031,42903.79664648437,41745.331736328124,-1158.4649101562463,-1240.0247422860105,-2.7001454433081586,-2.890244778343226,-2.480049484572021,81.55983212976406,"{'brokerage_entry': 20.0, 'brokerage_exit': 20.0, 'exchange_entry': np.float64(1.2742427604005857), 'exchange_exit': np.float64(1.2398363525689453), 'sebi_entry': np.float64(0.04290379664648437), 'sebi_exit': np.float64(0.04174533173632812), 'ipft_entry': np.float64(0.04290379664648437), 'ipft_exit': np.float64(0.04174533173632812), 'stamp_buy': np.float64(1.2871138993945312), 'stt_sell': np.float64(10.436332934082031), 'dp_sell': 16.5, 'gst': np.float64(10.653007926552327), 'fees_total': np.float64(81.55983212976406)}",MACD_cross_down,1,1413_rsi_enabled=False_rsi_buy_below=40_rsi_sell_above=70_macd_enabled=True_macd_fast=12_macd_slow=26_macd_signal=9_adx_enabled=False_adx_length=14_adx_min_adx=20_sma_enabled=False_sma_length=50_bb_enabled=False_bb_length=20_bb_stddev=2.0_combination_mode=all
SHREECEM.NS,2015-05-14,2015-05-28,4,10948.4951171875,10655.059864826228,10953.969364746094,10649.732334893815,43815.877458984374,42598.92933957526,-1216.9481194091131,-1298.8147603308835,-2.777413554135226,-2.964255963027767,-2.597629520661767,81.86664092177027,"{'brokerage_entry': 20.0, 'brokerage_exit': 20.0, 'exchange_entry': np.float64(1.3013315605318359), 'exchange_exit': np.float64(1.2651882013853852), 'sebi_entry': np.float64(0.043815877458984374), 'sebi_exit': np.float64(0.04259892933957526), 'ipft_entry': np.float64(0.043815877458984374), 'ipft_exit': np.float64(0.04259892933957526), 'stamp_buy': np.float64(1.3144763237695312), 'stt_sell': np.float64(10.649732334893816), 'dp_sell': 16.5, 'gst': np.float64(10.66308288759258), 'fees_total': np.float64(81.86664092177027)}",TSL,10,1413_rsi_enabled=False_rsi_buy_below=40_rsi_sell_above=70_macd_enabled=True_macd_fast=12_macd_slow=26_macd_signal=9_adx_enabled=False_adx_length=14_adx_min_adx=20_sma_enabled=False_sma_length=50_bb_enabled=False_bb_length=20_bb_stddev=2.0_combination_mode=all
SHREECEM.NS,2015-07-17,2015-07-21,4,11296.0107421875,10731.210205078125,11301.658747558593,10725.844599975586,45206.63499023437,42903.37839990234,-2303.2565903320283,-2385.3044771425825,-5.094952523738125,-5.276447755197574,-4.770608954285165,82.04788681055406,"{'brokerage_entry': 20.0, 'brokerage_exit': 20.0, 'exchange_entry': np.float64(1.3426370592099608), 'exchange_exit': np.float64(1.2742303384770997), 'sebi_entry': np.float64(0.04520663499023437), 'sebi_exit': np.float64(0.04290337839990234), 'ipft_entry': np.float64(0.04520663499023437), 'ipft_exit': np.float64(0.04290337839990234), 'stamp_buy': np.float64(1.356199049707031), 'stt_sell': np.float64(10.725844599975586), 'dp_sell': 16.5, 'gst': np.float64(10.672755736404119), 'fees_total': np.float64(82.04788681055406)}",HSL,2,1413_rsi_enabled=False_rsi_buy_below=40_rsi_sell_above=70_macd_enabled=True_macd_fast=12_macd_slow=26_macd_signal=9_adx_enabled=False_adx_length=14_adx_min_adx=20_sma_enabled=False_sma_length=50_bb_enabled=False_bb_length=20_bb_stddev=2.0_combination_mode=all
SHREECEM.NS,2015-09-18,2015-09-23,4,11643.1875,11061.028124999999,11649.009093749999,11055.4976109375,46596.036374999996,44221.99044375,-2374.045931249995,-2456.566449063365,-5.094952523738121,-5.272050243272146,-4.9131328981267295,82.52051781336966,"{'brokerage_entry': 20.0, 'brokerage_exit': 20.0, 'exchange_entry': np.float64(1.3839022803374998), 'exchange_exit': np.float64(1.313393116179375), 'sebi_entry': np.float64(0.046596036375), 'sebi_exit': np.float64(0.04422199044375), 'ipft_entry': np.float64(0.046596036375), 'ipft_exit': np.float64(0.04422199044375), 'stamp_buy': np.float64(1.39788109125), 'stt_sell': np.float64(11.0554976109375), 'dp_sell': 16.5, 'gst': np.float64(10.68820766102779), 'fees_total': np.float64(82.52051781336966)}",HSL,3,1413_rsi_enabled=False_rsi_buy_below=40_rsi_sell_above=70_macd_enabled=True_macd_fast=12_macd_slow=26_macd_signal=9_adx_enabled=False_adx_length=14_adx_min_adx=20_sma_enabled=False_sma_length=50_bb_enabled=False_bb_length=20_bb_stddev=2.0_combination_mode=all
SHREECEM.NS,2016-02-18,2016-02-25,4,10553.4921875,10025.817578125,10558.76893359375,10020.804669335937,42235.075734375,40083.21867734375,-2151.8570570312513,-2232.8941120933832,-5.094952523738134,-5.28682398046711,-4.465788224186767,81.03705506213194,"{'brokerage_entry': 20.0, 'brokerage_exit': 20.0, 'exchange_entry': np.float64(1.2543817493109375), 'exchange_exit': np.float64(1.1904715947171094), 'sebi_entry': np.float64(0.042235075734375), 'sebi_exit': np.float64(0.04008321867734375), 'ipft_entry': np.float64(0.042235075734375), 'ipft_exit': np.float64(0.04008321867734375), 'stamp_buy': np.float64(1.26705227203125), 'stt_sell': np.float64(10.020804669335938), 'dp_sell': 16.5, 'gst': np.float64(10.639708187913268), 'fees_total': np.float64(81.03705506213194)}",HSL,5,1413_rsi_enabled=False_rsi_buy_below=40_rsi_sell_above=70_macd_enabled=True_macd_fast=12_macd_slow=26_macd_signal=9_adx_enabled=False_adx_length=14_adx_min_adx=20_sma_enabled=False_sma_length=50_bb_enabled=False_bb_length=20_bb_stddev=2.0_combination_mode=all
SHREECEM.NS,2016-03-02,2016-03-17,4,10476.23828125,11296.7890625,10481.476400390624,11291.14066796875,41925.905601562496,45164.562671875,3238.6570703125035,3156.180446420252,7.724715838199581,7.527995880195435,6.312360892840503,82.47662389225181,"{'brokerage_entry': 20.0, 'brokerage_exit': 20.0, 'exchange_entry': np.float64(1.245199396366406), 'exchange_exit': np.float64(1.3413875113546876), 'sebi_entry': np.float64(0.041925905601562494), 'sebi_exit': np.float64(0.045164562671875), 'ipft_entry': np.float64(0.041925905601562494), 'ipft_exit': np.float64(0.045164562671875), 'stamp_buy': np.float64(1.257777168046875), 'stt_sell': np.float64(11.29114066796875), 'dp_sell': 16.5, 'gst': np.float64(10.666938211968233), 'fees_total': np.float64(82.47662389225181)}",Time,10,1413_rsi_enabled=False_rsi_buy_below=40_rsi_sell_above=70_macd_enabled=True_macd_fast=12_macd_slow=26_macd_signal=9_adx_enabled=False_adx_length=14_adx_min_adx=20_sma_enabled=False_sma_length=50_bb_enabled=False_bb_length=20_bb_stddev=2.0_combination_mode=all
SHREECEM.NS,2016-10-03,2016-10-17,2,17368.109375,16942.86328125,17376.7934296875,16934.391849609376,34753.586859375,33868.78369921875,-884.803160156247,-963.5498520799478,-2.545933355703588,-2.772519153141812,-1.9270997041598954,78.7466919237007,"{'brokerage_entry': 20.0, 'brokerage_exit': 20.0, 'exchange_entry': np.float64(1.0321815297234374), 'exchange_exit': np.float64(1.005902875866797), 'sebi_entry': np.float64(0.034753586859375), 'sebi_exit': np.float64(0.03386878369921875), 'ipft_entry': np.float64(0.034753586859375), 'ipft_exit': np.float64(0.03386878369921875), 'stamp_buy': np.float64(1.04260760578125), 'stt_sell': np.float64(8.467195924804688), 'dp_sell': 16.5, 'gst': np.float64(10.561559246407334), 'fees_total': np.float64(78.7466919237007)}",MACD_cross_down,8,1413_rsi_enabled=False_rsi_buy_below=40_rsi_sell_above=70_macd_enabled=True_macd_fast=12_macd_slow=26_macd_signal=9_adx_enabled=False_adx_length=14_adx_min_adx=20_sma_enabled=False_sma_length=50_bb_enabled=False_bb_length=20_bb_stddev=2.0_combination_mode=all
SHREECEM.NS,2017-01-18,2017-02-02,3,14983.1728515625,15285.7783203125,14990.66443798828,15278.135431152345,44971.99331396484,45834.40629345703,862.4129794921901,779.5385139356916,1.917666787574637,1.7333866179634667,1.5590770278713832,82.87446555649842,"{'brokerage_entry': 20.0, 'brokerage_exit': 20.0, 'exchange_entry': np.float64(1.3356682014247558), 'exchange_exit': np.float64(1.3612818669156739), 'sebi_entry': np.float64(0.04497199331396484), 'sebi_exit': np.float64(0.04583440629345703), 'ipft_entry': np.float64(0.04497199331396484), 'ipft_exit': np.float64(0.04583440629345703), 'stamp_buy': np.float64(1.3491597994189453), 'stt_sell': np.float64(11.458601573364259), 'dp_sell': 16.5, 'gst': np.float64(10.68814131615995), 'fees_total': np.float64(82.87446555649842)}",Time,10,1413_rsi_enabled=False_rsi_buy_below=40_rsi_sell_above=70_macd_enabled=True_macd_fast=12_macd_slow=26_macd_signal=9_adx_enabled=False_adx_length=14_adx_min_adx=20_sma_enabled=False_sma_length=50_bb_enabled=False_bb_length=20_bb_stddev=2.0_combination_mode=all
SHREECEM.NS,2017-07-07,2017-07-21,2,17827.138671875,17187.498046875,17836.052241210935,17178.904297851564,35672.10448242187,34357.80859570313,-1314.2958867187408,-1393.2450409307396,-3.684380010061884,-3.9056990361117845,-2.786490081861479,78.94915421199877,"{'brokerage_entry': 20.0, 'brokerage_exit': 20.0, 'exchange_entry': np.float64(1.0594615031279295), 'exchange_exit': np.float64(1.0204269152923828), 'sebi_entry': np.float64(0.03567210448242187), 'sebi_exit': np.float64(0.03435780859570313), 'ipft_entry': np.float64(0.03567210448242187), 'ipft_exit': np.float64(0.03435780859570313), 'stamp_buy': np.float64(1.070163134472656), 'stt_sell': np.float64(8.589452148925782), 'dp_sell': 16.5, 'gst': np.float64(10.56959068402378), 'fees_total': np.float64(78.94915421199877)}",Time,10,1413_rsi_enabled=False_rsi_buy_below=40_rsi_sell_above=70_macd_enabled=True_macd_fast=12_macd_slow=26_macd_signal=9_adx_enabled=False_adx_length=14_adx_min_adx=20_sma_enabled=False_sma_length=50_bb_enabled=False_bb_length=20_bb_stddev=2.0_combination_mode=all
SHREECEM.NS,2017-08-01,2017-08-08,2,18109.5625,17204.084375,18118.61728125,17195.4823328125,36237.2345625,34390.964665625,-1846.2698968750046,-1925.266673498613,-5.094952523738144,-5.31295143446451,-3.850533346997226,78.9967766236085,"{'brokerage_entry': 20.0, 'brokerage_exit': 20.0, 'exchange_entry': np.float64(1.07624586650625), 'exchange_exit': np.float64(1.0214116505690625), 'sebi_entry': np.float64(0.0362372345625), 'sebi_exit': np.float64(0.034390964665624996), 'ipft_entry': np.float64(0.0362372345625), 'ipft_exit': np.float64(0.034390964665624996), 'stamp_buy': np.float64(1.087117036875), 'stt_sell': np.float64(8.59774116640625), 'dp_sell': 16.5, 'gst': np.float64(10.57300450479568), 'fees_total': np.float64(78.9967766236085)}",HSL,5,1413_rsi_enabled=False_rsi_buy_below=40_rsi_sell_above=70_macd_enabled=True_macd_fast=12_macd_slow=26_macd_signal=9_adx_enabled=False_adx_length=14_adx_min_adx=20_sma_enabled=False_sma_length=50_bb_enabled=False_bb_length=20_bb_stddev=2.0_combination_mode=all
SHREECEM.NS,2017-09-08,2017-09-21,2,18213.66015625,17904.962890625,18222.766986328123,17896.01040917969,36445.533972656245,35792.02081835938,-653.5131542968666,-732.9266434951488,-1.7931227315455815,-2.01101908410791,-1.4658532869902976,79.41348919828228,"{'brokerage_entry': 20.0, 'brokerage_exit': 20.0, 'exchange_entry': np.float64(1.0824323589878906), 'exchange_exit': np.float64(1.0630230183052736), 'sebi_entry': np.float64(0.03644553397265624), 'sebi_exit': np.float64(0.035792020818359374), 'ipft_entry': np.float64(0.03644553397265624), 'ipft_exit': np.float64(0.035792020818359374), 'stamp_buy': np.float64(1.0933660191796875), 'stt_sell': np.float64(8.948005204589846), 'dp_sell': 16.5, 'gst': np.float64(10.582187487637535), 'fees_total': np.float64(79.41348919828228)}",MACD_cross_down,9,1413_rsi_enabled=False_rsi_buy_below=40_rsi_sell_above=70_macd_enabled=True_macd_fast=12_macd_slow=26_macd_signal=9_adx_enabled=False_adx_length=14_adx_min_adx=20_sma_enabled=False_sma_length=50_bb_enabled=False_bb_length=20_bb_stddev=2.0_combination_mode=all
SHREECEM.NS,2017-10-23,2017-11-06,2,18707.8125,18264.349609375,18717.16640625,18255.217434570313,37434.3328125,36510.43486914063,-923.8979433593704,-1003.58456004093,-2.4680497125111422,-2.6809201196870673,-2.00716912008186,79.68661668155963,"{'brokerage_entry': 20.0, 'brokerage_exit': 20.0, 'exchange_entry': np.float64(1.1117996845312499), 'exchange_exit': np.float64(1.0843599156134767), 'sebi_entry': np.float64(0.0374343328125), 'sebi_exit': np.float64(0.03651043486914062), 'ipft_entry': np.float64(0.0374343328125), 'ipft_exit': np.float64(0.03651043486914062), 'stamp_buy': np.float64(1.123029984375), 'stt_sell': np.float64(9.127608717285156), 'dp_sell': 16.5, 'gst': np.float64(10.591928844391443), 'fees_total': np.float64(79.68661668155963)}",Time,10,1413_rsi_enabled=False_rsi_buy_below=40_rsi_sell_above=70_macd_enabled=True_macd_fast=12_macd_slow=26_macd_signal=9_adx_enabled=False_adx_length=14_adx_min_adx=20_sma_enabled=False_sma_length=50_bb_enabled=False_bb_length=20_bb_stddev=2.0_combination_mode=all
SHREECEM.NS,2018-01-05,2018-01-18,2,18433.03515625,17924.240234375,18442.251673828123,17915.278114257813,36884.503347656246,35830.55622851563,-1053.9471191406192,-1133.401272816684,-2.8574252693783126,-3.0728386448199356,-2.266802545633368,79.45415367606489,"{'brokerage_entry': 20.0, 'brokerage_exit': 20.0, 'exchange_entry': np.float64(1.0954697494253904), 'exchange_exit': np.float64(1.064167519986914), 'sebi_entry': np.float64(0.03688450334765624), 'sebi_exit': np.float64(0.03583055622851562), 'ipft_entry': np.float64(0.03688450334765624), 'ipft_exit': np.float64(0.03583055622851562), 'stamp_buy': np.float64(1.1065351004296875), 'stt_sell': np.float64(8.957639057128906), 'dp_sell': 16.5, 'gst': np.float64(10.584912129941639), 'fees_total': np.float64(79.45415367606489)}",MACD_cross_down,9,1413_rsi_enabled=False_rsi_buy_below=40_rsi_sell_above=70_macd_enabled=True_macd_fast=12_macd_slow=26_macd_signal=9_adx_enabled=False_adx_length=14_adx_min_adx=20_sma_enabled=False_sma_length=50_bb_enabled=False_bb_length=20_bb_stddev=2.0_combination_mode=all
SHREECEM.NS,2018-07-10,2018-07-18,3,16351.0927734375,15533.538134765624,16359.268319824218,15525.771365698241,49077.804959472654,46577.31409709473,-2500.4908623779265,-2583.8556004344146,-5.094952523738125,-5.264814925133885,-5.167711200868829,83.36473805648782,"{'brokerage_entry': 20.0, 'brokerage_exit': 20.0, 'exchange_entry': np.float64(1.4576108072963379), 'exchange_exit': np.float64(1.3833462286837135), 'sebi_entry': np.float64(0.04907780495947265), 'sebi_exit': np.float64(0.04657731409709472), 'ipft_entry': np.float64(0.04907780495947265), 'ipft_exit': np.float64(0.04657731409709472), 'stamp_buy': np.float64(1.4723341487841797), 'stt_sell': np.float64(11.644328524273682), 'dp_sell': 16.5, 'gst': np.float64(10.715808109336773), 'fees_total': np.float64(83.36473805648782)}",HSL,6,1413_rsi_enabled=False_rsi_buy_below=40_rsi_sell_above=70_macd_enabled=True_macd_fast=12_macd_slow=26_macd_signal=9_adx_enabled=False_adx_length=14_adx_min_adx=20_sma_enabled=False_sma_length=50_bb_enabled=False_bb_length=20_bb_stddev=2.0_combination_mode=all
SHREECEM.NS,2018-11-07,2018-11-22,3,14984.0615234375,15341.4697265625,14991.553554199218,15333.79899169922,44974.66066259766,46001.396975097654,1026.7363124999974,943.8136730243494,2.2829217549913916,2.0985454011646487,1.8876273460486988,82.92263947564798,"{'brokerage_entry': 20.0, 'brokerage_exit': 20.0, 'exchange_entry': np.float64(1.3357474216791505), 'exchange_exit': np.float64(1.3662414901604003), 'sebi_entry': np.float64(0.04497466066259766), 'sebi_exit': np.float64(0.04600139697509765), 'ipft_entry': np.float64(0.04497466066259766), 'ipft_exit': np.float64(0.04600139697509765), 'stamp_buy': np.float64(1.3492398198779296), 'stt_sell': np.float64(11.500349243774414), 'dp_sell': 16.5, 'gst': np.float64(10.68910938488069), 'fees_total': np.float64(82.92263947564798)}",Time,10,1413_rsi_enabled=False_rsi_buy_below=40_rsi_sell_above=70_macd_enabled=True_macd_fast=12_macd_slow=26_macd_signal=9_adx_enabled=False_adx_length=14_adx_min_adx=20_sma_enabled=False_sma_length=50_bb_enabled=False_bb_length=20_bb_stddev=2.0_combination_mode=all
SHREECEM.NS,2019-03-05,2019-03-19,2,16839.6796875,17625.900390625,16848.099527343747,17617.08744042969,33696.199054687495,35234.17488085938,1537.9758261718816,1458.907986912593,4.564241277408803,4.329592143448724,2.9178159738251863,79.06783925928855,"{'brokerage_entry': 20.0, 'brokerage_exit': 20.0, 'exchange_entry': np.float64(1.0007771119242186), 'exchange_exit': np.float64(1.0464549939615235), 'sebi_entry': np.float64(0.033696199054687494), 'sebi_exit': np.float64(0.03523417488085937), 'ipft_entry': np.float64(0.033696199054687494), 'ipft_exit': np.float64(0.03523417488085937), 'stamp_buy': np.float64(1.0108859716406249), 'stt_sell': np.float64(8.808543720214844), 'dp_sell': 16.5, 'gst': np.float64(10.563316713676233), 'fees_total': np.float64(79.06783925928855)}",Time,10,1413_rsi_enabled=False_rsi_buy_below=40_rsi_sell_above=70_macd_enabled=True_macd_fast=12_macd_slow=26_macd_signal=9_adx_enabled=False_adx_length=14_adx_min_adx=20_sma_enabled=False_sma_length=50_bb_enabled=False_bb_length=20_bb_stddev=2.0_combination_mode=all
SHREECEM.NS,2019-09-23,2019-09-30,2,19481.517578125,18507.44169921875,19491.258336914063,18498.187978369144,38982.516673828126,36996.37595673829,-1986.1407170898383,-2066.0713530369767,-5.094952523738117,-5.299994790803449,-4.132142706073953,79.93063594713838,"{'brokerage_entry': 20.0, 'brokerage_exit': 20.0, 'exchange_entry': np.float64(1.1577807452126954), 'exchange_exit': np.float64(1.098792365915127), 'sebi_entry': np.float64(0.03898251667382813), 'sebi_exit': np.float64(0.036996375956738284), 'ipft_entry': np.float64(0.03898251667382813), 'ipft_exit': np.float64(0.036996375956738284), 'stamp_buy': np.float64(1.1694755002148438), 'stt_sell': np.float64(9.249093989184573), 'dp_sell': 16.5, 'gst': np.float64(10.60353556135001), 'fees_total': np.float64(79.93063594713838)}",HSL,5,1413_rsi_enabled=False_rsi_buy_below=40_rsi_sell_above=70_macd_enabled=True_macd_fast=12_macd_slow=26_macd_signal=9_adx_enabled=False_adx_length=14_adx_min_adx=20_sma_enabled=False_sma_length=50_bb_enabled=False_bb_length=20_bb_stddev=2.0_combination_mode=all
SHREECEM.NS,2019-10-22,2019-11-05,2,19087.646484375,19394.470703125,19097.190307617188,19384.773467773437,38194.380615234375,38769.546935546874,575.166320312499,494.7791894861907,1.5058925188672536,1.2954240427945072,0.9895583789723814,80.3871308263083,"{'brokerage_entry': 20.0, 'brokerage_exit': 20.0, 'exchange_entry': np.float64(1.134373104272461), 'exchange_exit': np.float64(1.1514555439857421), 'sebi_entry': np.float64(0.03819438061523437), 'sebi_exit': np.float64(0.03876954693554687), 'ipft_entry': np.float64(0.03819438061523437), 'ipft_exit': np.float64(0.03876954693554687), 'stamp_buy': np.float64(1.1458314184570313), 'stt_sell': np.float64(9.69238673388672), 'dp_sell': 16.5, 'gst': np.float64(10.60915617060476), 'fees_total': np.float64(80.3871308263083)}",Time,10,1413_rsi_enabled=False_rsi_buy_below=40_rsi_sell_above=70_macd_enabled=True_macd_fast=12_macd_slow=26_macd_signal=9_adx_enabled=False_adx_length=14_adx_min_adx=20_sma_enabled=False_sma_length=50_bb_enabled=False_bb_length=20_bb_stddev=2.0_combination_mode=all
SHREECEM.NS,2020-05-26,2020-06-09,2,20305.607421875,20642.11328125,20315.760225585935,20631.792224609377,40631.52045117187,41263.58444921875,632.0639980468841,550.7957880271402,1.5556001622101605,1.3555874402707824,1.1015915760542805,81.26821001974385,"{'brokerage_entry': 20.0, 'brokerage_exit': 20.0, 'exchange_entry': np.float64(1.2067561573998045), 'exchange_exit': np.float64(1.225528458141797), 'sebi_entry': np.float64(0.04063152045117187), 'sebi_exit': np.float64(0.04126358444921875), 'ipft_entry': np.float64(0.04063152045117187), 'ipft_exit': np.float64(0.04126358444921875), 'stamp_buy': np.float64(1.2189456135351562), 'stt_sell': np.float64(10.315896112304689), 'dp_sell': 16.5, 'gst': np.float64(10.637293468561628), 'fees_total': np.float64(81.26821001974385)}",Time,10,1413_rsi_enabled=False_rsi_buy_below=40_rsi_sell_above=70_macd_enabled=True_macd_fast=12_macd_slow=26_macd_signal=9_adx_enabled=False_adx_length=14_adx_min_adx=20_sma_enabled=False_sma_length=50_bb_enabled=False_bb_length=20_bb_stddev=2.0_combination_mode=all
SHREECEM.NS,2020-08-10,2020-08-12,2,22004.443359375,20904.22119140625,22015.445581054686,20893.769080810547,44030.89116210937,41787.538161621094,-2243.3530004882778,-2325.0009359308297,-5.094952523738123,-5.280385825875814,-4.65000187186166,81.64793544255201,"{'brokerage_entry': 20.0, 'brokerage_exit': 20.0, 'exchange_entry': np.float64(1.3077174675146483), 'exchange_exit': np.float64(1.2410898834001465), 'sebi_entry': np.float64(0.04403089116210937), 'sebi_exit': np.float64(0.04178753816162109), 'ipft_entry': np.float64(0.04403089116210937), 'ipft_exit': np.float64(0.04178753816162109), 'stamp_buy': np.float64(1.3209267348632812), 'stt_sell': np.float64(10.446884540405273), 'dp_sell': 16.5, 'gst': np.float64(10.659679957721206), 'fees_total': np.float64(81.64793544255201)}",HSL,2,1413_rsi_enabled=False_rsi_buy_below=40_rsi_sell_above=70_macd_enabled=True_macd_fast=12_macd_slow=26_macd_signal=9_adx_enabled=False_adx_length=14_adx_min_adx=20_sma_enabled=False_sma_length=50_bb_enabled=False_bb_length=20_bb_stddev=2.0_combination_mode=all
SHREECEM.NS,2020-08-20,2020-08-27,2,21693.77734375,21151.24609375,21704.624232421873,21140.670470703128,43409.248464843746,42281.340941406255,-1127.9075234374905,-1209.6554783141175,-2.598311565681584,-2.78663077821721,-2.419310956628235,81.74795487662706,"{'brokerage_entry': 20.0, 'brokerage_exit': 20.0, 'exchange_entry': np.float64(1.2892546794058592), 'exchange_exit': np.float64(1.2557558259597659), 'sebi_entry': np.float64(0.043409248464843744), 'sebi_exit': np.float64(0.04228134094140625), 'ipft_entry': np.float64(0.043409248464843744), 'ipft_exit': np.float64(0.04228134094140625), 'stamp_buy': np.float64(1.3022774539453124), 'stt_sell': np.float64(10.570335235351564), 'dp_sell': 16.5, 'gst': np.float64(10.658950503152061), 'fees_total': np.float64(81.74795487662706)}",MACD_cross_down,5,1413_rsi_enabled=False_rsi_buy_below=40_rsi_sell_above=70_macd_enabled=True_macd_fast=12_macd_slow=26_macd_signal=9_adx_enabled=False_adx_length=14_adx_min_adx=20_sma_enabled=False_sma_length=50_bb_enabled=False_bb_length=20_bb_stddev=2.0_combination_mode=all
SHREECEM.NS,2020-10-01,2020-10-16,2,20250.29296875,20806.826171875,20260.418115234374,20796.422758789064,40520.83623046875,41592.84551757813,1072.0092871093802,990.6539062636042,2.6455754294214358,2.4448012391183176,1.9813078125272086,81.35538084577604,"{'brokerage_entry': 20.0, 'brokerage_exit': 20.0, 'exchange_entry': np.float64(1.2034688360449217), 'exchange_exit': np.float64(1.2353075118720704), 'sebi_entry': np.float64(0.040520836230468746), 'sebi_exit': np.float64(0.04159284551757812), 'ipft_entry': np.float64(0.040520836230468746), 'ipft_exit': np.float64(0.04159284551757812), 'stamp_buy': np.float64(1.2156250869140623), 'stt_sell': np.float64(10.398211379394532), 'dp_sell': 16.5, 'gst': np.float64(10.638540668054356), 'fees_total': np.float64(81.35538084577604)}",Time,10,1413_rsi_enabled=False_rsi_buy_below=40_rsi_sell_above=70_macd_enabled=True_macd_fast=12_macd_slow=26_macd_signal=9_adx_enabled=False_adx_length=14_adx_min_adx=20_sma_enabled=False_sma_length=50_bb_enabled=False_bb_length=20_bb_stddev=2.0_combination_mode=all
SHREECEM.NS,2021-02-02,2021-02-16,1,25969.9609375,28096.923828125,25982.945917968747,28082.875366210938,25982.945917968747,28082.875366210938,2099.92944824219,2023.4368549121423,8.081952888913818,7.787557505220437,4.046873709824285,76.49259333004781,"{'brokerage_entry': 20.0, 'brokerage_exit': 20.0, 'exchange_entry': np.float64(0.7716934937636718), 'exchange_exit': np.float64(0.8340613983764649), 'sebi_entry': np.float64(0.025982945917968747), 'sebi_exit': np.float64(0.028082875366210937), 'ipft_entry': np.float64(0.025982945917968747), 'ipft_exit': np.float64(0.028082875366210937), 'stamp_buy': np.float64(0.7794883775390624), 'stt_sell': np.float64(7.020718841552735), 'dp_sell': 16.5, 'gst': np.float64(10.478499576247527), 'fees_total': np.float64(76.49259333004781)}",Time,10,1413_rsi_enabled=False_rsi_buy_below=40_rsi_sell_above=70_macd_enabled=True_macd_fast=12_macd_slow=26_macd_signal=9_adx_enabled=False_adx_length=14_adx_min_adx=20_sma_enabled=False_sma_length=50_bb_enabled=False_bb_length=20_bb_stddev=2.0_combination_mode=all
SHREECEM.NS,2021-06-07,2021-06-21,1,28645.548828125,27731.384765625,28659.87160253906,27717.51907324219,28659.87160253906,27717.51907324219,-942.3525292968698,-1018.9205578888748,-3.2880556562346364,-3.555216757491006,-2.0378411157777494,76.56802859200499,"{'brokerage_entry': 20.0, 'brokerage_exit': 20.0, 'exchange_entry': np.float64(0.8511981865954101), 'exchange_exit': np.float64(0.8232103164752931), 'sebi_entry': np.float64(0.02865987160253906), 'sebi_exit': np.float64(0.02771751907324219), 'ipft_entry': np.float64(0.02865987160253906), 'ipft_exit': np.float64(0.02771751907324219), 'stamp_buy': np.float64(0.8597961480761719), 'stt_sell': np.float64(6.929379768310548), 'dp_sell': 16.5, 'gst': np.float64(10.491689391196008), 'fees_total': np.float64(76.56802859200499)}",Time,10,1413_rsi_enabled=False_rsi_buy_below=40_rsi_sell_above=70_macd_enabled=True_macd_fast=12_macd_slow=26_macd_signal=9_adx_enabled=False_adx_length=14_adx_min_adx=20_sma_enabled=False_sma_length=50_bb_enabled=False_bb_length=20_bb_stddev=2.0_combination_mode=all
SHREECEM.NS,2021-07-14,2021-07-28,1,27917.421875,27068.15625,27931.3805859375,27054.622171875002,27931.3805859375,27054.622171875002,-876.7584140624967,-953.0868174422023,-3.138972709798365,-3.4122438542191116,-1.9061736348844047,76.3284033797056,"{'brokerage_entry': 20.0, 'brokerage_exit': 20.0, 'exchange_entry': np.float64(0.8295620034023438), 'exchange_exit': np.float64(0.8035222785046876), 'sebi_entry': np.float64(0.0279313805859375), 'sebi_exit': np.float64(0.027054622171875), 'ipft_entry': np.float64(0.0279313805859375), 'ipft_exit': np.float64(0.027054622171875), 'stamp_buy': np.float64(0.837941417578125), 'stt_sell': np.float64(6.763655542968751), 'dp_sell': 16.5, 'gst': np.float64(10.483750131736079), 'fees_total': np.float64(76.3284033797056)}",MACD_cross_down,9,1413_rsi_enabled=False_rsi_buy_below=40_rsi_sell_above=70_macd_enabled=True_macd_fast=12_macd_slow=26_macd_signal=9_adx_enabled=False_adx_length=14_adx_min_adx=20_sma_enabled=False_sma_length=50_bb_enabled=False_bb_length=20_bb_stddev=2.0_combination_mode=all
SHREECEM.NS,2021-07-30,2021-08-10,1,27830.537109375,26672.890394875416,27844.452377929687,26659.55394967798,27844.452377929687,26659.55394967798,-1184.8984282517085,-1261.1074271711564,-4.255420118051569,-4.529115566915391,-2.5222148543423124,76.20899891944788,"{'brokerage_entry': 20.0, 'brokerage_exit': 20.0, 'exchange_entry': np.float64(0.8269802356245117), 'exchange_exit': np.float64(0.791788752305436), 'sebi_entry': np.float64(0.027844452377929686), 'sebi_exit': np.float64(0.026659553949677978), 'ipft_entry': np.float64(0.027844452377929686), 'ipft_exit': np.float64(0.026659553949677978), 'stamp_buy': np.float64(0.8353335713378907), 'stt_sell': np.float64(6.6648884874194945), 'dp_sell': 16.5, 'gst': np.float64(10.480999860105328), 'fees_total': np.float64(76.20899891944788)}",TSL,7,1413_rsi_enabled=False_rsi_buy_below=40_rsi_sell_above=70_macd_enabled=True_macd_fast=12_macd_slow=26_macd_signal=9_adx_enabled=False_adx_length=14_adx_min_adx=20_sma_enabled=False_sma_length=50_bb_enabled=False_bb_length=20_bb_stddev=2.0_combination_mode=all
SHREECEM.NS,2021-09-01,2021-09-16,1,28039.767578125,30188.5625,28053.78746191406,30173.46821875,28053.78746191406,30173.46821875,2119.68075683594,2042.447727431404,7.5557739207714025,7.280470525429908,4.084895454862808,77.23302940453584,"{'brokerage_entry': 20.0, 'brokerage_exit': 20.0, 'exchange_entry': np.float64(0.8331974876188476), 'exchange_exit': np.float64(0.8961520060968751), 'sebi_entry': np.float64(0.02805378746191406), 'sebi_exit': np.float64(0.03017346821875), 'ipft_entry': np.float64(0.02805378746191406), 'ipft_exit': np.float64(0.03017346821875), 'stamp_buy': np.float64(0.8416136238574218), 'stt_sell': np.float64(7.5433670546875), 'dp_sell': 16.5, 'gst': np.float64(10.502244720913868), 'fees_total': np.float64(77.23302940453584)}",Time,10,1413_rsi_enabled=False_rsi_buy_below=40_rsi_sell_above=70_macd_enabled=True_macd_fast=12_macd_slow=26_macd_signal=9_adx_enabled=False_adx_length=14_adx_min_adx=20_sma_enabled=False_sma_length=50_bb_enabled=False_bb_length=20_bb_stddev=2.0_combination_mode=all
SHREECEM.NS,2021-11-08,2021-11-16,1,29071.923828125,27618.32763671875,29086.45979003906,27604.518472900392,29086.45979003906,27604.518472900392,-1481.9413171386695,-1558.5056232834993,-5.094952523738123,-5.358182585758424,-3.1170112465669986,76.56430614482977,"{'brokerage_entry': 20.0, 'brokerage_exit': 20.0, 'exchange_entry': np.float64(0.8638678557641601), 'exchange_exit': np.float64(0.8198541986451416), 'sebi_entry': np.float64(0.02908645979003906), 'sebi_exit': np.float64(0.02760451847290039), 'ipft_entry': np.float64(0.02908645979003906), 'ipft_exit': np.float64(0.02760451847290039), 'stamp_buy': np.float64(0.8725937937011718), 'stt_sell': np.float64(6.901129618225098), 'dp_sell': 16.5, 'gst': np.float64(10.49347872196833), 'fees_total': np.float64(76.56430614482977)}",HSL,6,1413_rsi_enabled=False_rsi_buy_below=40_rsi_sell_above=70_macd_enabled=True_macd_fast=12_macd_slow=26_macd_signal=9_adx_enabled=False_adx_length=14_adx_min_adx=20_sma_enabled=False_sma_length=50_bb_enabled=False_bb_length=20_bb_stddev=2.0_combination_mode=all
SHREECEM.NS,2022-01-17,2022-01-20,1,27121.23046875,25765.1689453125,27134.791083984375,25752.286360839844,27134.791083984375,25752.286360839844,-1382.5047231445315,-1458.405132486162,-5.094952523738132,-5.3746687342175585,-2.916810264972324,75.90040934163059,"{'brokerage_entry': 20.0, 'brokerage_exit': 20.0, 'exchange_entry': np.float64(0.8059032951943359), 'exchange_exit': np.float64(0.7648429049169434), 'sebi_entry': np.float64(0.027134791083984373), 'sebi_exit': np.float64(0.025752286360839843), 'ipft_entry': np.float64(0.027134791083984373), 'ipft_exit': np.float64(0.025752286360839843), 'stamp_buy': np.float64(0.8140437325195313), 'stt_sell': np.float64(6.438071590209961), 'dp_sell': 16.5, 'gst': np.float64(10.47177366390017), 'fees_total': np.float64(75.90040934163059)}",HSL,3,1413_rsi_enabled=False_rsi_buy_below=40_rsi_sell_above=70_macd_enabled=True_macd_fast=12_macd_slow=26_macd_signal=9_adx_enabled=False_adx_length=14_adx_min_adx=20_sma_enabled=False_sma_length=50_bb_enabled=False_bb_length=20_bb_stddev=2.0_combination_mode=all
SHREECEM.NS,2022-04-04,2022-04-20,2,24426.900390625,25362.74609375,24439.11384082031,25350.064720703125,48878.22768164062,50700.12944140625,1821.9017597656275,1737.365552548282,3.727430077113783,3.554477391987889,3.4747311050965637,84.53620721734549,"{'brokerage_entry': 20.0, 'brokerage_exit': 20.0, 'exchange_entry': np.float64(1.4516833621447265), 'exchange_exit': np.float64(1.5057938444097656), 'sebi_entry': np.float64(0.04887822768164062), 'sebi_exit': np.float64(0.05070012944140625), 'ipft_entry': np.float64(0.04887822768164062), 'ipft_exit': np.float64(0.05070012944140625), 'stamp_buy': np.float64(1.4663468304492187), 'stt_sell': np.float64(12.675032360351564), 'dp_sell': 16.5, 'gst': np.float64(10.738194105744107), 'fees_total': np.float64(84.53620721734549)}",Time,10,1413_rsi_enabled=False_rsi_buy_below=40_rsi_sell_above=70_macd_enabled=True_macd_fast=12_macd_slow=26_macd_signal=9_adx_enabled=False_adx_length=14_adx_min_adx=20_sma_enabled=False_sma_length=50_bb_enabled=False_bb_length=20_bb_stddev=2.0_combination_mode=all
SHREECEM.NS,2022-07-20,2022-08-03,2,19977.3046875,20717.0078125,19987.29333984375,20706.64930859375,39974.5866796875,41413.2986171875,1438.7119375000038,1357.4449800079014,3.5990664494626636,3.3957698947208055,2.7148899600158027,81.26695749210242,"{'brokerage_entry': 20.0, 'brokerage_exit': 20.0, 'exchange_entry': np.float64(1.1872452243867186), 'exchange_exit': np.float64(1.2299749689304689), 'sebi_entry': np.float64(0.03997458667968749), 'sebi_exit': np.float64(0.0414132986171875), 'ipft_entry': np.float64(0.03997458667968749), 'ipft_exit': np.float64(0.0414132986171875), 'stamp_buy': np.float64(1.1992376003906249), 'stt_sell': np.float64(10.353324654296875), 'dp_sell': 16.5, 'gst': np.float64(10.63439927350397), 'fees_total': np.float64(81.26695749210242)}",Time,10,1413_rsi_enabled=False_rsi_buy_below=40_rsi_sell_above=70_macd_enabled=True_macd_fast=12_macd_slow=26_macd_signal=9_adx_enabled=False_adx_length=14_adx_min_adx=20_sma_enabled=False_sma_length=50_bb_enabled=False_bb_length=20_bb_stddev=2.0_combination_mode=all
SHREECEM.NS,2022-10-31,2022-11-15,2,22480.67578125,22938.3828125,22491.916119140624,22926.91362109375,44983.83223828125,45853.8272421875,869.9950039062533,787.1141586380315,1.934017091513798,1.7497712388501157,1.5742283172760632,82.88084526822172,"{'brokerage_entry': 20.0, 'brokerage_exit': 20.0, 'exchange_entry': np.float64(1.336019817476953), 'exchange_exit': np.float64(1.3618586690929688), 'sebi_entry': np.float64(0.04498383223828124), 'sebi_exit': np.float64(0.0458538272421875), 'ipft_entry': np.float64(0.04498383223828124), 'ipft_exit': np.float64(0.0458538272421875), 'stamp_buy': np.float64(1.3495149671484374), 'stt_sell': np.float64(11.463456810546875), 'dp_sell': 16.5, 'gst': np.float64(10.688319684995555), 'fees_total': np.float64(82.88084526822172)}",Time,10,1413_rsi_enabled=False_rsi_buy_below=40_rsi_sell_above=70_macd_enabled=True_macd_fast=12_macd_slow=26_macd_signal=9_adx_enabled=False_adx_length=14_adx_min_adx=20_sma_enabled=False_sma_length=50_bb_enabled=False_bb_length=20_bb_stddev=2.0_combination_mode=all
SHREECEM.NS,2023-02-02,2023-02-09,2,24243.0546875,23030.901953124998,24255.17621484375,23019.386502148438,48510.3524296875,46038.773004296876,-2471.5794253906206,-2554.7511338005693,-5.094952523738122,-5.266403985630716,-5.109502267601139,83.17170840994847,"{'brokerage_entry': 20.0, 'brokerage_exit': 20.0, 'exchange_entry': np.float64(1.4407574671617187), 'exchange_exit': np.float64(1.3673515582276172), 'sebi_entry': np.float64(0.048510352429687494), 'sebi_exit': np.float64(0.046038773004296873), 'ipft_entry': np.float64(0.048510352429687494), 'ipft_exit': np.float64(0.046038773004296873), 'stamp_buy': np.float64(1.455310572890625), 'stt_sell': np.float64(11.50969325107422), 'dp_sell': 16.5, 'gst': np.float64(10.709497309726315), 'fees_total': np.float64(83.17170840994847)}",HSL,5,1413_rsi_enabled=False_rsi_buy_below=40_rsi_sell_above=70_macd_enabled=True_macd_fast=12_macd_slow=26_macd_signal=9_adx_enabled=False_adx_length=14_adx_min_adx=20_sma_enabled=False_sma_length=50_bb_enabled=False_bb_length=20_bb_stddev=2.0_combination_mode=all
SHREECEM.NS,2023-05-30,2023-06-13,1,25340.412109375,25968.662109375,25353.082315429685,25955.677778320314,25353.082315429685,25955.677778320314,602.5954628906293,526.7566954965195,2.3768134201335136,2.077683056217348,1.0535133909930388,75.83876739410978,"{'brokerage_entry': 20.0, 'brokerage_exit': 20.0, 'exchange_entry': np.float64(0.7529865447682617), 'exchange_exit': np.float64(0.7708836300161134), 'sebi_entry': np.float64(0.025353082315429685), 'sebi_exit': np.float64(0.025955677778320314), 'ipft_entry': np.float64(0.025353082315429685), 'ipft_exit': np.float64(0.025955677778320314), 'stamp_buy': np.float64(0.7605924694628906), 'stt_sell': np.float64(6.488919444580079), 'dp_sell': 16.5, 'gst': np.float64(10.462767785094936), 'fees_total': np.float64(75.83876739410978)}",Time,10,1413_rsi_enabled=False_rsi_buy_below=40_rsi_sell_above=70_macd_enabled=True_macd_fast=12_macd_slow=26_macd_signal=9_adx_enabled=False_adx_length=14_adx_min_adx=20_sma_enabled=False_sma_length=50_bb_enabled=False_bb_length=20_bb_stddev=2.0_combination_mode=all
SHREECEM.NS,2023-09-04,2023-09-18,1,25479.88671875,26194.95703125,25492.626662109375,26181.859552734375,25492.626662109375,26181.859552734375,689.2328906250004,613.3197111056011,2.7036558443364824,2.40587099648386,1.226639422211202,75.91317951939932,"{'brokerage_entry': 20.0, 'brokerage_exit': 20.0, 'exchange_entry': np.float64(0.7571310118646485), 'exchange_exit': np.float64(0.777601228716211), 'sebi_entry': np.float64(0.025492626662109375), 'sebi_exit': np.float64(0.026181859552734374), 'ipft_entry': np.float64(0.025492626662109375), 'ipft_exit': np.float64(0.026181859552734374), 'stamp_buy': np.float64(0.7647787998632812), 'stt_sell': np.float64(6.545464888183594), 'dp_sell': 16.5, 'gst': np.float64(10.464854618341898), 'fees_total': np.float64(75.91317951939932)}",Time,10,1413_rsi_enabled=False_rsi_buy_below=40_rsi_sell_above=70_macd_enabled=True_macd_fast=12_macd_slow=26_macd_signal=9_adx_enabled=False_adx_length=14_adx_min_adx=20_sma_enabled=False_sma_length=50_bb_enabled=False_bb_length=20_bb_stddev=2.0_combination_mode=all
SHREECEM.NS,2023-12-01,2023-12-15,1,26824.771484375,28544.185546875,26838.183870117187,28529.913454101563,26838.183870117187,28529.913454101563,1691.7295839843755,1615.050861056237,6.30344285653405,6.0177352866805025,3.2301017221124737,76.67872292813863,"{'brokerage_entry': 20.0, 'brokerage_exit': 20.0, 'exchange_entry': np.float64(0.7970940609424805), 'exchange_exit': np.float64(0.8473384295868164), 'sebi_entry': np.float64(0.026838183870117185), 'sebi_exit': np.float64(0.028529913454101562), 'ipft_entry': np.float64(0.026838183870117185), 'ipft_exit': np.float64(0.028529913454101562), 'stamp_buy': np.float64(0.8051455161035156), 'stt_sell': np.float64(7.132478363525391), 'dp_sell': 16.5, 'gst': np.float64(10.48593036333199), 'fees_total': np.float64(76.67872292813863)}",Time,10,1413_rsi_enabled=False_rsi_buy_below=40_rsi_sell_above=70_macd_enabled=True_macd_fast=12_macd_slow=26_macd_signal=9_adx_enabled=False_adx_length=14_adx_min_adx=20_sma_enabled=False_sma_length=50_bb_enabled=False_bb_length=20_bb_stddev=2.0_combination_mode=all
SHREECEM.NS,2024-01-29,2024-02-05,1,28199.43359375,26789.4619140625,28213.533310546874,26776.06718310547,28213.533310546874,26776.06718310547,-1437.466127441403,-1513.7334912325614,-5.09495252373812,-5.365274439648765,-3.0274669824651226,76.26736379115835,"{'brokerage_entry': 20.0, 'brokerage_exit': 20.0, 'exchange_entry': np.float64(0.8379419393232421), 'exchange_exit': np.float64(0.7952491953382325), 'sebi_entry': np.float64(0.028213533310546872), 'sebi_exit': np.float64(0.02677606718310547), 'ipft_entry': np.float64(0.028213533310546872), 'ipft_exit': np.float64(0.02677606718310547), 'stamp_buy': np.float64(0.8464059993164063), 'stt_sell': np.float64(6.694016795776368), 'dp_sell': 16.5, 'gst': np.float64(10.48377066041678), 'fees_total': np.float64(76.26736379115835)}",HSL,5,1413_rsi_enabled=False_rsi_buy_below=40_rsi_sell_above=70_macd_enabled=True_macd_fast=12_macd_slow=26_macd_signal=9_adx_enabled=False_adx_length=14_adx_min_adx=20_sma_enabled=False_sma_length=50_bb_enabled=False_bb_length=20_bb_stddev=2.0_combination_mode=all
SHREECEM.NS,2024-05-06,2024-05-21,1,25391.49609375,25686.255859375,25404.191841796874,25673.412731445314,25404.191841796874,25673.412731445314,269.2208896484408,193.45980183365884,1.0597498685453102,0.7615270859172317,0.3869196036673177,75.76108781478193,"{'brokerage_entry': 20.0, 'brokerage_exit': 20.0, 'exchange_entry': np.float64(0.7545044977013672), 'exchange_exit': np.float64(0.7625003581239258), 'sebi_entry': np.float64(0.02540419184179687), 'sebi_exit': np.float64(0.025673412731445314), 'ipft_entry': np.float64(0.02540419184179687), 'ipft_exit': np.float64(0.025673412731445314), 'stamp_buy': np.float64(0.7621257552539062), 'stt_sell': np.float64(6.4183531828613285), 'dp_sell': 16.5, 'gst': np.float64(10.461448811694918), 'fees_total': np.float64(75.76108781478193)}",Time,10,1413_rsi_enabled=False_rsi_buy_below=40_rsi_sell_above=70_macd_enabled=True_macd_fast=12_macd_slow=26_macd_signal=9_adx_enabled=False_adx_length=14_adx_min_adx=20_sma_enabled=False_sma_length=50_bb_enabled=False_bb_length=20_bb_stddev=2.0_combination_mode=all
SHREECEM.NS,2024-06-07,2024-06-24,1,25928.916015625,27163.14453125,25941.88047363281,27149.562958984377,25941.88047363281,27149.562958984377,1207.6824853515682,1131.4608996645727,4.655339024397442,4.3615222913951195,2.262921799329145,76.22158568699554,"{'brokerage_entry': 20.0, 'brokerage_exit': 20.0, 'exchange_entry': np.float64(0.7704738500668944), 'exchange_exit': np.float64(0.8063420198818361), 'sebi_entry': np.float64(0.025941880473632807), 'sebi_exit': np.float64(0.027149562958984377), 'ipft_entry': np.float64(0.025941880473632807), 'ipft_exit': np.float64(0.027149562958984377), 'stamp_buy': np.float64(0.7782564142089843), 'stt_sell': np.float64(6.787390739746095), 'dp_sell': 16.5, 'gst': np.float64(10.472939776226513), 'fees_total': np.float64(76.22158568699554)}",Time,10,1413_rsi_enabled=False_rsi_buy_below=40_rsi_sell_above=70_macd_enabled=True_macd_fast=12_macd_slow=26_macd_signal=9_adx_enabled=False_adx_length=14_adx_min_adx=20_sma_enabled=False_sma_length=50_bb_enabled=False_bb_length=20_bb_stddev=2.0_combination_mode=all
SHREECEM.NS,2024-09-27,2024-10-08,1,26149.857421875,25487.34375,26162.932350585936,25474.600078125,26162.932350585936,25474.600078125,-688.3322724609352,-764.0873639890124,-2.630944663377993,-2.920495889949049,-1.5281747279780247,75.7550915280772,"{'brokerage_entry': 20.0, 'brokerage_exit': 20.0, 'exchange_entry': np.float64(0.7770390908124023), 'exchange_exit': np.float64(0.7565956223203125), 'sebi_entry': np.float64(0.026162932350585935), 'sebi_exit': np.float64(0.025474600078125), 'ipft_entry': np.float64(0.026162932350585935), 'ipft_exit': np.float64(0.025474600078125), 'stamp_buy': np.float64(0.7848879705175781), 'stt_sell': np.float64(6.36865001953125), 'dp_sell': 16.5, 'gst': np.float64(10.464643760038225), 'fees_total': np.float64(75.7550915280772)}",MACD_cross_down,6,1413_rsi_enabled=False_rsi_buy_below=40_rsi_sell_above=70_macd_enabled=True_macd_fast=12_macd_slow=26_macd_signal=9_adx_enabled=False_adx_length=14_adx_min_adx=20_sma_enabled=False_sma_length=50_bb_enabled=False_bb_length=20_bb_stddev=2.0_combination_mode=all
SHREECEM.NS,2024-11-28,2024-12-12,1,25450.181640625,27127.044921875,25462.90673144531,27113.481399414064,25462.90673144531,27113.481399414064,1650.5746679687545,1574.3957380425347,6.48227119306212,6.183095098480023,3.1487914760850693,76.17892992621981,"{'brokerage_entry': 20.0, 'brokerage_exit': 20.0, 'exchange_entry': np.float64(0.7562483299239257), 'exchange_exit': np.float64(0.8052703975625977), 'sebi_entry': np.float64(0.025462906731445308), 'sebi_exit': np.float64(0.027113481399414063), 'ipft_entry': np.float64(0.025462906731445308), 'ipft_exit': np.float64(0.027113481399414063), 'stamp_buy': np.float64(0.7638872019433594), 'stt_sell': np.float64(6.778370349853516), 'dp_sell': 16.5, 'gst': np.float64(10.470000870674683), 'fees_total': np.float64(76.17892992621981)}",Time,10,1413_rsi_enabled=False_rsi_buy_below=40_rsi_sell_above=70_macd_enabled=True_macd_fast=12_macd_slow=26_macd_signal=9_adx_enabled=False_adx_length=14_adx_min_adx=20_sma_enabled=False_sma_length=50_bb_enabled=False_bb_length=20_bb_stddev=2.0_combination_mode=all
DIXON.NS,2017-09-19,2017-09-20,86,575.5977783203125,558.5537109375,575.8855772094727,558.2744340820312,49526.15964001465,48011.601331054684,-1514.5583089599677,-1598.3654915688157,-3.058097619457416,-3.2273156311466087,-3.1967309831376314,83.80718260884794,"{'brokerage_entry': 20.0, 'brokerage_exit': 20.0, 'exchange_entry': np.float64(1.4709269413084352), 'exchange_exit': np.float64(1.4259445595323241), 'sebi_entry': np.float64(0.04952615964001465), 'sebi_exit': np.float64(0.048011601331054685), 'ipft_entry': np.float64(0.04952615964001465), 'ipft_exit': np.float64(0.048011601331054685), 'stamp_buy': np.float64(1.4857847892004397), 'stt_sell': np.float64(12.002900332763671), 'dp_sell': 16.5, 'gst': np.float64(10.726550464100923), 'fees_total': np.float64(83.80718260884794)}",MACD_cross_down,1,1413_rsi_enabled=False_rsi_buy_below=40_rsi_sell_above=70_macd_enabled=True_macd_fast=12_macd_slow=26_macd_signal=9_adx_enabled=False_adx_length=14_adx_min_adx=20_sma_enabled=False_sma_length=50_bb_enabled=False_bb_length=20_bb_stddev=2.0_combination_mode=all
DIXON.NS,2017-10-25,2017-11-08,90,550.8524780273438,533.957763671875,551.1279042663574,533.6907847900391,49601.51138397217,48032.170631103516,-1569.3407528686512,-1653.1589263774022,-3.163897044830282,-3.33288014871174,-3.3063178527548045,83.81817350875097,"{'brokerage_entry': 20.0, 'brokerage_exit': 20.0, 'exchange_entry': np.float64(1.4731648881039734), 'exchange_exit': np.float64(1.4265554677437744), 'sebi_entry': np.float64(0.04960151138397217), 'sebi_exit': np.float64(0.048032170631103516), 'ipft_entry': np.float64(0.04960151138397217), 'ipft_exit': np.float64(0.048032170631103516), 'stamp_buy': np.float64(1.488045341519165), 'stt_sell': np.float64(12.00804265777588), 'dp_sell': 16.5, 'gst': np.float64(10.72709778957802), 'fees_total': np.float64(83.81817350875097)}",Time,10,1413_rsi_enabled=False_rsi_buy_below=40_rsi_sell_above=70_macd_enabled=True_macd_fast=12_macd_slow=26_macd_signal=9_adx_enabled=False_adx_length=14_adx_min_adx=20_sma_enabled=False_sma_length=50_bb_enabled=False_bb_length=20_bb_stddev=2.0_combination_mode=all
DIXON.NS,2017-11-16,2017-11-30,90,549.9271850585938,700.3984375,550.202148651123,700.0482382812501,49518.19337860107,63004.34144531251,13486.148066711437,13398.032417611128,27.2347336333546,27.056787623841284,26.796064835222253,88.11564910030947,"{'brokerage_entry': 20.0, 'brokerage_exit': 20.0, 'exchange_entry': np.float64(1.4706903433444518), 'exchange_exit': np.float64(1.8712289409257814), 'sebi_entry': np.float64(0.04951819337860107), 'sebi_exit': np.float64(0.0630043414453125), 'ipft_entry': np.float64(0.04951819337860107), 'ipft_exit': np.float64(0.0630043414453125), 'stamp_buy': np.float64(1.485545801358032), 'stt_sell': np.float64(15.751085361328128), 'dp_sell': 16.5, 'gst': np.float64(10.812053583705252), 'fees_total': np.float64(88.11564910030947)}",Time,10,1413_rsi_enabled=False_rsi_buy_below=40_rsi_sell_above=70_macd_enabled=True_macd_fast=12_macd_slow=26_macd_signal=9_adx_enabled=False_adx_length=14_adx_min_adx=20_sma_enabled=False_sma_length=50_bb_enabled=False_bb_length=20_bb_stddev=2.0_combination_mode=all
DIXON.NS,2018-04-05,2018-04-17,69,718.2484741210938,682.336050415039,718.6075983581543,681.9948823898316,49583.924286712645,47057.64688489838,-2526.2774018142663,-2609.8143058753376,-5.094952523738123,-5.263428305481476,-5.219628611750675,83.53690406107128,"{'brokerage_entry': 20.0, 'brokerage_exit': 20.0, 'exchange_entry': np.float64(1.4726425513153656), 'exchange_exit': np.float64(1.3976121124814818), 'sebi_entry': np.float64(0.04958392428671264), 'sebi_exit': np.float64(0.04705764688489838), 'ipft_entry': np.float64(0.04958392428671264), 'ipft_exit': np.float64(0.04705764688489838), 'stamp_buy': np.float64(1.4875177286013794), 'stt_sell': np.float64(11.764411721224596), 'dp_sell': 16.5, 'gst': np.float64(10.721436805105215), 'fees_total': np.float64(83.53690406107128)}",HSL,8,1413_rsi_enabled=False_rsi_buy_below=40_rsi_sell_above=70_macd_enabled=True_macd_fast=12_macd_slow=26_macd_signal=9_adx_enabled=False_adx_length=14_adx_min_adx=20_sma_enabled=False_sma_length=50_bb_enabled=False_bb_length=20_bb_stddev=2.0_combination_mode=all
DIXON.NS,2018-04-30,2018-05-03,69,721.2633666992188,685.2001983642577,721.6239983825683,684.8575982650757,49792.05588839721,47255.17428029022,-2536.881608106989,-2620.4893120454035,-5.09495252373812,-5.262866265090377,-5.240978624090807,83.60770393841437,"{'brokerage_entry': 20.0, 'brokerage_exit': 20.0, 'exchange_entry': np.float64(1.4788240598853972), 'exchange_exit': np.float64(1.4034786761246196), 'sebi_entry': np.float64(0.04979205588839721), 'sebi_exit': np.float64(0.04725517428029022), 'ipft_entry': np.float64(0.04979205588839721), 'ipft_exit': np.float64(0.04725517428029022), 'stamp_buy': np.float64(1.4937616766519164), 'stt_sell': np.float64(11.813793570072557), 'dp_sell': 16.5, 'gst': np.float64(10.72375149534253), 'fees_total': np.float64(83.60770393841437)}",HSL,2,1413_rsi_enabled=False_rsi_buy_below=40_rsi_sell_above=70_macd_enabled=True_macd_fast=12_macd_slow=26_macd_signal=9_adx_enabled=False_adx_length=14_adx_min_adx=20_sma_enabled=False_sma_length=50_bb_enabled=False_bb_length=20_bb_stddev=2.0_combination_mode=all
DIXON.NS,2018-08-28,2018-09-05,87,570.6131591796875,542.0825012207031,570.8984657592773,541.8114599700928,49668.16652105712,47137.59701739807,-2530.569503659055,-2614.135064299956,-5.094952523738126,-5.263200249583759,-5.228270128599912,83.5655606409007,"{'brokerage_entry': 20.0, 'brokerage_exit': 20.0, 'exchange_entry': np.float64(1.4751445456753967), 'exchange_exit': np.float64(1.3999866314167226), 'sebi_entry': np.float64(0.04966816652105712), 'sebi_exit': np.float64(0.047137597017398065), 'ipft_entry': np.float64(0.04966816652105712), 'ipft_exit': np.float64(0.047137597017398065), 'stamp_buy': np.float64(1.4900449956317137), 'stt_sell': np.float64(11.784399254349518), 'dp_sell': 16.5, 'gst': np.float64(10.722373686750425), 'fees_total': np.float64(83.5655606409007)}",HSL,6,1413_rsi_enabled=False_rsi_buy_below=40_rsi_sell_above=70_macd_enabled=True_macd_fast=12_macd_slow=26_macd_signal=9_adx_enabled=False_adx_length=14_adx_min_adx=20_sma_enabled=False_sma_length=50_bb_enabled=False_bb_length=20_bb_stddev=2.0_combination_mode=all
DIXON.NS,2018-12-19,2019-01-02,118,422.49609375,401.37128906249995,422.70734179687497,401.1706034179687,49879.46633203125,47338.13120332031,-2541.33512871094,-2624.972566955138,-5.094952523738136,-5.2626316197562275,-5.249945133910276,83.63743824419836,"{'brokerage_entry': 20.0, 'brokerage_exit': 20.0, 'exchange_entry': np.float64(1.481420150061328), 'exchange_exit': np.float64(1.4059424967386132), 'sebi_entry': np.float64(0.04987946633203125), 'sebi_exit': np.float64(0.047338131203320304), 'ipft_entry': np.float64(0.04987946633203125), 'ipft_exit': np.float64(0.047338131203320304), 'stamp_buy': np.float64(1.4963839899609375), 'stt_sell': np.float64(11.834532800830077), 'dp_sell': 16.5, 'gst': np.float64(10.724723611536714), 'fees_total': np.float64(83.63743824419836)}",HSL,9,1413_rsi_enabled=False_rsi_buy_below=40_rsi_sell_above=70_macd_enabled=True_macd_fast=12_macd_slow=26_macd_signal=9_adx_enabled=False_adx_length=14_adx_min_adx=20_sma_enabled=False_sma_length=50_bb_enabled=False_bb_length=20_bb_stddev=2.0_combination_mode=all
DIXON.NS,2019-01-09,2019-01-23,119,417.4281005859375,446.74090576171875,417.63681463623044,446.5175353088379,49698.780941711426,53135.586701751716,3436.80576004029,3351.5142775805293,6.915271752985457,6.743654902745622,6.703028555161058,85.29148245976064,"{'brokerage_entry': 20.0, 'brokerage_exit': 20.0, 'exchange_entry': np.float64(1.4760537939688294), 'exchange_exit': np.float64(1.578126925042026), 'sebi_entry': np.float64(0.04969878094171142), 'sebi_exit': np.float64(0.05313558670175171), 'ipft_entry': np.float64(0.04969878094171142), 'ipft_exit': np.float64(0.05313558670175171), 'stamp_buy': np.float64(1.4909634282513429), 'stt_sell': np.float64(13.28389667543793), 'dp_sell': 16.5, 'gst': np.float64(10.7567729017736), 'fees_total': np.float64(85.29148245976064)}",Time,10,1413_rsi_enabled=False_rsi_buy_below=40_rsi_sell_above=70_macd_enabled=True_macd_fast=12_macd_slow=26_macd_signal=9_adx_enabled=False_adx_length=14_adx_min_adx=20_sma_enabled=False_sma_length=50_bb_enabled=False_bb_length=20_bb_stddev=2.0_combination_mode=all
DIXON.NS,2019-05-24,2019-06-10,103,483.2723083496094,466.57476806640625,483.51394450378416,466.34148068237306,49801.936283889765,48033.17251028443,-1768.7637736053366,-1852.5957449009793,-3.551596394812278,-3.719927141668723,-3.7051914898019587,83.8319712956427,"{'brokerage_entry': 20.0, 'brokerage_exit': 20.0, 'exchange_entry': np.float64(1.479117507631526), 'exchange_exit': np.float64(1.4265852235554475), 'sebi_entry': np.float64(0.049801936283889764), 'sebi_exit': np.float64(0.048033172510284425), 'ipft_entry': np.float64(0.049801936283889764), 'ipft_exit': np.float64(0.048033172510284425), 'stamp_buy': np.float64(1.494058088516693), 'stt_sell': np.float64(12.008293127571108), 'dp_sell': 16.5, 'gst': np.float64(10.72824713077956), 'fees_total': np.float64(83.8319712956427)}",Time,10,1413_rsi_enabled=False_rsi_buy_below=40_rsi_sell_above=70_macd_enabled=True_macd_fast=12_macd_slow=26_macd_signal=9_adx_enabled=False_adx_length=14_adx_min_adx=20_sma_enabled=False_sma_length=50_bb_enabled=False_bb_length=20_bb_stddev=2.0_combination_mode=all
DIXON.NS,2019-08-16,2019-08-20,106,471.36456298828125,447.79633483886715,471.60024526977537,447.57243667144775,49989.62599859619,47442.67828717346,-2546.9477114227266,-2630.622622548591,-5.094952523738126,-5.262337074941238,-5.261245245097182,83.67491112586477,"{'brokerage_entry': 20.0, 'brokerage_exit': 20.0, 'exchange_entry': np.float64(1.4846918921583068), 'exchange_exit': np.float64(1.4090475451290518), 'sebi_entry': np.float64(0.04998962599859619), 'sebi_exit': np.float64(0.04744267828717346), 'ipft_entry': np.float64(0.04998962599859619), 'ipft_exit': np.float64(0.04744267828717346), 'stamp_buy': np.float64(1.4996887799578857), 'stt_sell': np.float64(11.860669571793366), 'dp_sell': 16.5, 'gst': np.float64(10.725948728254602), 'fees_total': np.float64(83.67491112586477)}",HSL,2,1413_rsi_enabled=False_rsi_buy_below=40_rsi_sell_above=70_macd_enabled=True_macd_fast=12_macd_slow=26_macd_signal=9_adx_enabled=False_adx_length=14_adx_min_adx=20_sma_enabled=False_sma_length=50_bb_enabled=False_bb_length=20_bb_stddev=2.0_combination_mode=all
DIXON.NS,2019-11-14,2019-11-20,76,650.4010009765625,617.8809509277344,650.7262014770507,617.5720104522705,49455.191312255854,46935.47279437256,-2519.718517883295,-2603.2116310028287,-5.09495252373812,-5.263778305024386,-5.206423262005657,83.49311311953336,"{'brokerage_entry': 20.0, 'brokerage_exit': 20.0, 'exchange_entry': np.float64(1.4688191819739989), 'exchange_exit': np.float64(1.393983541992865), 'sebi_entry': np.float64(0.049455191312255856), 'sebi_exit': np.float64(0.04693547279437256), 'ipft_entry': np.float64(0.049455191312255856), 'ipft_exit': np.float64(0.04693547279437256), 'stamp_buy': np.float64(1.4836557393676757), 'stt_sell': np.float64(11.73386819859314), 'dp_sell': 16.5, 'gst': np.float64(10.720005129392423), 'fees_total': np.float64(83.49311311953336)}",HSL,4,1413_rsi_enabled=False_rsi_buy_below=40_rsi_sell_above=70_macd_enabled=True_macd_fast=12_macd_slow=26_macd_signal=9_adx_enabled=False_adx_length=14_adx_min_adx=20_sma_enabled=False_sma_length=50_bb_enabled=False_bb_length=20_bb_stddev=2.0_combination_mode=all
DIXON.NS,2020-04-22,2020-05-07,59,836.8262329101562,868.5969848632812,837.2446460266112,868.1626863708497,49397.43411557006,51221.59849588013,1824.164380310067,1739.443302128766,3.6928322552994524,3.5213231886886485,3.478886604257532,84.72107818130104,"{'brokerage_entry': 20.0, 'brokerage_exit': 20.0, 'exchange_entry': np.float64(1.467103793232431), 'exchange_exit': np.float64(1.5212814753276398), 'sebi_entry': np.float64(0.04939743411557006), 'sebi_exit': np.float64(0.05122159849588012), 'ipft_entry': np.float64(0.04939743411557006), 'ipft_exit': np.float64(0.05122159849588012), 'stamp_buy': np.float64(1.481923023467102), 'stt_sell': np.float64(12.805399623970033), 'dp_sell': 16.5, 'gst': np.float64(10.744132200080934), 'fees_total': np.float64(84.72107818130104)}",Time,10,1413_rsi_enabled=False_rsi_buy_below=40_rsi_sell_above=70_macd_enabled=True_macd_fast=12_macd_slow=26_macd_signal=9_adx_enabled=False_adx_length=14_adx_min_adx=20_sma_enabled=False_sma_length=50_bb_enabled=False_bb_length=20_bb_stddev=2.0_combination_mode=all
DIXON.NS,2020-10-23,2020-10-28,25,1957.5738525390625,1859.6951599121094,1958.5526394653318,1858.7653123321534,48963.81598663329,46469.13280830383,-2494.683178329462,-2578.00914089376,-5.09495252373812,-5.265131176862389,-5.15601828178752,83.32596256429837,"{'brokerage_entry': 20.0, 'brokerage_exit': 20.0, 'exchange_entry': np.float64(1.4542253348030088), 'exchange_exit': np.float64(1.3801332444066239), 'sebi_entry': np.float64(0.04896381598663329), 'sebi_exit': np.float64(0.04646913280830383), 'ipft_entry': np.float64(0.04896381598663329), 'ipft_exit': np.float64(0.04646913280830383), 'stamp_buy': np.float64(1.4689144795989988), 'stt_sell': np.float64(11.617283202075958), 'dp_sell': 16.5, 'gst': np.float64(10.714540405823909), 'fees_total': np.float64(83.32596256429837)}",HSL,3,1413_rsi_enabled=False_rsi_buy_below=40_rsi_sell_above=70_macd_enabled=True_macd_fast=12_macd_slow=26_macd_signal=9_adx_enabled=False_adx_length=14_adx_min_adx=20_sma_enabled=False_sma_length=50_bb_enabled=False_bb_length=20_bb_stddev=2.0_combination_mode=all
DIXON.NS,2021-04-27,2021-05-10,12,4024.92822265625,3823.6818115234373,4026.940686767578,3821.769970617676,48323.28824121093,45861.23964741211,-2462.0485937988196,-2545.1566688081107,-5.0949525237381135,-5.266936008376924,-5.090313337616221,83.1080750092912,"{'brokerage_entry': 20.0, 'brokerage_exit': 20.0, 'exchange_entry': np.float64(1.4352016607639646), 'exchange_exit': np.float64(1.3620788175281398), 'sebi_entry': np.float64(0.04832328824121093), 'sebi_exit': np.float64(0.04586123964741211), 'ipft_entry': np.float64(0.04832328824121093), 'ipft_exit': np.float64(0.04586123964741211), 'stamp_buy': np.float64(1.449698647236328), 'stt_sell': np.float64(11.465309911853028), 'dp_sell': 16.5, 'gst': np.float64(10.707416916132486), 'fees_total': np.float64(83.1080750092912)}",HSL,9,1413_rsi_enabled=False_rsi_buy_below=40_rsi_sell_above=70_macd_enabled=True_macd_fast=12_macd_slow=26_macd_signal=9_adx_enabled=False_adx_length=14_adx_min_adx=20_sma_enabled=False_sma_length=50_bb_enabled=False_bb_length=20_bb_stddev=2.0_combination_mode=all
DIXON.NS,2021-09-03,2021-09-20,11,4230.97900390625,4160.61474609375,4233.094493408203,4158.534438720703,46564.03942749023,45743.878825927735,-820.160601562493,-903.1163624419869,-1.761360508337451,-1.9395146416545852,-1.8062327248839736,82.955760879494,"{'brokerage_entry': 20.0, 'brokerage_exit': 20.0, 'exchange_entry': np.float64(1.3829519709964597), 'exchange_exit': np.float64(1.3585932011300537), 'sebi_entry': np.float64(0.046564039427490225), 'sebi_exit': np.float64(0.04574387882592773), 'ipft_entry': np.float64(0.046564039427490225), 'ipft_exit': np.float64(0.04574387882592773), 'stamp_buy': np.float64(1.3969211828247068), 'stt_sell': np.float64(11.435969706481934), 'dp_sell': 16.5, 'gst': np.float64(10.696708981554004), 'fees_total': np.float64(82.955760879494)}",Time,10,1413_rsi_enabled=False_rsi_buy_below=40_rsi_sell_above=70_macd_enabled=True_macd_fast=12_macd_slow=26_macd_signal=9_adx_enabled=False_adx_length=14_adx_min_adx=20_sma_enabled=False_sma_length=50_bb_enabled=False_bb_length=20_bb_stddev=2.0_combination_mode=all
DIXON.NS,2021-09-23,2021-10-07,11,4387.77294921875,4856.3623046875,4389.966835693359,4853.934123535157,48289.63519262695,53393.27535888672,5103.640166259771,5018.369607412181,10.568810772542376,10.39222927941772,10.036739214824362,85.2705588475904,"{'brokerage_entry': 20.0, 'brokerage_exit': 20.0, 'exchange_entry': np.float64(1.4342021652210204), 'exchange_exit': np.float64(1.5857802781589356), 'sebi_entry': np.float64(0.04828963519262695), 'sebi_exit': np.float64(0.053393275358886716), 'ipft_entry': np.float64(0.04828963519262695), 'ipft_exit': np.float64(0.053393275358886716), 'stamp_buy': np.float64(1.4486890557788086), 'stt_sell': np.float64(13.34831883972168), 'dp_sell': 16.5, 'gst': np.float64(10.750202687606937), 'fees_total': np.float64(85.2705588475904)}",Time,10,1413_rsi_enabled=False_rsi_buy_below=40_rsi_sell_above=70_macd_enabled=True_macd_fast=12_macd_slow=26_macd_signal=9_adx_enabled=False_adx_length=14_adx_min_adx=20_sma_enabled=False_sma_length=50_bb_enabled=False_bb_length=20_bb_stddev=2.0_combination_mode=all
DIXON.NS,2021-12-13,2021-12-17,8,5697.427734375,5412.55634765625,5700.276448242187,5409.850069482422,45602.2115859375,43278.80055585938,-2323.4110300781176,-2405.5934797048367,-5.094952523738115,-5.275168453555128,-4.811186959409673,82.18244962671902,"{'brokerage_entry': 20.0, 'brokerage_exit': 20.0, 'exchange_entry': np.float64(1.3543856841023436), 'exchange_exit': np.float64(1.2853803765090235), 'sebi_entry': np.float64(0.0456022115859375), 'sebi_exit': np.float64(0.04327880055585938), 'ipft_entry': np.float64(0.0456022115859375), 'ipft_exit': np.float64(0.04327880055585938), 'stamp_buy': np.float64(1.368066347578125), 'stt_sell': np.float64(10.819700138964846), 'dp_sell': 16.5, 'gst': np.float64(10.677155055281094), 'fees_total': np.float64(82.18244962671902)}",HSL,4,1413_rsi_enabled=False_rsi_buy_below=40_rsi_sell_above=70_macd_enabled=True_macd_fast=12_macd_slow=26_macd_signal=9_adx_enabled=False_adx_length=14_adx_min_adx=20_sma_enabled=False_sma_length=50_bb_enabled=False_bb_length=20_bb_stddev=2.0_combination_mode=all
DIXON.NS,2022-04-05,2022-04-11,10,4629.70361328125,4398.218432617187,4632.01846508789,4396.019323400879,46320.1846508789,43960.193234008795,-2359.991416870107,-2442.418098533298,-5.09495252373811,-5.272902336081154,-4.884836197066596,82.42668166319066,"{'brokerage_entry': 20.0, 'brokerage_exit': 20.0, 'exchange_entry': np.float64(1.3757094841311035), 'exchange_exit': np.float64(1.3056177390500612), 'sebi_entry': np.float64(0.0463201846508789), 'sebi_exit': np.float64(0.04396019323400879), 'ipft_entry': np.float64(0.0463201846508789), 'ipft_exit': np.float64(0.04396019323400879), 'stamp_buy': np.float64(1.3896055395263671), 'stt_sell': np.float64(10.9900483085022), 'dp_sell': 16.5, 'gst': np.float64(10.68513983621117), 'fees_total': np.float64(82.42668166319066)}",HSL,4,1413_rsi_enabled=False_rsi_buy_below=40_rsi_sell_above=70_macd_enabled=True_macd_fast=12_macd_slow=26_macd_signal=9_adx_enabled=False_adx_length=14_adx_min_adx=20_sma_enabled=False_sma_length=50_bb_enabled=False_bb_length=20_bb_stddev=2.0_combination_mode=all
DIXON.NS,2022-06-01,2022-06-03,12,3884.7509765625,3690.513427734375,3886.693352050781,3688.668171020508,46640.32022460937,44264.018052246094,-2376.3021723632774,-2458.837754160661,-5.094952523738123,-5.2719143914952715,-4.917675508321322,82.53558179738386,"{'brokerage_entry': 20.0, 'brokerage_exit': 20.0, 'exchange_entry': np.float64(1.3852175106708984), 'exchange_exit': np.float64(1.314641336151709), 'sebi_entry': np.float64(0.04664032022460937), 'sebi_exit': np.float64(0.04426401805224609), 'ipft_entry': np.float64(0.04664032022460937), 'ipft_exit': np.float64(0.04426401805224609), 'stamp_buy': np.float64(1.399209606738281), 'stt_sell': np.float64(11.066004513061523), 'dp_sell': 16.5, 'gst': np.float64(10.688700154207737), 'fees_total': np.float64(82.53558179738386)}",HSL,2,1413_rsi_enabled=False_rsi_buy_below=40_rsi_sell_above=70_macd_enabled=True_macd_fast=12_macd_slow=26_macd_signal=9_adx_enabled=False_adx_length=14_adx_min_adx=20_sma_enabled=False_sma_length=50_bb_enabled=False_bb_length=20_bb_stddev=2.0_combination_mode=all
DIXON.NS,2022-06-28,2022-07-12,13,3657.59228515625,3864.88916015625,3659.421081298828,3862.956715576172,47572.47405688476,50218.43730249024,2645.963245605475,2561.653495227837,5.561962664463415,5.38473885584496,5.123306990455674,84.30975037763788,"{'brokerage_entry': 20.0, 'brokerage_exit': 20.0, 'exchange_entry': np.float64(1.4129024794894776), 'exchange_exit': np.float64(1.4914875878839602), 'sebi_entry': np.float64(0.04757247405688476), 'sebi_exit': np.float64(0.05021843730249024), 'ipft_entry': np.float64(0.04757247405688476), 'ipft_exit': np.float64(0.05021843730249024), 'stamp_buy': np.float64(1.4271742217065428), 'stt_sell': np.float64(12.55460932562256), 'dp_sell': 16.5, 'gst': np.float64(10.727994940216593), 'fees_total': np.float64(84.30975037763788)}",Time,10,1413_rsi_enabled=False_rsi_buy_below=40_rsi_sell_above=70_macd_enabled=True_macd_fast=12_macd_slow=26_macd_signal=9_adx_enabled=False_adx_length=14_adx_min_adx=20_sma_enabled=False_sma_length=50_bb_enabled=False_bb_length=20_bb_stddev=2.0_combination_mode=all
DIXON.NS,2022-08-18,2022-09-02,12,4062.372314453125,4103.46337890625,4064.4035006103513,4101.411647216797,48772.842007324216,49216.939766601565,444.0977592773488,359.99493329844324,0.910543124000563,0.7381053030380776,0.7199898665968865,84.1028259789056,"{'brokerage_entry': 20.0, 'brokerage_exit': 20.0, 'exchange_entry': np.float64(1.4485534076175293), 'exchange_exit': np.float64(1.4617431110680665), 'sebi_entry': np.float64(0.048772842007324214), 'sebi_exit': np.float64(0.04921693976660156), 'ipft_entry': np.float64(0.048772842007324214), 'ipft_exit': np.float64(0.04921693976660156), 'stamp_buy': np.float64(1.4631852602197266), 'stt_sell': np.float64(12.30423494165039), 'dp_sell': 16.5, 'gst': np.float64(10.72912969480202), 'fees_total': np.float64(84.1028259789056)}",Time,10,1413_rsi_enabled=False_rsi_buy_below=40_rsi_sell_above=70_macd_enabled=True_macd_fast=12_macd_slow=26_macd_signal=9_adx_enabled=False_adx_length=14_adx_min_adx=20_sma_enabled=False_sma_length=50_bb_enabled=False_bb_length=20_bb_stddev=2.0_combination_mode=all
DIXON.NS,2023-03-02,2023-03-10,16,2945.361083984375,2798.093029785156,2946.833764526367,2796.6939832702637,47149.34023242187,44747.10373232422,-2402.2365000976497,-2484.9452346206485,-5.094952523738117,-5.270371170351808,-4.969890469241297,82.70873452299901,"{'brokerage_entry': 20.0, 'brokerage_exit': 20.0, 'exchange_entry': np.float64(1.4003354049029295), 'exchange_exit': np.float64(1.3289889808500293), 'sebi_entry': np.float64(0.047149340232421864), 'sebi_exit': np.float64(0.04474710373232422), 'ipft_entry': np.float64(0.047149340232421864), 'ipft_exit': np.float64(0.04474710373232422), 'stamp_buy': np.float64(1.414480206972656), 'stt_sell': np.float64(11.186775933081055), 'dp_sell': 16.5, 'gst': np.float64(10.694361109262843), 'fees_total': np.float64(82.70873452299901)}",HSL,5,1413_rsi_enabled=False_rsi_buy_below=40_rsi_sell_above=70_macd_enabled=True_macd_fast=12_macd_slow=26_macd_signal=9_adx_enabled=False_adx_length=14_adx_min_adx=20_sma_enabled=False_sma_length=50_bb_enabled=False_bb_length=20_bb_stddev=2.0_combination_mode=all
DIXON.NS,2023-04-05,2023-04-21,17,2924.989990234375,2926.23828125,2926.452485229492,2924.7751621093753,49749.69224890137,49721.17775585938,-28.51449304198468,-112.82808561181463,-0.0573159184569918,-0.22679152475421843,-0.22565617122362927,84.31359256982995,"{'brokerage_entry': 20.0, 'brokerage_exit': 20.0, 'exchange_entry': np.float64(1.4775658597923707), 'exchange_exit': np.float64(1.4767189793490236), 'sebi_entry': np.float64(0.04974969224890136), 'sebi_exit': np.float64(0.04972117775585938), 'ipft_entry': np.float64(0.04974969224890136), 'ipft_exit': np.float64(0.04972117775585938), 'stamp_buy': np.float64(1.4924907674670411), 'stt_sell': np.float64(12.430294438964847), 'dp_sell': 16.5, 'gst': np.float64(10.737580784247163), 'fees_total': np.float64(84.31359256982995)}",Time,10,1413_rsi_enabled=False_rsi_buy_below=40_rsi_sell_above=70_macd_enabled=True_macd_fast=12_macd_slow=26_macd_signal=9_adx_enabled=False_adx_length=14_adx_min_adx=20_sma_enabled=False_sma_length=50_bb_enabled=False_bb_length=20_bb_stddev=2.0_combination_mode=all
DIXON.NS,2023-05-16,2023-05-30,17,2908.41357421875,3677.0703125,2909.8677810058593,3675.2317773437503,49467.75227709961,62478.94021484376,13011.187937744151,12923.226692142773,26.302363335330874,26.12454800806746,25.846453384285546,87.96124560137757,"{'brokerage_entry': 20.0, 'brokerage_exit': 20.0, 'exchange_entry': np.float64(1.4691922426298583), 'exchange_exit': np.float64(1.8556245243808596), 'sebi_entry': np.float64(0.049467752277099604), 'sebi_exit': np.float64(0.06247894021484376), 'ipft_entry': np.float64(0.049467752277099604), 'ipft_exit': np.float64(0.06247894021484376), 'stamp_buy': np.float64(1.4840325683129882), 'stt_sell': np.float64(15.61973505371094), 'dp_sell': 16.5, 'gst': np.float64(10.80876782735903), 'fees_total': np.float64(87.96124560137757)}",Time,10,1413_rsi_enabled=False_rsi_buy_below=40_rsi_sell_above=70_macd_enabled=True_macd_fast=12_macd_slow=26_macd_signal=9_adx_enabled=False_adx_length=14_adx_min_adx=20_sma_enabled=False_sma_length=50_bb_enabled=False_bb_length=20_bb_stddev=2.0_combination_mode=all
DIXON.NS,2023-08-04,2023-08-07,10,4609.6943359375,4379.209619140624,4611.999183105469,4377.020014331054,46119.991831054685,43770.20014331054,-2349.7916877441457,-2432.150270055898,-5.094952523738142,-5.273527105046496,-4.864300540111796,82.35858231175239,"{'brokerage_entry': 20.0, 'brokerage_exit': 20.0, 'exchange_entry': np.float64(1.3697637573823243), 'exchange_exit': np.float64(1.299974944256323), 'sebi_entry': np.float64(0.04611999183105468), 'sebi_exit': np.float64(0.04377020014331054), 'ipft_entry': np.float64(0.04611999183105468), 'ipft_exit': np.float64(0.04377020014331054), 'stamp_buy': np.float64(1.3835997549316406), 'stt_sell': np.float64(10.942550035827635), 'dp_sell': 16.5, 'gst': np.float64(10.682913435405728), 'fees_total': np.float64(82.35858231175239)}",HSL,1,1413_rsi_enabled=False_rsi_buy_below=40_rsi_sell_above=70_macd_enabled=True_macd_fast=12_macd_slow=26_macd_signal=9_adx_enabled=False_adx_length=14_adx_min_adx=20_sma_enabled=False_sma_length=50_bb_enabled=False_bb_length=20_bb_stddev=2.0_combination_mode=all
DIXON.NS,2023-12-01,2023-12-15,8,5946.87646484375,6311.83349609375,5949.849903076171,6308.677579345704,47598.79922460937,50469.42063476563,2870.621410156258,2786.237751188769,6.030869385192598,5.853588318564636,5.572475502377538,84.38365896748947,"{'brokerage_entry': 20.0, 'brokerage_exit': 20.0, 'exchange_entry': np.float64(1.4136843369708982), 'exchange_exit': np.float64(1.4989417928525393), 'sebi_entry': np.float64(0.04759879922460937), 'sebi_exit': np.float64(0.05046942063476563), 'ipft_entry': np.float64(0.04759879922460937), 'ipft_exit': np.float64(0.05046942063476563), 'stamp_buy': np.float64(1.4279639767382812), 'stt_sell': np.float64(12.617355158691408), 'dp_sell': 16.5, 'gst': np.float64(10.729577262517592), 'fees_total': np.float64(84.38365896748947)}",Time,10,1413_rsi_enabled=False_rsi_buy_below=40_rsi_sell_above=70_macd_enabled=True_macd_fast=12_macd_slow=26_macd_signal=9_adx_enabled=False_adx_length=14_adx_min_adx=20_sma_enabled=False_sma_length=50_bb_enabled=False_bb_length=20_bb_stddev=2.0_combination_mode=all
DIXON.NS,2024-02-19,2024-03-04,7,6738.44091796875,7156.75537109375,6741.810138427734,7153.176993408203,47192.67096899414,50072.23895385742,2879.567984863279,2795.325853775171,6.101727081213886,5.923220272087834,5.590651707550342,84.24213108810838,"{'brokerage_entry': 20.0, 'brokerage_exit': 20.0, 'exchange_entry': np.float64(1.401622327779126), 'exchange_exit': np.float64(1.4871454969295654), 'sebi_entry': np.float64(0.04719267096899414), 'sebi_exit': np.float64(0.05007223895385742), 'ipft_entry': np.float64(0.04719267096899414), 'ipft_exit': np.float64(0.05007223895385742), 'stamp_buy': np.float64(1.4157801290698242), 'stt_sell': np.float64(12.518059738464355), 'dp_sell': 16.5, 'gst': np.float64(10.724993576019791), 'fees_total': np.float64(84.24213108810838)}",Time,10,1413_rsi_enabled=False_rsi_buy_below=40_rsi_sell_above=70_macd_enabled=True_macd_fast=12_macd_slow=26_macd_signal=9_adx_enabled=False_adx_length=14_adx_min_adx=20_sma_enabled=False_sma_length=50_bb_enabled=False_bb_length=20_bb_stddev=2.0_combination_mode=all
DIXON.NS,2024-06-13,2024-06-28,4,10846.9931640625,11961.6982421875,10852.41666064453,11955.717393066407,43409.66664257812,47822.86957226563,4413.202929687504,4329.862278045508,10.166405943690982,9.974419554280999,8.659724556091016,83.34065164199622,"{'brokerage_entry': 20.0, 'brokerage_exit': 20.0, 'exchange_entry': np.float64(1.2892670992845703), 'exchange_exit': np.float64(1.420339226296289), 'sebi_entry': np.float64(0.04340966664257812), 'sebi_exit': np.float64(0.04782286957226563), 'ipft_entry': np.float64(0.04340966664257812), 'ipft_exit': np.float64(0.04782286957226563), 'stamp_buy': np.float64(1.3022899992773438), 'stt_sell': np.float64(11.955717393066408), 'dp_sell': 16.5, 'gst': np.float64(10.6905728516419), 'fees_total': np.float64(83.34065164199622)}",Time,10,1413_rsi_enabled=False_rsi_buy_below=40_rsi_sell_above=70_macd_enabled=True_macd_fast=12_macd_slow=26_macd_signal=9_adx_enabled=False_adx_length=14_adx_min_adx=20_sma_enabled=False_sma_length=50_bb_enabled=False_bb_length=20_bb_stddev=2.0_combination_mode=all
DIXON.NS,2024-08-16,2024-08-30,4,12364.974609375,13160.38671875,12371.157096679686,13153.806525390626,49484.628386718745,52615.226101562504,3130.5977148437596,3045.470222309779,6.326404414676752,6.154376261067684,6.090940444619557,85.12749253398086,"{'brokerage_entry': 20.0, 'brokerage_exit': 20.0, 'exchange_entry': np.float64(1.4696934630855467), 'exchange_exit': np.float64(1.5626722152164063), 'sebi_entry': np.float64(0.04948462838671874), 'sebi_exit': np.float64(0.0526152261015625), 'ipft_entry': np.float64(0.04948462838671874), 'ipft_exit': np.float64(0.0526152261015625), 'stamp_buy': np.float64(1.4845388516015623), 'stt_sell': np.float64(13.153806525390626), 'dp_sell': 16.5, 'gst': np.float64(10.752581769710135), 'fees_total': np.float64(85.12749253398086)}",Time,10,1413_rsi_enabled=False_rsi_buy_below=40_rsi_sell_above=70_macd_enabled=True_macd_fast=12_macd_slow=26_macd_signal=9_adx_enabled=False_adx_length=14_adx_min_adx=20_sma_enabled=False_sma_length=50_bb_enabled=False_bb_length=20_bb_stddev=2.0_combination_mode=all
DIXON.NS,2024-09-16,2024-09-30,3,13979.078125,13796.810546875,13986.067664062499,13789.912141601564,41958.20299218749,41369.736424804694,-588.4665673827985,-669.8547124805973,-1.402506602802721,-1.5964809374827669,-1.3397094249611945,81.3881450977988,"{'brokerage_entry': 20.0, 'brokerage_exit': 20.0, 'exchange_entry': np.float64(1.2461586288679685), 'exchange_exit': np.float64(1.2286811718166994), 'sebi_entry': np.float64(0.04195820299218749), 'sebi_exit': np.float64(0.041369736424804696), 'ipft_entry': np.float64(0.04195820299218749), 'ipft_exit': np.float64(0.041369736424804696), 'stamp_buy': np.float64(1.2587460897656249), 'stt_sell': np.float64(10.342434106201173), 'dp_sell': 16.5, 'gst': np.float64(10.645469222313356), 'fees_total': np.float64(81.3881450977988)}",Time,10,1413_rsi_enabled=False_rsi_buy_below=40_rsi_sell_above=70_macd_enabled=True_macd_fast=12_macd_slow=26_macd_signal=9_adx_enabled=False_adx_length=14_adx_min_adx=20_sma_enabled=False_sma_length=50_bb_enabled=False_bb_length=20_bb_stddev=2.0_combination_mode=all
DIXON.NS,2024-12-02,2024-12-16,2,16756.443359375,18823.423828125,16764.821581054686,18814.01211621094,33529.64316210937,37628.02423242188,4098.3810703125055,4018.6364512529767,12.223157432656297,11.98532424524664,8.037272902505952,79.74461905952859,"{'brokerage_entry': 20.0, 'brokerage_exit': 20.0, 'exchange_entry': np.float64(0.9958304019146483), 'exchange_exit': np.float64(1.1175523197029298), 'sebi_entry': np.float64(0.03352964316210937), 'sebi_exit': np.float64(0.037628024232421876), 'ipft_entry': np.float64(0.03352964316210937), 'ipft_exit': np.float64(0.037628024232421876), 'stamp_buy': np.float64(1.0058892948632812), 'stt_sell': np.float64(9.40700605810547), 'dp_sell': 16.5, 'gst': np.float64(10.576025650153195), 'fees_total': np.float64(79.74461905952859)}",Time,10,1413_rsi_enabled=False_rsi_buy_below=40_rsi_sell_above=70_macd_enabled=True_macd_fast=12_macd_slow=26_macd_signal=9_adx_enabled=False_adx_length=14_adx_min_adx=20_sma_enabled=False_sma_length=50_bb_enabled=False_bb_length=20_bb_stddev=2.0_combination_mode=all
PERSISTENT.NS,2015-01-02,2015-01-05,120,414.1854553222656,393.4761825561523,414.39254804992675,393.27944446487425,49727.10576599121,47193.53333578491,-2533.5724302063027,-2617.1580401394694,-5.094952523738138,-5.26304115195332,-5.234316080278939,83.585609933167,"{'brokerage_entry': 20.0, 'brokerage_exit': 20.0, 'exchange_entry': np.float64(1.476895041249939), 'exchange_exit': np.float64(1.401647940072812), 'sebi_entry': np.float64(0.04972710576599121), 'sebi_exit': np.float64(0.04719353333578491), 'ipft_entry': np.float64(0.04972710576599121), 'ipft_exit': np.float64(0.04719353333578491), 'stamp_buy': np.float64(1.4918131729797364), 'stt_sell': np.float64(11.798383333946227), 'dp_sell': 16.5, 'gst': np.float64(10.723029166714735), 'fees_total': np.float64(83.585609933167)}",HSL,1,1413_rsi_enabled=False_rsi_buy_below=40_rsi_sell_above=70_macd_enabled=True_macd_fast=12_macd_slow=26_macd_signal=9_adx_enabled=False_adx_length=14_adx_min_adx=20_sma_enabled=False_sma_length=50_bb_enabled=False_bb_length=20_bb_stddev=2.0_combination_mode=all
PERSISTENT.NS,2015-02-20,2015-03-09,128,389.01348876953125,414.64306640625,389.207995513916,414.4357448730469,49818.62342578125,53047.77534375,3229.151917968753,3143.877594917669,6.481816830566338,6.31064726146308,6.287755189835338,85.27432305108401,"{'brokerage_entry': 20.0, 'brokerage_exit': 20.0, 'exchange_entry': np.float64(1.479613115745703), 'exchange_exit': np.float64(1.575518927709375), 'sebi_entry': np.float64(0.04981862342578124), 'sebi_exit': np.float64(0.05304777534375), 'ipft_entry': np.float64(0.04981862342578124), 'ipft_exit': np.float64(0.05304777534375), 'stamp_buy': np.float64(1.4945587027734375), 'stt_sell': np.float64(13.261943835937501), 'dp_sell': 16.5, 'gst': np.float64(10.756955671378943), 'fees_total': np.float64(85.27432305108401)}",Time,10,1413_rsi_enabled=False_rsi_buy_below=40_rsi_sell_above=70_macd_enabled=True_macd_fast=12_macd_slow=26_macd_signal=9_adx_enabled=False_adx_length=14_adx_min_adx=20_sma_enabled=False_sma_length=50_bb_enabled=False_bb_length=20_bb_stddev=2.0_combination_mode=all
PERSISTENT.NS,2015-05-15,2015-05-29,145,344.6338195800781,349.72418212890625,344.80613648986815,349.5493200378418,49996.88979103088,50684.651405487064,687.7616144561835,603.1544511810838,1.3756087975287685,1.2063839444854543,1.2063089023621676,84.60716327509965,"{'brokerage_entry': 20.0, 'brokerage_exit': 20.0, 'exchange_entry': np.float64(1.4849076267936172), 'exchange_exit': np.float64(1.5053341467429657), 'sebi_entry': np.float64(0.049996889791030875), 'sebi_exit': np.float64(0.050684651405487065), 'ipft_entry': np.float64(0.049996889791030875), 'ipft_exit': np.float64(0.050684651405487065), 'stamp_buy': np.float64(1.4999066937309264), 'stt_sell': np.float64(12.671162851371767), 'dp_sell': 16.5, 'gst': np.float64(10.744488874067333), 'fees_total': np.float64(84.60716327509965)}",Time,10,1413_rsi_enabled=False_rsi_buy_below=40_rsi_sell_above=70_macd_enabled=True_macd_fast=12_macd_slow=26_macd_signal=9_adx_enabled=False_adx_length=14_adx_min_adx=20_sma_enabled=False_sma_length=50_bb_enabled=False_bb_length=20_bb_stddev=2.0_combination_mode=all
PERSISTENT.NS,2015-08-05,2015-08-19,165,302.7781066894531,336.00592041015625,302.9294957427978,335.8379174499512,49983.36679756164,55413.256379241946,5429.889581680305,5343.924300495017,10.863393023667212,10.69140524714656,10.687848600990034,85.96528118528884,"{'brokerage_entry': 20.0, 'brokerage_exit': 20.0, 'exchange_entry': np.float64(1.4845059938875806), 'exchange_exit': np.float64(1.6457737144634859), 'sebi_entry': np.float64(0.049983366797561636), 'sebi_exit': np.float64(0.055413256379241944), 'ipft_entry': np.float64(0.049983366797561636), 'ipft_exit': np.float64(0.055413256379241944), 'stamp_buy': np.float64(1.4995010039268493), 'stt_sell': np.float64(13.853314094810488), 'dp_sell': 16.5, 'gst': np.float64(10.77139313184684), 'fees_total': np.float64(85.96528118528884)}",Time,10,1413_rsi_enabled=False_rsi_buy_below=40_rsi_sell_above=70_macd_enabled=True_macd_fast=12_macd_slow=26_macd_signal=9_adx_enabled=False_adx_length=14_adx_min_adx=20_sma_enabled=False_sma_length=50_bb_enabled=False_bb_length=20_bb_stddev=2.0_combination_mode=all
PERSISTENT.NS,2016-01-29,2016-02-09,168,295.86016845703125,281.06716003417966,296.00809854125976,280.9266264541626,49729.36055493164,47195.673244299316,-2533.6873106323255,-2617.273687574342,-5.094952523738133,-5.263035072979212,-5.234547375148684,83.58637694201681,"{'brokerage_entry': 20.0, 'brokerage_exit': 20.0, 'exchange_entry': np.float64(1.4769620084814699), 'exchange_exit': np.float64(1.4017114953556897), 'sebi_entry': np.float64(0.04972936055493164), 'sebi_exit': np.float64(0.04719567324429932), 'ipft_entry': np.float64(0.04972936055493164), 'ipft_exit': np.float64(0.04719567324429932), 'stamp_buy': np.float64(1.4918808166479494), 'stt_sell': np.float64(11.798918311074829), 'dp_sell': 16.5, 'gst': np.float64(10.723054242858412), 'fees_total': np.float64(83.58637694201681)}",HSL,7,1413_rsi_enabled=False_rsi_buy_below=40_rsi_sell_above=70_macd_enabled=True_macd_fast=12_macd_slow=26_macd_signal=9_adx_enabled=False_adx_length=14_adx_min_adx=20_sma_enabled=False_sma_length=50_bb_enabled=False_bb_length=20_bb_stddev=2.0_combination_mode=all
PERSISTENT.NS,2016-03-18,2016-03-21,164,303.6437072753906,324.44673265760065,303.7955291290283,324.2845092912719,49822.46677716064,53182.65952376859,3360.1927466079505,3274.879397969281,6.744332354391398,6.573097660171524,6.549758795938562,85.31334863866954,"{'brokerage_entry': 20.0, 'brokerage_exit': 20.0, 'exchange_entry': np.float64(1.479727263281671), 'exchange_exit': np.float64(1.5795249878559272), 'sebi_entry': np.float64(0.04982246677716064), 'sebi_exit': np.float64(0.05318265952376859), 'ipft_entry': np.float64(0.04982246677716064), 'ipft_exit': np.float64(0.05318265952376859), 'stamp_buy': np.float64(1.4946740033148191), 'stt_sell': np.float64(13.295664880942148), 'dp_sell': 16.5, 'gst': np.float64(10.757747250673102), 'fees_total': np.float64(85.31334863866954)}",TSL,1,1413_rsi_enabled=False_rsi_buy_below=40_rsi_sell_above=70_macd_enabled=True_macd_fast=12_macd_slow=26_macd_signal=9_adx_enabled=False_adx_length=14_adx_min_adx=20_sma_enabled=False_sma_length=50_bb_enabled=False_bb_length=20_bb_stddev=2.0_combination_mode=all
PERSISTENT.NS,2016-07-28,2016-08-11,159,314.0339050292969,304.8182067871094,314.1909219818115,304.6657976837158,49956.35659510803,48441.86183171082,-1514.4947633972115,-1598.4546033114661,-3.0316357449204334,-3.199702124530023,-3.1969092066229323,83.95983991425454,"{'brokerage_entry': 20.0, 'brokerage_exit': 20.0, 'exchange_entry': np.float64(1.4837037908747086), 'exchange_exit': np.float64(1.4387232964018113), 'sebi_entry': np.float64(0.049956356595108026), 'sebi_exit': np.float64(0.048441861831710814), 'ipft_entry': np.float64(0.049956356595108026), 'ipft_exit': np.float64(0.048441861831710814), 'stamp_buy': np.float64(1.498690697853241), 'stt_sell': np.float64(12.110465457927704), 'dp_sell': 16.5, 'gst': np.float64(10.731460234343428), 'fees_total': np.float64(83.95983991425454)}",Time,10,1413_rsi_enabled=False_rsi_buy_below=40_rsi_sell_above=70_macd_enabled=True_macd_fast=12_macd_slow=26_macd_signal=9_adx_enabled=False_adx_length=14_adx_min_adx=20_sma_enabled=False_sma_length=50_bb_enabled=False_bb_length=20_bb_stddev=2.0_combination_mode=all
PERSISTENT.NS,2016-08-12,2016-08-19,162,307.82232666015625,292.43121032714845,307.9762378234863,292.2849947219849,49892.15052740478,47350.169144961554,-2541.9813824432276,-2625.6231354549545,-5.094952523738112,-5.262597638505783,-5.251246270909909,83.64175301172708,"{'brokerage_entry': 20.0, 'brokerage_exit': 20.0, 'exchange_entry': np.float64(1.481796870663922), 'exchange_exit': np.float64(1.4063000236053582), 'sebi_entry': np.float64(0.049892150527404776), 'sebi_exit': np.float64(0.047350169144961554), 'ipft_entry': np.float64(0.049892150527404776), 'ipft_exit': np.float64(0.047350169144961554), 'stamp_buy': np.float64(1.4967645158221434), 'stt_sell': np.float64(11.837542286240389), 'dp_sell': 16.5, 'gst': np.float64(10.724864676050522), 'fees_total': np.float64(83.64175301172708)}",HSL,4,1413_rsi_enabled=False_rsi_buy_below=40_rsi_sell_above=70_macd_enabled=True_macd_fast=12_macd_slow=26_macd_signal=9_adx_enabled=False_adx_length=14_adx_min_adx=20_sma_enabled=False_sma_length=50_bb_enabled=False_bb_length=20_bb_stddev=2.0_combination_mode=all
PERSISTENT.NS,2016-10-04,2016-10-20,167,298.787353515625,309.3357238769531,298.93674719238277,309.1810560150147,49922.43678112792,51633.236354507455,1710.7995733795324,1625.92479967816,3.426915198230593,3.2569019152783123,3.2518495993563197,84.87477370137229,"{'brokerage_entry': 20.0, 'brokerage_exit': 20.0, 'exchange_entry': np.float64(1.4826963723994993), 'exchange_exit': np.float64(1.5335071197288714), 'sebi_entry': np.float64(0.04992243678112792), 'sebi_exit': np.float64(0.05163323635450745), 'ipft_entry': np.float64(0.04992243678112792), 'ipft_exit': np.float64(0.05163323635450745), 'stamp_buy': np.float64(1.4976731034338377), 'stt_sell': np.float64(12.908309088626863), 'dp_sell': 16.5, 'gst': np.float64(10.749476670911935), 'fees_total': np.float64(84.87477370137229)}",Time,10,1413_rsi_enabled=False_rsi_buy_below=40_rsi_sell_above=70_macd_enabled=True_macd_fast=12_macd_slow=26_macd_signal=9_adx_enabled=False_adx_length=14_adx_min_adx=20_sma_enabled=False_sma_length=50_bb_enabled=False_bb_length=20_bb_stddev=2.0_combination_mode=all
PERSISTENT.NS,2017-01-04,2017-01-17,171,292.21435546875,283.7666931152344,292.36046264648434,283.62480976867676,49993.63911254882,48499.84247044373,-1493.796642105095,-1577.7756590681759,-2.98797340746123,-3.155952811349036,-3.1555513181363515,83.97901696308081,"{'brokerage_entry': 20.0, 'brokerage_exit': 20.0, 'exchange_entry': np.float64(1.4848110816427), 'exchange_exit': np.float64(1.4404453213721786), 'sebi_entry': np.float64(0.04999363911254882), 'sebi_exit': np.float64(0.04849984247044373), 'ipft_entry': np.float64(0.04999363911254882), 'ipft_exit': np.float64(0.04849984247044373), 'stamp_buy': np.float64(1.4998091733764647), 'stt_sell': np.float64(12.124960617610933), 'dp_sell': 16.5, 'gst': np.float64(10.732003805912555), 'fees_total': np.float64(83.97901696308081)}",MACD_cross_down,9,1413_rsi_enabled=False_rsi_buy_below=40_rsi_sell_above=70_macd_enabled=True_macd_fast=12_macd_slow=26_macd_signal=9_adx_enabled=False_adx_length=14_adx_min_adx=20_sma_enabled=False_sma_length=50_bb_enabled=False_bb_length=20_bb_stddev=2.0_combination_mode=all
PERSISTENT.NS,2017-03-01,2017-03-07,171,292.2184143066406,284.0049133300781,292.3645235137939,283.8629108734131,49994.33352085876,48540.55775935364,-1453.775761505116,-1537.7665270938078,-2.907881071959021,-3.0758816425709865,-3.075533054187616,83.99076558869179,"{'brokerage_entry': 20.0, 'brokerage_exit': 20.0, 'exchange_entry': np.float64(1.4848317055695053), 'exchange_exit': np.float64(1.4416545654528032), 'sebi_entry': np.float64(0.049994333520858754), 'sebi_exit': np.float64(0.04854055775935364), 'ipft_entry': np.float64(0.049994333520858754), 'ipft_exit': np.float64(0.04854055775935364), 'stamp_buy': np.float64(1.4998300056257627), 'stt_sell': np.float64(12.135139439838412), 'dp_sell': 16.5, 'gst': np.float64(10.73224008964489), 'fees_total': np.float64(83.99076558869179)}",MACD_cross_down,4,1413_rsi_enabled=False_rsi_buy_below=40_rsi_sell_above=70_macd_enabled=True_macd_fast=12_macd_slow=26_macd_signal=9_adx_enabled=False_adx_length=14_adx_min_adx=20_sma_enabled=False_sma_length=50_bb_enabled=False_bb_length=20_bb_stddev=2.0_combination_mode=all
PERSISTENT.NS,2017-05-30,2017-06-13,182,274.05743408203125,301.8464050292969,274.19446279907226,301.69548182678227,49903.39222943115,54908.57769247437,5005.185463043221,4919.37062030632,10.029749961749795,9.85778801907791,9.83874124061264,85.81484273690032,"{'brokerage_entry': 20.0, 'brokerage_exit': 20.0, 'exchange_entry': np.float64(1.4821307492141051), 'exchange_exit': np.float64(1.6307847574664889), 'sebi_entry': np.float64(0.049903392229431145), 'sebi_exit': np.float64(0.05490857769247437), 'ipft_entry': np.float64(0.049903392229431145), 'ipft_exit': np.float64(0.05490857769247437), 'stamp_buy': np.float64(1.4971017668829345), 'stt_sell': np.float64(13.727144423118594), 'dp_sell': 16.5, 'gst': np.float64(10.768057100374392), 'fees_total': np.float64(85.81484273690032)}",Time,10,1413_rsi_enabled=False_rsi_buy_below=40_rsi_sell_above=70_macd_enabled=True_macd_fast=12_macd_slow=26_macd_signal=9_adx_enabled=False_adx_length=14_adx_min_adx=20_sma_enabled=False_sma_length=50_bb_enabled=False_bb_length=20_bb_stddev=2.0_combination_mode=all
PERSISTENT.NS,2017-09-26,2017-10-11,167,298.5426940917969,301.6826171875,298.6919654388428,301.5317758789063,49881.55822828674,50355.80657177735,474.24834349060984,389.74346623310566,0.9507488545569813,0.7813377931166767,0.7794869324662114,84.50487725750415,"{'brokerage_entry': 20.0, 'brokerage_exit': 20.0, 'exchange_entry': np.float64(1.4814822793801161), 'exchange_exit': np.float64(1.4955674551817872), 'sebi_entry': np.float64(0.049881558228286736), 'sebi_exit': np.float64(0.05035580657177735), 'ipft_entry': np.float64(0.049881558228286736), 'ipft_exit': np.float64(0.05035580657177735), 'stamp_buy': np.float64(1.4964467468486022), 'stt_sell': np.float64(12.588951642944338), 'dp_sell': 16.5, 'gst': np.float64(10.741954403549165), 'fees_total': np.float64(84.50487725750415)}",Time,10,1413_rsi_enabled=False_rsi_buy_below=40_rsi_sell_above=70_macd_enabled=True_macd_fast=12_macd_slow=26_macd_signal=9_adx_enabled=False_adx_length=14_adx_min_adx=20_sma_enabled=False_sma_length=50_bb_enabled=False_bb_length=20_bb_stddev=2.0_combination_mode=all
PERSISTENT.NS,2017-11-23,2017-11-28,166,300.0783386230469,296.1133117675781,300.2283777923584,295.9652551116944,49837.91071353149,49130.23234854126,-707.6783649902281,-791.8280627581493,-1.4199599358367292,-1.5888066963913878,-1.5836561255162984,84.14969776792115,"{'brokerage_entry': 20.0, 'brokerage_exit': 20.0, 'exchange_entry': np.float64(1.4801859481918853), 'exchange_exit': np.float64(1.4591679007516756), 'sebi_entry': np.float64(0.04983791071353149), 'sebi_exit': np.float64(0.04913023234854126), 'ipft_entry': np.float64(0.04983791071353149), 'ipft_exit': np.float64(0.04913023234854126), 'stamp_buy': np.float64(1.4951373214059447), 'stt_sell': np.float64(12.282558087135316), 'dp_sell': 16.5, 'gst': np.float64(10.734712224312187), 'fees_total': np.float64(84.14969776792115)}",MACD_cross_down,3,1413_rsi_enabled=False_rsi_buy_below=40_rsi_sell_above=70_macd_enabled=True_macd_fast=12_macd_slow=26_macd_signal=9_adx_enabled=False_adx_length=14_adx_min_adx=20_sma_enabled=False_sma_length=50_bb_enabled=False_bb_length=20_bb_stddev=2.0_combination_mode=all
PERSISTENT.NS,2017-11-30,2017-12-05,166,299.8948669433594,297.1217346191406,300.044814376831,296.9731737518311,49807.43918655395,49297.54684280396,-509.8923437499907,-594.0880747437025,-1.0237272826659225,-1.1927697638068548,-1.188176149487405,84.19573099371175,"{'brokerage_entry': 20.0, 'brokerage_exit': 20.0, 'exchange_entry': np.float64(1.4792809438406525), 'exchange_exit': np.float64(1.4641371412312776), 'sebi_entry': np.float64(0.04980743918655395), 'sebi_exit': np.float64(0.049297546842803956), 'ipft_entry': np.float64(0.04980743918655395), 'ipft_exit': np.float64(0.049297546842803956), 'stamp_buy': np.float64(1.4942231755966187), 'stt_sell': np.float64(12.32438671070099), 'dp_sell': 16.5, 'gst': np.float64(10.735493050283512), 'fees_total': np.float64(84.19573099371175)}",MACD_cross_down,3,1413_rsi_enabled=False_rsi_buy_below=40_rsi_sell_above=70_macd_enabled=True_macd_fast=12_macd_slow=26_macd_signal=9_adx_enabled=False_adx_length=14_adx_min_adx=20_sma_enabled=False_sma_length=50_bb_enabled=False_bb_length=20_bb_stddev=2.0_combination_mode=all
PERSISTENT.NS,2017-12-19,2018-01-03,166,299.96368408203125,319.03228759765625,300.1136659240722,318.87277145385747,49818.86854339599,52932.88006134034,3114.0115179443455,3028.7701999643996,6.250666883837008,6.079564407060173,6.057540399928799,85.24131797994575,"{'brokerage_entry': 20.0, 'brokerage_exit': 20.0, 'exchange_entry': np.float64(1.479620395738861), 'exchange_exit': np.float64(1.572106537821808), 'sebi_entry': np.float64(0.04981886854339599), 'sebi_exit': np.float64(0.05293288006134034), 'ipft_entry': np.float64(0.04981886854339599), 'ipft_exit': np.float64(0.05293288006134034), 'stamp_buy': np.float64(1.4945660563018797), 'stt_sell': np.float64(13.233220015335084), 'dp_sell': 16.5, 'gst': np.float64(10.756301477538626), 'fees_total': np.float64(85.24131797994575)}",Time,10,1413_rsi_enabled=False_rsi_buy_below=40_rsi_sell_above=70_macd_enabled=True_macd_fast=12_macd_slow=26_macd_signal=9_adx_enabled=False_adx_length=14_adx_min_adx=20_sma_enabled=False_sma_length=50_bb_enabled=False_bb_length=20_bb_stddev=2.0_combination_mode=all
PERSISTENT.NS,2018-04-25,2018-05-10,140,355.41461181640625,358.9066162109375,355.59231912231445,358.72716290283205,49782.92467712402,50221.80280639649,438.87812927246705,354.41841399430564,0.8815836596963494,0.7119276665502259,0.7088368279886113,84.45971527816141,"{'brokerage_entry': 20.0, 'brokerage_exit': 20.0, 'exchange_entry': np.float64(1.4785528629105835), 'exchange_exit': np.float64(1.4915875433499757), 'sebi_entry': np.float64(0.049782924677124016), 'sebi_exit': np.float64(0.05022180280639649), 'ipft_entry': np.float64(0.049782924677124016), 'ipft_exit': np.float64(0.05022180280639649), 'stamp_buy': np.float64(1.4934877403137208), 'stt_sell': np.float64(12.555450701599122), 'dp_sell': 16.5, 'gst': np.float64(10.740626975020968), 'fees_total': np.float64(84.45971527816141)}",Time,10,1413_rsi_enabled=False_rsi_buy_below=40_rsi_sell_above=70_macd_enabled=True_macd_fast=12_macd_slow=26_macd_signal=9_adx_enabled=False_adx_length=14_adx_min_adx=20_sma_enabled=False_sma_length=50_bb_enabled=False_bb_length=20_bb_stddev=2.0_combination_mode=all
PERSISTENT.NS,2018-09-10,2018-09-12,121,410.79718017578125,390.25732116699214,411.00257876586915,390.0621925064087,49731.31203067017,47197.52529327545,-2533.7867373947156,-2617.373778167894,-5.094952523738133,-5.263029812190988,-5.234747556335789,83.58704077317849,"{'brokerage_entry': 20.0, 'brokerage_exit': 20.0, 'exchange_entry': np.float64(1.477019967310904), 'exchange_exit': np.float64(1.401766501210281), 'sebi_entry': np.float64(0.04973131203067017), 'sebi_exit': np.float64(0.04719752529327545), 'ipft_entry': np.float64(0.04973131203067017), 'ipft_exit': np.float64(0.04719752529327545), 'stamp_buy': np.float64(1.491939360920105), 'stt_sell': np.float64(11.799381323318864), 'dp_sell': 16.5, 'gst': np.float64(10.723075945770436), 'fees_total': np.float64(83.58704077317849)}",HSL,2,1413_rsi_enabled=False_rsi_buy_below=40_rsi_sell_above=70_macd_enabled=True_macd_fast=12_macd_slow=26_macd_signal=9_adx_enabled=False_adx_length=14_adx_min_adx=20_sma_enabled=False_sma_length=50_bb_enabled=False_bb_length=20_bb_stddev=2.0_combination_mode=all
PERSISTENT.NS,2018-11-29,2018-12-13,180,276.8355712890625,286.4207763671875,276.973989074707,286.2775659790039,49855.318033447256,51529.9618762207,1674.6438427734465,1589.8032749830868,3.359007441593193,3.1888338851163467,3.179606549966173,84.84056779035963,"{'brokerage_entry': 20.0, 'brokerage_exit': 20.0, 'exchange_entry': np.float64(1.4807029455933836), 'exchange_exit': np.float64(1.530439867723755), 'sebi_entry': np.float64(0.049855318033447255), 'sebi_exit': np.float64(0.0515299618762207), 'ipft_entry': np.float64(0.049855318033447255), 'ipft_exit': np.float64(0.0515299618762207), 'stamp_buy': np.float64(1.4956595410034177), 'stt_sell': np.float64(12.882490469055176), 'dp_sell': 16.5, 'gst': np.float64(10.748504407164564), 'fees_total': np.float64(84.84056779035963)}",Time,10,1413_rsi_enabled=False_rsi_buy_below=40_rsi_sell_above=70_macd_enabled=True_macd_fast=12_macd_slow=26_macd_signal=9_adx_enabled=False_adx_length=14_adx_min_adx=20_sma_enabled=False_sma_length=50_bb_enabled=False_bb_length=20_bb_stddev=2.0_combination_mode=all
PERSISTENT.NS,2019-01-30,2019-02-14,178,279.36529541015625,307.9714660644531,279.5049780578613,307.81748033142094,49751.88609429931,54791.51149899293,5039.625404693616,4953.854419905663,10.129516286360584,9.957118832673336,9.907708839811326,85.77098478795189,"{'brokerage_entry': 20.0, 'brokerage_exit': 20.0, 'exchange_entry': np.float64(1.4776310170006897), 'exchange_exit': np.float64(1.62730789152009), 'sebi_entry': np.float64(0.049751886094299314), 'sebi_exit': np.float64(0.054791511498992924), 'ipft_entry': np.float64(0.049751886094299314), 'ipft_exit': np.float64(0.054791511498992924), 'stamp_buy': np.float64(1.4925565828289795), 'stt_sell': np.float64(13.697877874748233), 'dp_sell': 16.5, 'gst': np.float64(10.766524626667325), 'fees_total': np.float64(85.77098478795189)}",Time,10,1413_rsi_enabled=False_rsi_buy_below=40_rsi_sell_above=70_macd_enabled=True_macd_fast=12_macd_slow=26_macd_signal=9_adx_enabled=False_adx_length=14_adx_min_adx=20_sma_enabled=False_sma_length=50_bb_enabled=False_bb_length=20_bb_stddev=2.0_combination_mode=all
PERSISTENT.NS,2019-06-11,2019-06-25,167,297.907958984375,288.926025390625,298.05691296386715,288.78156237792973,49775.504464965816,48226.52091711426,-1548.9835478515524,-1632.869306976222,-3.111939425831023,-3.280467620625537,-3.2657386139524442,83.88575912466963,"{'brokerage_entry': 20.0, 'brokerage_exit': 20.0, 'exchange_entry': np.float64(1.4783324826094848), 'exchange_exit': np.float64(1.4323276712382935), 'sebi_entry': np.float64(0.049775504464965814), 'sebi_exit': np.float64(0.04822652091711426), 'ipft_entry': np.float64(0.049775504464965814), 'ipft_exit': np.float64(0.04822652091711426), 'stamp_buy': np.float64(1.4932651339489744), 'stt_sell': np.float64(12.056630229278566), 'dp_sell': 16.5, 'gst': np.float64(10.729199556830148), 'fees_total': np.float64(83.88575912466963)}",Time,10,1413_rsi_enabled=False_rsi_buy_below=40_rsi_sell_above=70_macd_enabled=True_macd_fast=12_macd_slow=26_macd_signal=9_adx_enabled=False_adx_length=14_adx_min_adx=20_sma_enabled=False_sma_length=50_bb_enabled=False_bb_length=20_bb_stddev=2.0_combination_mode=all
PERSISTENT.NS,2019-09-16,2019-09-27,181,275.0522766113281,270.63385009765625,275.18980274963377,270.49853317260744,49809.35429768371,48960.23450424195,-849.1197934417651,-933.2187079354809,-1.7047396124973493,-1.8735812200217146,-1.866437415870962,84.09891449371582,"{'brokerage_entry': 20.0, 'brokerage_exit': 20.0, 'exchange_entry': np.float64(1.4793378226412062), 'exchange_exit': np.float64(1.4541189647759858), 'sebi_entry': np.float64(0.04980935429768371), 'sebi_exit': np.float64(0.048960234504241945), 'ipft_entry': np.float64(0.04980935429768371), 'ipft_exit': np.float64(0.048960234504241945), 'stamp_buy': np.float64(1.4942806289305115), 'stt_sell': np.float64(12.240058626060486), 'dp_sell': 16.5, 'gst': np.float64(10.73357927370379), 'fees_total': np.float64(84.09891449371582)}",MACD_cross_down,9,1413_rsi_enabled=False_rsi_buy_below=40_rsi_sell_above=70_macd_enabled=True_macd_fast=12_macd_slow=26_macd_signal=9_adx_enabled=False_adx_length=14_adx_min_adx=20_sma_enabled=False_sma_length=50_bb_enabled=False_bb_length=20_bb_stddev=2.0_combination_mode=all
PERSISTENT.NS,2020-05-13,2020-05-15,193,258.71337890625,245.7777099609375,258.8427355957031,245.65482110595704,49956.647969970705,47411.38047344971,-2545.2674965209953,-2628.9311895504115,-5.0949525237381295,-5.26242511533336,-5.257862379100823,83.66369302941612,"{'brokerage_entry': 20.0, 'brokerage_exit': 20.0, 'exchange_entry': np.float64(1.48371244470813), 'exchange_exit': np.float64(1.4081180000614564), 'sebi_entry': np.float64(0.0499566479699707), 'sebi_exit': np.float64(0.047411380473449706), 'ipft_entry': np.float64(0.0499566479699707), 'ipft_exit': np.float64(0.047411380473449706), 'stamp_buy': np.float64(1.4986994390991213), 'stt_sell': np.float64(11.852845118362428), 'dp_sell': 16.5, 'gst': np.float64(10.725581970298157), 'fees_total': np.float64(83.66369302941612)}",HSL,2,1413_rsi_enabled=False_rsi_buy_below=40_rsi_sell_above=70_macd_enabled=True_macd_fast=12_macd_slow=26_macd_signal=9_adx_enabled=False_adx_length=14_adx_min_adx=20_sma_enabled=False_sma_length=50_bb_enabled=False_bb_length=20_bb_stddev=2.0_combination_mode=all
PERSISTENT.NS,2020-09-14,2020-09-22,90,555.1383666992188,527.3814483642578,555.4159358825683,527.1177576400758,49987.43422943115,47440.59818760682,-2546.836041824332,-2630.5102073787084,-5.0949525237381135,-5.262342922633826,-5.261020414757417,83.67416555437636,"{'brokerage_entry': 20.0, 'brokerage_exit': 20.0, 'exchange_entry': np.float64(1.4846267966141051), 'exchange_exit': np.float64(1.4089857661719225), 'sebi_entry': np.float64(0.049987434229431145), 'sebi_exit': np.float64(0.04744059818760681), 'ipft_entry': np.float64(0.049987434229431145), 'ipft_exit': np.float64(0.04744059818760681), 'stamp_buy': np.float64(1.4996230268829345), 'stt_sell': np.float64(11.860149546901704), 'dp_sell': 16.5, 'gst': np.float64(10.725924352971617), 'fees_total': np.float64(83.67416555437636)}",HSL,6,1413_rsi_enabled=False_rsi_buy_below=40_rsi_sell_above=70_macd_enabled=True_macd_fast=12_macd_slow=26_macd_signal=9_adx_enabled=False_adx_length=14_adx_min_adx=20_sma_enabled=False_sma_length=50_bb_enabled=False_bb_length=20_bb_stddev=2.0_combination_mode=all
PERSISTENT.NS,2020-12-11,2020-12-22,79,632.1006469726562,605.6448859044554,632.4166972961425,605.3420634615031,49960.91908639526,47822.02301345875,-2138.8960729365135,-2222.6780749946574,-4.281138361842009,-4.4488334394951305,-4.445356149989315,83.78200205814369,"{'brokerage_entry': 20.0, 'brokerage_exit': 20.0, 'exchange_entry': np.float64(1.4838392968659393), 'exchange_exit': np.float64(1.4203140834997248), 'sebi_entry': np.float64(0.04996091908639526), 'sebi_exit': np.float64(0.047822023013458746), 'ipft_entry': np.float64(0.04996091908639526), 'ipft_exit': np.float64(0.047822023013458746), 'stamp_buy': np.float64(1.4988275725918578), 'stt_sell': np.float64(11.955505753364687), 'dp_sell': 16.5, 'gst': np.float64(10.727949467621766), 'fees_total': np.float64(83.78200205814369)}",TSL,7,1413_rsi_enabled=False_rsi_buy_below=40_rsi_sell_above=70_macd_enabled=True_macd_fast=12_macd_slow=26_macd_signal=9_adx_enabled=False_adx_length=14_adx_min_adx=20_sma_enabled=False_sma_length=50_bb_enabled=False_bb_length=20_bb_stddev=2.0_combination_mode=all
PERSISTENT.NS,2021-12-13,2021-12-27,23,2144.230712890625,2246.048828125,2145.30282824707,2244.9258037109375,49341.96504968261,51633.29348535156,2291.3284356689546,2206.4927728253647,4.643772158976254,4.471838060368368,4.412985545650729,84.83566284358986,"{'brokerage_entry': 20.0, 'brokerage_exit': 20.0, 'exchange_entry': np.float64(1.4654563619755734), 'exchange_exit': np.float64(1.5335088165149413), 'sebi_entry': np.float64(0.04934196504968261), 'sebi_exit': np.float64(0.05163329348535156), 'ipft_entry': np.float64(0.04934196504968261), 'ipft_exit': np.float64(0.05163329348535156), 'stamp_buy': np.float64(1.4802589514904783), 'stt_sell': np.float64(12.908323371337891), 'dp_sell': 16.5, 'gst': np.float64(10.746164825200905), 'fees_total': np.float64(84.83566284358986)}",Time,10,1413_rsi_enabled=False_rsi_buy_below=40_rsi_sell_above=70_macd_enabled=True_macd_fast=12_macd_slow=26_macd_signal=9_adx_enabled=False_adx_length=14_adx_min_adx=20_sma_enabled=False_sma_length=50_bb_enabled=False_bb_length=20_bb_stddev=2.0_combination_mode=all
PERSISTENT.NS,2022-03-14,2022-03-29,22,2184.949462890625,2323.07421875,2186.0419376220702,2321.912681640625,48092.92262768555,51082.078996093755,2989.1563684082066,2904.5633208696136,6.215376826958413,6.039481824291439,5.809126641739227,84.5930475385931,"{'brokerage_entry': 20.0, 'brokerage_exit': 20.0, 'exchange_entry': np.float64(1.4283598020422608), 'exchange_exit': np.float64(1.5171377461839846), 'sebi_entry': np.float64(0.048092922627685546), 'sebi_exit': np.float64(0.05108207899609375), 'ipft_entry': np.float64(0.048092922627685546), 'ipft_exit': np.float64(0.05108207899609375), 'stamp_buy': np.float64(1.4427876788305665), 'stt_sell': np.float64(12.770519749023439), 'dp_sell': 16.5, 'gst': np.float64(10.735892559265286), 'fees_total': np.float64(84.5930475385931)}",Time,10,1413_rsi_enabled=False_rsi_buy_below=40_rsi_sell_above=70_macd_enabled=True_macd_fast=12_macd_slow=26_macd_signal=9_adx_enabled=False_adx_length=14_adx_min_adx=20_sma_enabled=False_sma_length=50_bb_enabled=False_bb_length=20_bb_stddev=2.0_combination_mode=all
PERSISTENT.NS,2022-07-22,2022-07-26,28,1779.43603515625,1690.4642333984375,1780.325753173828,1689.6190012817383,49849.121088867185,47309.33203588867,-2539.7890529785145,-2623.4161687177375,-5.0949525237381295,-5.262712985532709,-5.2468323374354755,83.6271157392228,"{'brokerage_entry': 20.0, 'brokerage_exit': 20.0, 'exchange_entry': np.float64(1.4805188963393554), 'exchange_exit': np.float64(1.4050871614658935), 'sebi_entry': np.float64(0.04984912108886718), 'sebi_exit': np.float64(0.04730933203588867), 'ipft_entry': np.float64(0.04984912108886718), 'ipft_exit': np.float64(0.04730933203588867), 'stamp_buy': np.float64(1.4954736326660156), 'stt_sell': np.float64(11.827333008972168), 'dp_sell': 16.5, 'gst': np.float64(10.724386133529856), 'fees_total': np.float64(83.6271157392228)}",HSL,2,1413_rsi_enabled=False_rsi_buy_below=40_rsi_sell_above=70_macd_enabled=True_macd_fast=12_macd_slow=26_macd_signal=9_adx_enabled=False_adx_length=14_adx_min_adx=20_sma_enabled=False_sma_length=50_bb_enabled=False_bb_length=20_bb_stddev=2.0_combination_mode=all
PERSISTENT.NS,2022-10-06,2022-10-20,28,1740.2496337890625,1815.6103515625,1741.119758605957,1814.702546386719,48751.3532409668,50811.67129882813,2060.318057861332,1975.7583449434603,4.226176138491276,4.0527251319111866,3.9515166898869207,84.5597129178716,"{'brokerage_entry': 20.0, 'brokerage_exit': 20.0, 'exchange_entry': np.float64(1.4479151912567139), 'exchange_exit': np.float64(1.5091066375751954), 'sebi_entry': np.float64(0.04875135324096679), 'sebi_exit': np.float64(0.050811671298828125), 'ipft_entry': np.float64(0.04875135324096679), 'ipft_exit': np.float64(0.050811671298828125), 'stamp_buy': np.float64(1.462540597229004), 'stt_sell': np.float64(12.702917824707033), 'dp_sell': 16.5, 'gst': np.float64(10.73810661802407), 'fees_total': np.float64(84.5597129178716)}",Time,10,1413_rsi_enabled=False_rsi_buy_below=40_rsi_sell_above=70_macd_enabled=True_macd_fast=12_macd_slow=26_macd_signal=9_adx_enabled=False_adx_length=14_adx_min_adx=20_sma_enabled=False_sma_length=50_bb_enabled=False_bb_length=20_bb_stddev=2.0_combination_mode=all
PERSISTENT.NS,2023-01-19,2023-02-03,23,2085.77685546875,2390.76318359375,2086.8197438964844,2389.567802001953,47996.85410961914,54960.05944604492,6963.205336425781,6877.504209632518,14.507628605247008,14.329072888662894,13.755008419265035,85.70112679326299,"{'brokerage_entry': 20.0, 'brokerage_exit': 20.0, 'exchange_entry': np.float64(1.4255065670556886), 'exchange_exit': np.float64(1.6323137655475342), 'sebi_entry': np.float64(0.04799685410961914), 'sebi_exit': np.float64(0.05496005944604492), 'ipft_entry': np.float64(0.04799685410961914), 'ipft_exit': np.float64(0.05496005944604492), 'stamp_buy': np.float64(1.4399056232885743), 'stt_sell': np.float64(13.74001486151123), 'dp_sell': 16.5, 'gst': np.float64(10.75747214874862), 'fees_total': np.float64(85.70112679326299)}",Time,10,1413_rsi_enabled=False_rsi_buy_below=40_rsi_sell_above=70_macd_enabled=True_macd_fast=12_macd_slow=26_macd_signal=9_adx_enabled=False_adx_length=14_adx_min_adx=20_sma_enabled=False_sma_length=50_bb_enabled=False_bb_length=20_bb_stddev=2.0_combination_mode=all
PERSISTENT.NS,2023-04-28,2023-05-15,21,2334.70263671875,2312.081787109375,2335.869988037109,2310.9257462158203,49053.26974877929,48529.440670532225,-523.8290782470649,-607.7532153731061,-1.0678780047279124,-1.2389657580129614,-1.2155064307462122,83.92413712604122,"{'brokerage_entry': 20.0, 'brokerage_exit': 20.0, 'exchange_entry': np.float64(1.456882111538745), 'exchange_exit': np.float64(1.4413243879148072), 'sebi_entry': np.float64(0.049053269748779285), 'sebi_exit': np.float64(0.04852944067053222), 'ipft_entry': np.float64(0.049053269748779285), 'ipft_exit': np.float64(0.04852944067053222), 'stamp_buy': np.float64(1.4715980924633787), 'stt_sell': np.float64(12.132360167633056), 'dp_sell': 16.5, 'gst': np.float64(10.726806945652593), 'fees_total': np.float64(83.92413712604122)}",Time,10,1413_rsi_enabled=False_rsi_buy_below=40_rsi_sell_above=70_macd_enabled=True_macd_fast=12_macd_slow=26_macd_signal=9_adx_enabled=False_adx_length=14_adx_min_adx=20_sma_enabled=False_sma_length=50_bb_enabled=False_bb_length=20_bb_stddev=2.0_combination_mode=all
PERSISTENT.NS,2023-07-19,2023-07-21,19,2538.9697265625,2412.021240234375,2540.239211425781,2410.815229614258,48264.54501708984,45805.4893626709,-2459.0556544189385,-2542.1437468161284,-5.094952523738117,-5.2671039288073445,-5.0842874936322575,83.08809239718975,"{'brokerage_entry': 20.0, 'brokerage_exit': 20.0, 'exchange_entry': np.float64(1.4334569870075682), 'exchange_exit': np.float64(1.3604230340713257), 'sebi_entry': np.float64(0.048264545017089835), 'sebi_exit': np.float64(0.0458054893626709), 'ipft_entry': np.float64(0.048264545017089835), 'ipft_exit': np.float64(0.0458054893626709), 'stamp_buy': np.float64(1.4479363505126952), 'stt_sell': np.float64(11.451372340667726), 'dp_sell': 16.5, 'gst': np.float64(10.706763616170914), 'fees_total': np.float64(83.08809239718975)}",HSL,2,1413_rsi_enabled=False_rsi_buy_below=40_rsi_sell_above=70_macd_enabled=True_macd_fast=12_macd_slow=26_macd_signal=9_adx_enabled=False_adx_length=14_adx_min_adx=20_sma_enabled=False_sma_length=50_bb_enabled=False_bb_length=20_bb_stddev=2.0_combination_mode=all
PERSISTENT.NS,2023-08-24,2023-09-07,19,2529.705810546875,2934.783447265625,2530.970663452148,2933.3160555419922,48088.44260559081,55733.00505529785,7644.5624497070385,7558.633000093843,15.896880904224323,15.718190464365483,15.117266000187687,85.92944961319537,"{'brokerage_entry': 20.0, 'brokerage_exit': 20.0, 'exchange_entry': np.float64(1.428226745386047), 'exchange_exit': np.float64(1.6552702501423462), 'sebi_entry': np.float64(0.04808844260559081), 'sebi_exit': np.float64(0.055733005055297845), 'ipft_entry': np.float64(0.04808844260559081), 'ipft_exit': np.float64(0.055733005055297845), 'stamp_buy': np.float64(1.4426532781677244), 'stt_sell': np.float64(13.933251263824463), 'dp_sell': 16.5, 'gst': np.float64(10.762405180353028), 'fees_total': np.float64(85.92944961319537)}",Time,10,1413_rsi_enabled=False_rsi_buy_below=40_rsi_sell_above=70_macd_enabled=True_macd_fast=12_macd_slow=26_macd_signal=9_adx_enabled=False_adx_length=14_adx_min_adx=20_sma_enabled=False_sma_length=50_bb_enabled=False_bb_length=20_bb_stddev=2.0_combination_mode=all
PERSISTENT.NS,2024-05-27,2024-05-30,13,3706.247802734375,3520.935412597656,3708.100926635742,3519.1749448913574,48205.31204626465,45749.27428358765,-2456.0377626769987,-2539.105705865538,-5.094952523738124,-5.2672736635926185,-5.0782114117310755,83.0679431885393,"{'brokerage_entry': 20.0, 'brokerage_exit': 20.0, 'exchange_entry': np.float64(1.43169776777406), 'exchange_exit': np.float64(1.3587534462225532), 'sebi_entry': np.float64(0.048205312046264645), 'sebi_exit': np.float64(0.045749274283587646), 'ipft_entry': np.float64(0.048205312046264645), 'ipft_exit': np.float64(0.045749274283587646), 'stamp_buy': np.float64(1.4461593613879395), 'stt_sell': np.float64(11.437318570896913), 'dp_sell': 16.5, 'gst': np.float64(10.706104869598136), 'fees_total': np.float64(83.0679431885393)}",HSL,3,1413_rsi_enabled=False_rsi_buy_below=40_rsi_sell_above=70_macd_enabled=True_macd_fast=12_macd_slow=26_macd_signal=9_adx_enabled=False_adx_length=14_adx_min_adx=20_sma_enabled=False_sma_length=50_bb_enabled=False_bb_length=20_bb_stddev=2.0_combination_mode=all
PERSISTENT.NS,2024-06-07,2024-06-24,13,3818.872314453125,3935.761962890625,3820.7817506103515,3933.79408190918,49670.16275793457,51139.32306481934,1469.160306884769,1384.4444916091402,2.9578326812510345,2.7872759313396487,2.76888898321828,84.71581527562878,"{'brokerage_entry': 20.0, 'brokerage_exit': 20.0, 'exchange_entry': np.float64(1.4752038339106568), 'exchange_exit': np.float64(1.5188378950251344), 'sebi_entry': np.float64(0.04967016275793457), 'sebi_exit': np.float64(0.05113932306481934), 'ipft_entry': np.float64(0.04967016275793457), 'ipft_exit': np.float64(0.05113932306481934), 'stamp_buy': np.float64(1.4901048827380372), 'stt_sell': np.float64(12.784830766204836), 'dp_sell': 16.5, 'gst': np.float64(10.745218926104632), 'fees_total': np.float64(84.71581527562878)}",Time,10,1413_rsi_enabled=False_rsi_buy_below=40_rsi_sell_above=70_macd_enabled=True_macd_fast=12_macd_slow=26_macd_signal=9_adx_enabled=False_adx_length=14_adx_min_adx=20_sma_enabled=False_sma_length=50_bb_enabled=False_bb_length=20_bb_stddev=2.0_combination_mode=all
SRF.NS,2015-01-02,2015-01-06,287,174.0537567138672,165.35106887817383,174.14078359222412,165.26839334373474,49978.404890968326,47432.02888965187,-2546.3760013164574,-2630.047095371597,-5.094952523738142,-5.262367018533793,-5.260094190743194,83.67109405513992,"{'brokerage_entry': 20.0, 'brokerage_exit': 20.0, 'exchange_entry': np.float64(1.4843586252617593), 'exchange_exit': np.float64(1.4087312580226605), 'sebi_entry': np.float64(0.049978404890968324), 'sebi_exit': np.float64(0.04743202888965187), 'ipft_entry': np.float64(0.049978404890968324), 'ipft_exit': np.float64(0.04743202888965187), 'stamp_buy': np.float64(1.4993521467290498), 'stt_sell': np.float64(11.858007222412967), 'dp_sell': 16.5, 'gst': np.float64(10.72582393515222), 'fees_total': np.float64(83.67109405513992)}",HSL,2,1413_rsi_enabled=False_rsi_buy_below=40_rsi_sell_above=70_macd_enabled=True_macd_fast=12_macd_slow=26_macd_signal=9_adx_enabled=False_adx_length=14_adx_min_adx=20_sma_enabled=False_sma_length=50_bb_enabled=False_bb_length=20_bb_stddev=2.0_combination_mode=all
SRF.NS,2015-01-22,2015-02-06,281,177.3865509033203,178.3590545654297,177.47524417877196,178.26987503814698,49870.54361423492,50093.8348857193,223.29127148437692,138.86242891235077,0.447741803681966,0.2784457895355972,0.2777248578247015,84.42884257202616,"{'brokerage_entry': 20.0, 'brokerage_exit': 20.0, 'exchange_entry': np.float64(1.4811551453427771), 'exchange_exit': np.float64(1.4877868961058631), 'sebi_entry': np.float64(0.049870543614234916), 'sebi_exit': np.float64(0.05009383488571929), 'ipft_entry': np.float64(0.049870543614234916), 'ipft_exit': np.float64(0.05009383488571929), 'stamp_buy': np.float64(1.4961163084270477), 'stt_sell': np.float64(12.523458721429824), 'dp_sell': 16.5, 'gst': np.float64(10.740396743720739), 'fees_total': np.float64(84.42884257202616)}",Time,10,1413_rsi_enabled=False_rsi_buy_below=40_rsi_sell_above=70_macd_enabled=True_macd_fast=12_macd_slow=26_macd_signal=9_adx_enabled=False_adx_length=14_adx_min_adx=20_sma_enabled=False_sma_length=50_bb_enabled=False_bb_length=20_bb_stddev=2.0_combination_mode=all
SRF.NS,2015-03-31,2015-04-17,265,188.3163604736328,202.3072052001953,188.41051865386962,202.20605159759523,49928.78744327545,53584.60367336274,3655.8162300872937,3570.3801936375457,7.322060913737791,7.150945128987736,7.140760387275091,85.43603644974793,"{'brokerage_entry': 20.0, 'brokerage_exit': 20.0, 'exchange_entry': np.float64(1.4828849870652807), 'exchange_exit': np.float64(1.5914627290988734), 'sebi_entry': np.float64(0.049928787443275446), 'sebi_exit': np.float64(0.053584603673362735), 'ipft_entry': np.float64(0.049928787443275446), 'ipft_exit': np.float64(0.053584603673362735), 'stamp_buy': np.float64(1.4978636232982634), 'stt_sell': np.float64(13.396150918340686), 'dp_sell': 16.5, 'gst': np.float64(10.760647409711538), 'fees_total': np.float64(85.43603644974793)}",Time,10,1413_rsi_enabled=False_rsi_buy_below=40_rsi_sell_above=70_macd_enabled=True_macd_fast=12_macd_slow=26_macd_signal=9_adx_enabled=False_adx_length=14_adx_min_adx=20_sma_enabled=False_sma_length=50_bb_enabled=False_bb_length=20_bb_stddev=2.0_combination_mode=all
SRF.NS,2015-05-29,2015-06-03,239,209.0178680419922,198.56697463989258,209.1223769760132,198.46769115257266,49980.248097267155,47433.778185464864,-2546.469911802291,-2630.141632858707,-5.094952523738129,-5.262362099003905,-5.260283265717414,83.6717210564161,"{'brokerage_entry': 20.0, 'brokerage_exit': 20.0, 'exchange_entry': np.float64(1.4844133684888345), 'exchange_exit': np.float64(1.4087832121083064), 'sebi_entry': np.float64(0.04998024809726715), 'sebi_exit': np.float64(0.04743377818546486), 'ipft_entry': np.float64(0.04998024809726715), 'ipft_exit': np.float64(0.04743377818546486), 'stamp_buy': np.float64(1.4994074429180146), 'stt_sell': np.float64(11.858444546366217), 'dp_sell': 16.5, 'gst': np.float64(10.72584443396927), 'fees_total': np.float64(83.6717210564161)}",HSL,3,1413_rsi_enabled=False_rsi_buy_below=40_rsi_sell_above=70_macd_enabled=True_macd_fast=12_macd_slow=26_macd_signal=9_adx_enabled=False_adx_length=14_adx_min_adx=20_sma_enabled=False_sma_length=50_bb_enabled=False_bb_length=20_bb_stddev=2.0_combination_mode=all
SRF.NS,2015-10-16,2015-11-02,201,248.3452911376953,253.13963317871094,248.46946378326416,253.01306336212158,49942.362220436095,50855.62573578644,913.2635153503434,828.6108885122932,1.828634999921253,1.6591343534271812,1.6572217770245863,84.65262683805015,"{'brokerage_entry': 20.0, 'brokerage_exit': 20.0, 'exchange_entry': np.float64(1.4832881579469521), 'exchange_exit': np.float64(1.5104120843528572), 'sebi_entry': np.float64(0.04994236222043609), 'sebi_exit': np.float64(0.05085562573578643), 'ipft_entry': np.float64(0.04994236222043609), 'ipft_exit': np.float64(0.05085562573578643), 'stamp_buy': np.float64(1.4982708666130828), 'stt_sell': np.float64(12.71390643394661), 'dp_sell': 16.5, 'gst': np.float64(10.745153319278204), 'fees_total': np.float64(84.65262683805015)}",Time,10,1413_rsi_enabled=False_rsi_buy_below=40_rsi_sell_above=70_macd_enabled=True_macd_fast=12_macd_slow=26_macd_signal=9_adx_enabled=False_adx_length=14_adx_min_adx=20_sma_enabled=False_sma_length=50_bb_enabled=False_bb_length=20_bb_stddev=2.0_combination_mode=all
SRF.NS,2016-01-05,2016-01-14,204,244.42779541015625,233.67611759615653,244.5500093078613,233.55927953735846,49888.20189880371,47646.09302562113,-2242.1088731825803,-2325.8354103318925,-4.49426675615732,-4.662095088233005,-4.651670820663785,83.72653714931243,"{'brokerage_entry': 20.0, 'brokerage_exit': 20.0, 'exchange_entry': np.float64(1.4816795963944702), 'exchange_exit': np.float64(1.4150889628609475), 'sebi_entry': np.float64(0.049888201898803705), 'sebi_exit': np.float64(0.047646093025621124), 'ipft_entry': np.float64(0.049888201898803705), 'ipft_exit': np.float64(0.047646093025621124), 'stamp_buy': np.float64(1.4966460569641113), 'stt_sell': np.float64(11.911523256405282), 'dp_sell': 16.5, 'gst': np.float64(10.726530686838768), 'fees_total': np.float64(83.72653714931243)}",TSL,7,1413_rsi_enabled=False_rsi_buy_below=40_rsi_sell_above=70_macd_enabled=True_macd_fast=12_macd_slow=26_macd_signal=9_adx_enabled=False_adx_length=14_adx_min_adx=20_sma_enabled=False_sma_length=50_bb_enabled=False_bb_length=20_bb_stddev=2.0_combination_mode=all
SRF.NS,2016-03-04,2016-03-21,216,231.24420166015625,234.7008819580078,231.3598237609863,234.58353151702883,49973.72193237304,50670.04280767823,696.3208753051877,611.7194722814305,1.3933740541628743,1.2240822748988762,1.223438944562861,84.60140302375711,"{'brokerage_entry': 20.0, 'brokerage_exit': 20.0, 'exchange_entry': np.float64(1.4842195413914792), 'exchange_exit': np.float64(1.5049002713880433), 'sebi_entry': np.float64(0.04997372193237304), 'sebi_exit': np.float64(0.05067004280767822), 'ipft_entry': np.float64(0.04997372193237304), 'ipft_exit': np.float64(0.05067004280767822), 'stamp_buy': np.float64(1.4992116579711912), 'stt_sell': np.float64(12.667510701919557), 'dp_sell': 16.5, 'gst': np.float64(10.744273321606734), 'fees_total': np.float64(84.60140302375711)}",Time,10,1413_rsi_enabled=False_rsi_buy_below=40_rsi_sell_above=70_macd_enabled=True_macd_fast=12_macd_slow=26_macd_signal=9_adx_enabled=False_adx_length=14_adx_min_adx=20_sma_enabled=False_sma_length=50_bb_enabled=False_bb_length=20_bb_stddev=2.0_combination_mode=all
SRF.NS,2016-07-12,2016-07-26,192,259.18505859375,266.3952331542969,259.3146511230469,266.2620355377197,49788.413015625,51122.31082324219,1333.8978076171843,1249.1789109849883,2.6791330087154406,2.5089751516943526,2.4983578219699765,84.71889663219596,"{'brokerage_entry': 20.0, 'brokerage_exit': 20.0, 'exchange_entry': np.float64(1.4787158665640625), 'exchange_exit': np.float64(1.518332631450293), 'sebi_entry': np.float64(0.049788413015625), 'sebi_exit': np.float64(0.05112231082324219), 'ipft_entry': np.float64(0.049788413015625), 'ipft_exit': np.float64(0.05112231082324219), 'stamp_buy': np.float64(1.4936523904687502), 'stt_sell': np.float64(12.780577705810547), 'dp_sell': 16.5, 'gst': np.float64(10.745796590224577), 'fees_total': np.float64(84.71889663219596)}",Time,10,1413_rsi_enabled=False_rsi_buy_below=40_rsi_sell_above=70_macd_enabled=True_macd_fast=12_macd_slow=26_macd_signal=9_adx_enabled=False_adx_length=14_adx_min_adx=20_sma_enabled=False_sma_length=50_bb_enabled=False_bb_length=20_bb_stddev=2.0_combination_mode=all
SRF.NS,2017-01-11,2017-01-25,157,317.5815124511719,328.6639099121094,317.74030320739746,328.49957795715335,49885.2276035614,51574.433739273074,1689.2061357116763,1604.350770356561,3.3861850829584683,3.216083893825962,3.2087015407131223,84.85536535511518,"{'brokerage_entry': 20.0, 'brokerage_exit': 20.0, 'exchange_entry': np.float64(1.4815912598257734), 'exchange_exit': np.float64(1.5317606820564102), 'sebi_entry': np.float64(0.04988522760356139), 'sebi_exit': np.float64(0.05157443373927307), 'ipft_entry': np.float64(0.04988522760356139), 'ipft_exit': np.float64(0.05157443373927307), 'stamp_buy': np.float64(1.496556828106842), 'stt_sell': np.float64(12.893608434818269), 'dp_sell': 16.5, 'gst': np.float64(10.748928827622214), 'fees_total': np.float64(84.85536535511518)}",Time,10,1413_rsi_enabled=False_rsi_buy_below=40_rsi_sell_above=70_macd_enabled=True_macd_fast=12_macd_slow=26_macd_signal=9_adx_enabled=False_adx_length=14_adx_min_adx=20_sma_enabled=False_sma_length=50_bb_enabled=False_bb_length=20_bb_stddev=2.0_combination_mode=all
SRF.NS,2017-04-13,2017-04-28,152,326.7919006347656,341.85443115234375,326.955296585083,341.6835039367676,49697.20508093261,51935.89259838867,2238.687517456063,2153.740940502245,4.504654766420623,4.333726488229765,4.30748188100449,84.94657695381784,"{'brokerage_entry': 20.0, 'brokerage_exit': 20.0, 'exchange_entry': np.float64(1.4760069909036986), 'exchange_exit': np.float64(1.5424960101721437), 'sebi_entry': np.float64(0.04969720508093261), 'sebi_exit': np.float64(0.05193589259838867), 'ipft_entry': np.float64(0.04969720508093261), 'ipft_exit': np.float64(0.05193589259838867), 'stamp_buy': np.float64(1.4909161524279784), 'stt_sell': np.float64(12.983973149597169), 'dp_sell': 16.5, 'gst': np.float64(10.749918455358205), 'fees_total': np.float64(84.94657695381784)}",Time,10,1413_rsi_enabled=False_rsi_buy_below=40_rsi_sell_above=70_macd_enabled=True_macd_fast=12_macd_slow=26_macd_signal=9_adx_enabled=False_adx_length=14_adx_min_adx=20_sma_enabled=False_sma_length=50_bb_enabled=False_bb_length=20_bb_stddev=2.0_combination_mode=all
SRF.NS,2017-09-12,2017-09-25,161,309.056884765625,293.6040405273437,309.2114132080078,293.4572385070801,49783.03752648926,47246.61539963989,-2536.422126849364,-2620.0267630224234,-5.094952523738129,-5.262890520949677,-5.240053526044846,83.60463617305943,"{'brokerage_entry': 20.0, 'brokerage_exit': 20.0, 'exchange_entry': np.float64(1.478556214536731), 'exchange_exit': np.float64(1.4032244773693048), 'sebi_entry': np.float64(0.04978303752648926), 'sebi_exit': np.float64(0.04724661539963989), 'ipft_entry': np.float64(0.04978303752648926), 'ipft_exit': np.float64(0.04724661539963989), 'stamp_buy': np.float64(1.4934911257946777), 'stt_sell': np.float64(11.811653849909973), 'dp_sell': 16.5, 'gst': np.float64(10.72365119959649), 'fees_total': np.float64(83.60463617305943)}",HSL,9,1413_rsi_enabled=False_rsi_buy_below=40_rsi_sell_above=70_macd_enabled=True_macd_fast=12_macd_slow=26_macd_signal=9_adx_enabled=False_adx_length=14_adx_min_adx=20_sma_enabled=False_sma_length=50_bb_enabled=False_bb_length=20_bb_stddev=2.0_combination_mode=all
SRF.NS,2018-02-23,2018-03-06,133,373.6165466308594,360.9034729003906,373.8033549041748,360.7230211639405,49715.84620225525,47976.16181480408,-1739.6843874511687,-1823.4941705428234,-3.499255308606719,-3.667832914126492,-3.6469883410856467,83.80978309165478,"{'brokerage_entry': 20.0, 'brokerage_exit': 20.0, 'exchange_entry': np.float64(1.4765606322069809), 'exchange_exit': np.float64(1.4248920058996812), 'sebi_entry': np.float64(0.04971584620225525), 'sebi_exit': np.float64(0.047976161814804075), 'ipft_entry': np.float64(0.04971584620225525), 'ipft_exit': np.float64(0.047976161814804075), 'stamp_buy': np.float64(1.4914753860676575), 'stt_sell': np.float64(11.99404045370102), 'dp_sell': 16.5, 'gst': np.float64(10.72743059774534), 'fees_total': np.float64(83.80978309165478)}",MACD_cross_down,6,1413_rsi_enabled=False_rsi_buy_below=40_rsi_sell_above=70_macd_enabled=True_macd_fast=12_macd_slow=26_macd_signal=9_adx_enabled=False_adx_length=14_adx_min_adx=20_sma_enabled=False_sma_length=50_bb_enabled=False_bb_length=20_bb_stddev=2.0_combination_mode=all
SRF.NS,2018-03-20,2018-04-05,134,372.1488342285156,394.48419189453125,372.33490864562987,394.28694979858403,49892.877758514405,52834.45127301026,2941.5735144958526,2856.3554968750914,5.895778408961111,5.72497643992412,5.712710993750183,85.2180176207612,"{'brokerage_entry': 20.0, 'brokerage_exit': 20.0, 'exchange_entry': np.float64(1.4818184694278778), 'exchange_exit': np.float64(1.5691832028084047), 'sebi_entry': np.float64(0.049892877758514406), 'sebi_exit': np.float64(0.05283445127301026), 'ipft_entry': np.float64(0.049892877758514406), 'ipft_exit': np.float64(0.05283445127301026), 'stamp_buy': np.float64(1.4967863327554323), 'stt_sell': np.float64(13.208612818252565), 'dp_sell': 16.5, 'gst': np.float64(10.75616213945388), 'fees_total': np.float64(85.2180176207612)}",Time,10,1413_rsi_enabled=False_rsi_buy_below=40_rsi_sell_above=70_macd_enabled=True_macd_fast=12_macd_slow=26_macd_signal=9_adx_enabled=False_adx_length=14_adx_min_adx=20_sma_enabled=False_sma_length=50_bb_enabled=False_bb_length=20_bb_stddev=2.0_combination_mode=all
SRF.NS,2018-08-06,2018-08-21,143,348.4042053222656,382.8766174316406,348.57840742492675,382.6851791229248,49846.71226176453,54723.98061457825,4877.26835281372,4791.51038495449,9.784533686396973,9.61249030787106,9.58302076990898,85.75796785922996,"{'brokerage_entry': 20.0, 'brokerage_exit': 20.0, 'exchange_entry': np.float64(1.4804473541744065), 'exchange_exit': np.float64(1.625302224252974), 'sebi_entry': np.float64(0.04984671226176453), 'sebi_exit': np.float64(0.05472398061457825), 'ipft_entry': np.float64(0.04984671226176453), 'ipft_exit': np.float64(0.05472398061457825), 'stamp_buy': np.float64(1.4954013678529359), 'stt_sell': np.float64(13.680995153644563), 'dp_sell': 16.5, 'gst': np.float64(10.76668037355241), 'fees_total': np.float64(85.75796785922996)}",Time,10,1413_rsi_enabled=False_rsi_buy_below=40_rsi_sell_above=70_macd_enabled=True_macd_fast=12_macd_slow=26_macd_signal=9_adx_enabled=False_adx_length=14_adx_min_adx=20_sma_enabled=False_sma_length=50_bb_enabled=False_bb_length=20_bb_stddev=2.0_combination_mode=all
SRF.NS,2018-11-05,2018-11-20,128,388.24908447265625,405.91717529296875,388.44320901489255,405.7142167053223,49720.730753906246,51931.419738281256,2210.6889843750105,2125.742107176512,4.446211772946097,4.275363766670919,4.251484214353024,84.94687719849827,"{'brokerage_entry': 20.0, 'brokerage_exit': 20.0, 'exchange_entry': np.float64(1.4767057033910156), 'exchange_exit': np.float64(1.5423631662269532), 'sebi_entry': np.float64(0.04972073075390624), 'sebi_exit': np.float64(0.051931419738281255), 'ipft_entry': np.float64(0.04972073075390624), 'ipft_exit': np.float64(0.051931419738281255), 'stamp_buy': np.float64(1.4916219226171874), 'stt_sell': np.float64(12.982854934570314), 'dp_sell': 16.5, 'gst': np.float64(10.750027170708421), 'fees_total': np.float64(84.94687719849827)}",Time,10,1413_rsi_enabled=False_rsi_buy_below=40_rsi_sell_above=70_macd_enabled=True_macd_fast=12_macd_slow=26_macd_signal=9_adx_enabled=False_adx_length=14_adx_min_adx=20_sma_enabled=False_sma_length=50_bb_enabled=False_bb_length=20_bb_stddev=2.0_combination_mode=all
SRF.NS,2019-02-06,2019-02-21,115,433.56011962890625,431.2358703613281,433.7768996887207,431.02025242614747,49884.34346420288,49567.329029006956,-317.0144351959243,-401.2928870183831,-0.6354988623302512,-0.8044465640935052,-0.8025857740367662,84.27845182245883,"{'brokerage_entry': 20.0, 'brokerage_exit': 20.0, 'exchange_entry': np.float64(1.4815650008868255), 'exchange_exit': np.float64(1.4721496721615066), 'sebi_entry': np.float64(0.049884343464202875), 'sebi_exit': np.float64(0.04956732902900696), 'ipft_entry': np.float64(0.049884343464202875), 'ipft_exit': np.float64(0.04956732902900696), 'stamp_buy': np.float64(1.4965303039260864), 'stt_sell': np.float64(12.391832257251739), 'dp_sell': 16.5, 'gst': np.float64(10.737471243246254), 'fees_total': np.float64(84.27845182245883)}",Time,10,1413_rsi_enabled=False_rsi_buy_below=40_rsi_sell_above=70_macd_enabled=True_macd_fast=12_macd_slow=26_macd_signal=9_adx_enabled=False_adx_length=14_adx_min_adx=20_sma_enabled=False_sma_length=50_bb_enabled=False_bb_length=20_bb_stddev=2.0_combination_mode=all
SRF.NS,2019-05-15,2019-05-29,92,539.1939086914062,569.5516357421875,539.463505645752,569.2668599243165,49630.64251940918,52372.551113037116,2741.908593627937,2656.8410051130804,5.524628444122302,5.353227099717806,5.313682010226161,85.06758851485684,"{'brokerage_entry': 20.0, 'brokerage_exit': 20.0, 'exchange_entry': np.float64(1.4740300828264525), 'exchange_exit': np.float64(1.5554647680572025), 'sebi_entry': np.float64(0.04963064251940918), 'sebi_exit': np.float64(0.05237255111303711), 'ipft_entry': np.float64(0.04963064251940918), 'ipft_exit': np.float64(0.05237255111303711), 'stamp_buy': np.float64(1.4889192755822753), 'stt_sell': np.float64(13.09313777825928), 'dp_sell': 16.5, 'gst': np.float64(10.752030222866738), 'fees_total': np.float64(85.06758851485684)}",Time,10,1413_rsi_enabled=False_rsi_buy_below=40_rsi_sell_above=70_macd_enabled=True_macd_fast=12_macd_slow=26_macd_signal=9_adx_enabled=False_adx_length=14_adx_min_adx=20_sma_enabled=False_sma_length=50_bb_enabled=False_bb_length=20_bb_stddev=2.0_combination_mode=all
SRF.NS,2019-08-07,2019-08-23,88,562.9229125976562,550.7705688476562,563.204374053955,550.4951835632324,49561.98491674804,48443.576153564456,-1118.4087631835864,-1202.3425127868761,-2.2565858995805725,-2.425936965209356,-2.404685025573752,83.93374960328967,"{'brokerage_entry': 20.0, 'brokerage_exit': 20.0, 'exchange_entry': np.float64(1.4719909520274168), 'exchange_exit': np.float64(1.4387742117608644), 'sebi_entry': np.float64(0.04956198491674804), 'sebi_exit': np.float64(0.048443576153564455), 'ipft_entry': np.float64(0.04956198491674804), 'ipft_exit': np.float64(0.048443576153564455), 'stamp_buy': np.float64(1.4868595475024413), 'stt_sell': np.float64(12.110894038391114), 'dp_sell': 16.5, 'gst': np.float64(10.729219731467204), 'fees_total': np.float64(83.93374960328967)}",Time,10,1413_rsi_enabled=False_rsi_buy_below=40_rsi_sell_above=70_macd_enabled=True_macd_fast=12_macd_slow=26_macd_signal=9_adx_enabled=False_adx_length=14_adx_min_adx=20_sma_enabled=False_sma_length=50_bb_enabled=False_bb_length=20_bb_stddev=2.0_combination_mode=all
SRF.NS,2019-09-23,2019-09-25,86,578.075439453125,549.1716674804687,578.3644771728515,548.8970816467286,49739.34503686523,47205.14902161866,-2534.196015246569,-2617.7857885978315,-5.0949525237381055,-5.263008161160167,-5.235571577195663,83.58977335126228,"{'brokerage_entry': 20.0, 'brokerage_exit': 20.0, 'exchange_entry': np.float64(1.4772585475948972), 'exchange_exit': np.float64(1.401992925942074), 'sebi_entry': np.float64(0.04973934503686522), 'sebi_exit': np.float64(0.04720514902161865), 'ipft_entry': np.float64(0.04973934503686522), 'ipft_exit': np.float64(0.04720514902161865), 'stamp_buy': np.float64(1.4921803511059568), 'stt_sell': np.float64(11.801287255404665), 'dp_sell': 16.5, 'gst': np.float64(10.723165283097709), 'fees_total': np.float64(83.58977335126228)}",HSL,2,1413_rsi_enabled=False_rsi_buy_below=40_rsi_sell_above=70_macd_enabled=True_macd_fast=12_macd_slow=26_macd_signal=9_adx_enabled=False_adx_length=14_adx_min_adx=20_sma_enabled=False_sma_length=50_bb_enabled=False_bb_length=20_bb_stddev=2.0_combination_mode=all
SRF.NS,2019-10-31,2019-11-15,88,567.706298828125,630.322998046875,567.9901519775391,630.0078365478516,49983.13337402344,55440.68961621095,5457.556242187507,5371.583092259461,10.918795749255358,10.746791426747784,10.743166184518921,85.97314992804614,"{'brokerage_entry': 20.0, 'brokerage_exit': 20.0, 'exchange_entry': np.float64(1.4844990612084963), 'exchange_exit': np.float64(1.646588481601465), 'sebi_entry': np.float64(0.049983133374023436), 'sebi_exit': np.float64(0.055440689616210945), 'ipft_entry': np.float64(0.049983133374023436), 'ipft_exit': np.float64(0.055440689616210945), 'stamp_buy': np.float64(1.4994940012207032), 'stt_sell': np.float64(13.860172404052737), 'dp_sell': 16.5, 'gst': np.float64(10.771548333982276), 'fees_total': np.float64(85.97314992804614)}",Time,10,1413_rsi_enabled=False_rsi_buy_below=40_rsi_sell_above=70_macd_enabled=True_macd_fast=12_macd_slow=26_macd_signal=9_adx_enabled=False_adx_length=14_adx_min_adx=20_sma_enabled=False_sma_length=50_bb_enabled=False_bb_length=20_bb_stddev=2.0_combination_mode=all
SRF.NS,2020-04-23,2020-05-08,69,715.2882690429688,705.8932495117188,715.6459131774902,705.5403028869629,49379.568009246825,48682.280899200436,-697.287110046389,-781.2771688317359,-1.412096415901846,-1.5821871278530302,-1.5625543376634718,83.9900587853469,"{'brokerage_entry': 20.0, 'brokerage_exit': 20.0, 'exchange_entry': np.float64(1.4665731698746307), 'exchange_exit': np.float64(1.4458637427062528), 'sebi_entry': np.float64(0.049379568009246824), 'sebi_exit': np.float64(0.04868228089920043), 'ipft_entry': np.float64(0.049379568009246824), 'ipft_exit': np.float64(0.04868228089920043), 'stamp_buy': np.float64(1.4813870402774048), 'stt_sell': np.float64(12.170570224800109), 'dp_sell': 16.5, 'gst': np.float64(10.7295409098716), 'fees_total': np.float64(83.9900587853469)}",Time,10,1413_rsi_enabled=False_rsi_buy_below=40_rsi_sell_above=70_macd_enabled=True_macd_fast=12_macd_slow=26_macd_signal=9_adx_enabled=False_adx_length=14_adx_min_adx=20_sma_enabled=False_sma_length=50_bb_enabled=False_bb_length=20_bb_stddev=2.0_combination_mode=all
SRF.NS,2020-06-01,2020-06-15,68,727.8939208984375,709.8396606445312,728.2578678588867,709.484740814209,49521.5350144043,48244.96237536621,-1276.5726390380878,-1360.4465792837232,-2.5778131446587267,-2.747181764232492,-2.720893158567446,83.87394024563544,"{'brokerage_entry': 20.0, 'brokerage_exit': 20.0, 'exchange_entry': np.float64(1.4707895899278076), 'exchange_exit': np.float64(1.4328753825483764), 'sebi_entry': np.float64(0.049521535014404296), 'sebi_exit': np.float64(0.048244962375366206), 'ipft_entry': np.float64(0.049521535014404296), 'ipft_exit': np.float64(0.048244962375366206), 'stamp_buy': np.float64(1.485646050432129), 'stt_sell': np.float64(12.061240593841552), 'dp_sell': 16.5, 'gst': np.float64(10.72785563410603), 'fees_total': np.float64(83.87394024563544)}",Time,10,1413_rsi_enabled=False_rsi_buy_below=40_rsi_sell_above=70_macd_enabled=True_macd_fast=12_macd_slow=26_macd_signal=9_adx_enabled=False_adx_length=14_adx_min_adx=20_sma_enabled=False_sma_length=50_bb_enabled=False_bb_length=20_bb_stddev=2.0_combination_mode=all
SRF.NS,2020-10-09,2020-10-23,59,838.868896484375,869.5001220703125,839.2883309326171,869.0653720092774,49518.01152502441,51274.85694854737,1756.8454235229583,1672.1009109019483,3.5478917052941825,3.3767529418198383,3.3442018218038965,84.74451262101002,"{'brokerage_entry': 20.0, 'brokerage_exit': 20.0, 'exchange_entry': np.float64(1.470684942293225), 'exchange_exit': np.float64(1.522863251371857), 'sebi_entry': np.float64(0.049518011525024413), 'sebi_exit': np.float64(0.051274856948547366), 'ipft_entry': np.float64(0.049518011525024413), 'ipft_exit': np.float64(0.051274856948547366), 'stamp_buy': np.float64(1.4855403457507323), 'stt_sell': np.float64(12.818714237136843), 'dp_sell': 16.5, 'gst': np.float64(10.7451241075102), 'fees_total': np.float64(84.74451262101002)}",Time,10,1413_rsi_enabled=False_rsi_buy_below=40_rsi_sell_above=70_macd_enabled=True_macd_fast=12_macd_slow=26_macd_signal=9_adx_enabled=False_adx_length=14_adx_min_adx=20_sma_enabled=False_sma_length=50_bb_enabled=False_bb_length=20_bb_stddev=2.0_combination_mode=all
SRF.NS,2021-04-05,2021-04-20,44,1115.2021484375,1213.5185546875,1115.7597495117186,1212.9117954101564,49093.42897851562,53368.118998046884,4274.690019531263,4189.372510248784,8.707254939152778,8.533468933453694,8.378745020497568,85.31750928247848,"{'brokerage_entry': 20.0, 'brokerage_exit': 20.0, 'exchange_entry': np.float64(1.458074840661914), 'exchange_exit': np.float64(1.5850331342419925), 'sebi_entry': np.float64(0.04909342897851562), 'sebi_exit': np.float64(0.05336811899804688), 'ipft_entry': np.float64(0.04909342897851562), 'ipft_exit': np.float64(0.05336811899804688), 'stamp_buy': np.float64(1.4728028693554687), 'stt_sell': np.float64(13.342029749511722), 'dp_sell': 16.5, 'gst': np.float64(10.754645592754263), 'fees_total': np.float64(85.31750928247848)}",Time,10,1413_rsi_enabled=False_rsi_buy_below=40_rsi_sell_above=70_macd_enabled=True_macd_fast=12_macd_slow=26_macd_signal=9_adx_enabled=False_adx_length=14_adx_min_adx=20_sma_enabled=False_sma_length=50_bb_enabled=False_bb_length=20_bb_stddev=2.0_combination_mode=all
SRF.NS,2021-12-23,2022-01-06,21,2294.19189453125,2381.170654296875,2295.3389904785154,2379.9800689697267,48202.118800048826,49979.58144836426,1777.4626483154352,1693.1791047098504,3.6875197451146793,3.5126653077916883,3.3863582094197007,84.28354360558467,"{'brokerage_entry': 20.0, 'brokerage_exit': 20.0, 'exchange_entry': np.float64(1.4316029283614502), 'exchange_exit': np.float64(1.4843935690164185), 'sebi_entry': np.float64(0.04820211880004882), 'sebi_exit': np.float64(0.04997958144836426), 'ipft_entry': np.float64(0.04820211880004882), 'ipft_exit': np.float64(0.04997958144836426), 'stamp_buy': np.float64(1.4460635640014647), 'stt_sell': np.float64(12.494895362091066), 'dp_sell': 16.5, 'gst': np.float64(10.730224781617444), 'fees_total': np.float64(84.28354360558467)}",Time,10,1413_rsi_enabled=False_rsi_buy_below=40_rsi_sell_above=70_macd_enabled=True_macd_fast=12_macd_slow=26_macd_signal=9_adx_enabled=False_adx_length=14_adx_min_adx=20_sma_enabled=False_sma_length=50_bb_enabled=False_bb_length=20_bb_stddev=2.0_combination_mode=all
SRF.NS,2022-03-16,2022-03-31,20,2443.8876953125,2651.8837890625,2445.109639160156,2650.5578471679687,48902.19278320312,53011.156943359376,4108.964160156254,4023.7621343770466,8.402412910955595,8.228183452254363,8.047524268754094,85.20202577920774,"{'brokerage_entry': 20.0, 'brokerage_exit': 20.0, 'exchange_entry': np.float64(1.4523951256611327), 'exchange_exit': np.float64(1.5744313612177734), 'sebi_entry': np.float64(0.04890219278320312), 'sebi_exit': np.float64(0.053011156943359374), 'ipft_entry': np.float64(0.04890219278320312), 'ipft_exit': np.float64(0.053011156943359374), 'stamp_buy': np.float64(1.4670657834960936), 'stt_sell': np.float64(13.252789235839844), 'dp_sell': 16.5, 'gst': np.float64(10.751517573539767), 'fees_total': np.float64(85.20202577920774)}",Time,10,1413_rsi_enabled=False_rsi_buy_below=40_rsi_sell_above=70_macd_enabled=True_macd_fast=12_macd_slow=26_macd_signal=9_adx_enabled=False_adx_length=14_adx_min_adx=20_sma_enabled=False_sma_length=50_bb_enabled=False_bb_length=20_bb_stddev=2.0_combination_mode=all
SRF.NS,2022-07-18,2022-08-01,21,2284.835205078125,2431.9892578125,2285.977622680664,2430.773263183594,48005.530076293944,51046.23852685547,3040.7084505615276,2956.1315945711553,6.334079523190367,6.157898037732428,5.91226318914231,84.57685599037211,"{'brokerage_entry': 20.0, 'brokerage_exit': 20.0, 'exchange_entry': np.float64(1.42576424326593), 'exchange_exit': np.float64(1.5160732842476075), 'sebi_entry': np.float64(0.04800553007629394), 'sebi_exit': np.float64(0.05104623852685547), 'ipft_entry': np.float64(0.04800553007629394), 'ipft_exit': np.float64(0.05104623852685547), 'stamp_buy': np.float64(1.4401659022888185), 'stt_sell': np.float64(12.761559631713869), 'dp_sell': 16.5, 'gst': np.float64(10.735189391649573), 'fees_total': np.float64(84.57685599037211)}",Time,10,1413_rsi_enabled=False_rsi_buy_below=40_rsi_sell_above=70_macd_enabled=True_macd_fast=12_macd_slow=26_macd_signal=9_adx_enabled=False_adx_length=14_adx_min_adx=20_sma_enabled=False_sma_length=50_bb_enabled=False_bb_length=20_bb_stddev=2.0_combination_mode=all
SRF.NS,2023-02-10,2023-02-24,21,2273.0146484375,2208.579345703125,2274.1511557617187,2207.4750560302737,47757.17427099609,46356.97617663575,-1400.1980943603412,-1483.410487544274,-2.931911520591599,-3.106152133555313,-2.966820975088548,83.21239318393293,"{'brokerage_entry': 20.0, 'brokerage_exit': 20.0, 'exchange_entry': np.float64(1.4183880758485838), 'exchange_exit': np.float64(1.3768021924460818), 'sebi_entry': np.float64(0.047757174270996086), 'sebi_exit': np.float64(0.04635697617663575), 'ipft_entry': np.float64(0.047757174270996086), 'ipft_exit': np.float64(0.04635697617663575), 'stamp_buy': np.float64(1.4327152281298827), 'stt_sell': np.float64(11.589244044158937), 'dp_sell': 16.5, 'gst': np.float64(10.707015342454186), 'fees_total': np.float64(83.21239318393293)}",Time,10,1413_rsi_enabled=False_rsi_buy_below=40_rsi_sell_above=70_macd_enabled=True_macd_fast=12_macd_slow=26_macd_signal=9_adx_enabled=False_adx_length=14_adx_min_adx=20_sma_enabled=False_sma_length=50_bb_enabled=False_bb_length=20_bb_stddev=2.0_combination_mode=all
SRF.NS,2023-03-21,2023-04-06,21,2332.53564453125,2352.34326171875,2333.7019123535156,2351.1670900878908,49007.740159423825,49374.508891845704,366.76873242187867,282.6047865861227,0.7483893997739289,0.5766533728484519,0.5652095731722454,84.16394583575592,"{'brokerage_entry': 20.0, 'brokerage_exit': 20.0, 'exchange_entry': np.float64(1.4555298827348877), 'exchange_exit': np.float64(1.4664229140878173), 'sebi_entry': np.float64(0.04900774015942382), 'sebi_exit': np.float64(0.0493745088918457), 'ipft_entry': np.float64(0.04900774015942382), 'ipft_exit': np.float64(0.0493745088918457), 'stamp_buy': np.float64(1.4702322047827148), 'stt_sell': np.float64(12.343627222961427), 'dp_sell': 16.5, 'gst': np.float64(10.731369113086544), 'fees_total': np.float64(84.16394583575592)}",Time,10,1413_rsi_enabled=False_rsi_buy_below=40_rsi_sell_above=70_macd_enabled=True_macd_fast=12_macd_slow=26_macd_signal=9_adx_enabled=False_adx_length=14_adx_min_adx=20_sma_enabled=False_sma_length=50_bb_enabled=False_bb_length=20_bb_stddev=2.0_combination_mode=all
SRF.NS,2023-06-07,2023-06-09,19,2548.975830078125,2421.5270385742188,2550.250317993164,2420.316275054932,48454.75604187012,45986.0092260437,-2468.7468158264164,-2551.899612079795,-5.094952523738132,-5.266561676370178,-5.10379922415959,83.15279625337861,"{'brokerage_entry': 20.0, 'brokerage_exit': 20.0, 'exchange_entry': np.float64(1.4391062544435425), 'exchange_exit': np.float64(1.365784474013498), 'sebi_entry': np.float64(0.04845475604187011), 'sebi_exit': np.float64(0.0459860092260437), 'ipft_entry': np.float64(0.04845475604187011), 'ipft_exit': np.float64(0.0459860092260437), 'stamp_buy': np.float64(1.4536426812561036), 'stt_sell': np.float64(11.496502306510926), 'dp_sell': 16.5, 'gst': np.float64(10.708879006618714), 'fees_total': np.float64(83.15279625337861)}",HSL,2,1413_rsi_enabled=False_rsi_buy_below=40_rsi_sell_above=70_macd_enabled=True_macd_fast=12_macd_slow=26_macd_signal=9_adx_enabled=False_adx_length=14_adx_min_adx=20_sma_enabled=False_sma_length=50_bb_enabled=False_bb_length=20_bb_stddev=2.0_combination_mode=all
SRF.NS,2023-08-09,2023-08-24,21,2287.0341796875,2297.32763671875,2288.1776967773435,2296.178972900391,48051.73163232421,48219.75843090821,168.02679858399642,84.25917566999436,0.34967896655563074,0.17535096615189108,0.16851835133998874,83.76762291400206,"{'brokerage_entry': 20.0, 'brokerage_exit': 20.0, 'exchange_entry': np.float64(1.427136429480029), 'exchange_exit': np.float64(1.4321268253979738), 'sebi_entry': np.float64(0.04805173163232421), 'sebi_exit': np.float64(0.048219758430908206), 'ipft_entry': np.float64(0.04805173163232421), 'ipft_exit': np.float64(0.048219758430908206), 'stamp_buy': np.float64(1.4415519489697264), 'stt_sell': np.float64(12.054939607727052), 'dp_sell': 16.5, 'gst': np.float64(10.719325122300805), 'fees_total': np.float64(83.76762291400206)}",Time,10,1413_rsi_enabled=False_rsi_buy_below=40_rsi_sell_above=70_macd_enabled=True_macd_fast=12_macd_slow=26_macd_signal=9_adx_enabled=False_adx_length=14_adx_min_adx=20_sma_enabled=False_sma_length=50_bb_enabled=False_bb_length=20_bb_stddev=2.0_combination_mode=all
SRF.NS,2023-11-06,2023-11-21,21,2324.327880859375,2340.587890625,2325.4900447998048,2339.4175966796874,48835.2909407959,49127.769530273436,292.4785894775341,208.39718212676104,0.5989082563921087,0.4267348020500288,0.41679436425352206,84.08140735077306,"{'brokerage_entry': 20.0, 'brokerage_exit': 20.0, 'exchange_entry': np.float64(1.4504081409416383), 'exchange_exit': np.float64(1.4590947550491211), 'sebi_entry': np.float64(0.048835290940795896), 'sebi_exit': np.float64(0.04912776953027343), 'ipft_entry': np.float64(0.048835290940795896), 'ipft_exit': np.float64(0.04912776953027343), 'stamp_buy': np.float64(1.4650587282238772), 'stt_sell': np.float64(12.28194238256836), 'dp_sell': 16.5, 'gst': np.float64(10.72897722304792), 'fees_total': np.float64(84.08140735077306)}",Time,10,1413_rsi_enabled=False_rsi_buy_below=40_rsi_sell_above=70_macd_enabled=True_macd_fast=12_macd_slow=26_macd_signal=9_adx_enabled=False_adx_length=14_adx_min_adx=20_sma_enabled=False_sma_length=50_bb_enabled=False_bb_length=20_bb_stddev=2.0_combination_mode=all
SRF.NS,2024-02-21,2024-03-06,20,2389.504638671875,2402.204345703125,2390.6993909912107,2401.0032435302737,47813.987819824215,48020.06487060548,206.0770507812631,122.3828463540788,0.43099741347200754,0.25595615830089263,0.2447656927081576,83.6942044271843,"{'brokerage_entry': 20.0, 'brokerage_exit': 20.0, 'exchange_entry': np.float64(1.4200754382487792), 'exchange_exit': np.float64(1.4261959266569828), 'sebi_entry': np.float64(0.04781398781982421), 'sebi_exit': np.float64(0.04802006487060548), 'ipft_entry': np.float64(0.04781398781982421), 'ipft_exit': np.float64(0.04802006487060548), 'stamp_buy': np.float64(1.4344196345947264), 'stt_sell': np.float64(12.00501621765137), 'dp_sell': 16.5, 'gst': np.float64(10.716829104651591), 'fees_total': np.float64(83.6942044271843)}",Time,10,1413_rsi_enabled=False_rsi_buy_below=40_rsi_sell_above=70_macd_enabled=True_macd_fast=12_macd_slow=26_macd_signal=9_adx_enabled=False_adx_length=14_adx_min_adx=20_sma_enabled=False_sma_length=50_bb_enabled=False_bb_length=20_bb_stddev=2.0_combination_mode=all
SRF.NS,2024-06-13,2024-06-28,20,2390.45068359375,2426.45849609375,2391.6459089355467,2425.245266845703,47832.918178710934,48504.90533691406,671.9871582031265,588.1523316971111,1.4048633948957117,1.2295974280717852,1.1763046633942222,83.83482650601532,"{'brokerage_entry': 20.0, 'brokerage_exit': 20.0, 'exchange_entry': np.float64(1.4206376699077148), 'exchange_exit': np.float64(1.4405956885063476), 'sebi_entry': np.float64(0.04783291817871093), 'sebi_exit': np.float64(0.04850490533691406), 'ipft_entry': np.float64(0.04783291817871093), 'ipft_exit': np.float64(0.04850490533691406), 'stamp_buy': np.float64(1.434987545361328), 'stt_sell': np.float64(12.126226334228516), 'dp_sell': 16.5, 'gst': np.float64(10.719703620980155), 'fees_total': np.float64(83.83482650601532)}",Time,10,1413_rsi_enabled=False_rsi_buy_below=40_rsi_sell_above=70_macd_enabled=True_macd_fast=12_macd_slow=26_macd_signal=9_adx_enabled=False_adx_length=14_adx_min_adx=20_sma_enabled=False_sma_length=50_bb_enabled=False_bb_length=20_bb_stddev=2.0_combination_mode=all
SRF.NS,2024-07-26,2024-08-09,20,2446.479248046875,2547.188232421875,2447.7024876708983,2545.914638305664,48954.04975341797,50918.292766113285,1964.2430126953186,1879.638993166902,4.012421898881155,3.839598567707191,3.759277986333804,84.60401952841644,"{'brokerage_entry': 20.0, 'brokerage_exit': 20.0, 'exchange_entry': np.float64(1.4539352776765135), 'exchange_exit': np.float64(1.5122732951535647), 'sebi_entry': np.float64(0.048954049753417966), 'sebi_exit': np.float64(0.05091829276611328), 'ipft_entry': np.float64(0.048954049753417966), 'ipft_exit': np.float64(0.05091829276611328), 'stamp_buy': np.float64(1.468621492602539), 'stt_sell': np.float64(12.729573191528322), 'dp_sell': 16.5, 'gst': np.float64(10.739871586416445), 'fees_total': np.float64(84.60401952841644)}",Time,10,1413_rsi_enabled=False_rsi_buy_below=40_rsi_sell_above=70_macd_enabled=True_macd_fast=12_macd_slow=26_macd_signal=9_adx_enabled=False_adx_length=14_adx_min_adx=20_sma_enabled=False_sma_length=50_bb_enabled=False_bb_length=20_bb_stddev=2.0_combination_mode=all
SRF.NS,2024-12-10,2024-12-18,21,2337.669677734375,2266.30078125,2338.838512573242,2265.167630859375,49115.60876403809,47568.52024804688,-1547.0885159912068,-1630.7406808459657,-3.149891765413622,-3.320208629970146,-3.2614813616919314,83.65216485475892,"{'brokerage_entry': 20.0, 'brokerage_exit': 20.0, 'exchange_entry': np.float64(1.4587335802919312), 'exchange_exit': np.float64(1.4127850513669924), 'sebi_entry': np.float64(0.04911560876403808), 'sebi_exit': np.float64(0.04756852024804688), 'ipft_entry': np.float64(0.04911560876403808), 'ipft_exit': np.float64(0.04756852024804688), 'stamp_buy': np.float64(1.4734682629211426), 'stt_sell': np.float64(11.89213006201172), 'dp_sell': 16.5, 'gst': np.float64(10.721679640142959), 'fees_total': np.float64(83.65216485475892)}",MACD_cross_down,6,1413_rsi_enabled=False_rsi_buy_below=40_rsi_sell_above=70_macd_enabled=True_macd_fast=12_macd_slow=26_macd_signal=9_adx_enabled=False_adx_length=14_adx_min_adx=20_sma_enabled=False_sma_length=50_bb_enabled=False_bb_length=20_bb_stddev=2.0_combination_mode=all
TVSMOTOR.NS,2015-01-08,2015-01-22,180,277.10321044921875,281.21954345703125,277.24176205444337,281.07893368530273,49903.51716979981,50594.20806335449,690.6908935546817,606.1160181136777,1.3840525332203804,1.2145757503450716,1.2122320362273553,84.57487544100398,"{'brokerage_entry': 20.0, 'brokerage_exit': 20.0, 'exchange_entry': np.float64(1.4821344599430544), 'exchange_exit': np.float64(1.5026479794816283), 'sebi_entry': np.float64(0.04990351716979981), 'sebi_exit': np.float64(0.05059420806335449), 'ipft_entry': np.float64(0.04990351716979981), 'ipft_exit': np.float64(0.05059420806335449), 'stamp_buy': np.float64(1.4971055150939943), 'stt_sell': np.float64(12.648552015838623), 'dp_sell': 16.5, 'gst': np.float64(10.743440020180378), 'fees_total': np.float64(84.57487544100398)}",Time,10,1413_rsi_enabled=False_rsi_buy_below=40_rsi_sell_above=70_macd_enabled=True_macd_fast=12_macd_slow=26_macd_signal=9_adx_enabled=False_adx_length=14_adx_min_adx=20_sma_enabled=False_sma_length=50_bb_enabled=False_bb_length=20_bb_stddev=2.0_combination_mode=all
TVSMOTOR.NS,2015-06-22,2015-07-06,216,230.9019317626953,249.4645538330078,231.01738272857665,249.33982155609132,49899.75466937256,53857.401456115724,3957.646786743164,3872.1343035570235,7.931194878543733,7.759826334243803,7.744268607114046,85.51248318614012,"{'brokerage_entry': 20.0, 'brokerage_exit': 20.0, 'exchange_entry': np.float64(1.482022713680365), 'exchange_exit': np.float64(1.599564823246637), 'sebi_entry': np.float64(0.049899754669372555), 'sebi_exit': np.float64(0.05385740145611572), 'ipft_entry': np.float64(0.049899754669372555), 'ipft_exit': np.float64(0.05385740145611572), 'stamp_buy': np.float64(1.4969926400811768), 'stt_sell': np.float64(13.464350364028931), 'dp_sell': 16.5, 'gst': np.float64(10.762038332852036), 'fees_total': np.float64(85.51248318614012)}",Time,10,1413_rsi_enabled=False_rsi_buy_below=40_rsi_sell_above=70_macd_enabled=True_macd_fast=12_macd_slow=26_macd_signal=9_adx_enabled=False_adx_length=14_adx_min_adx=20_sma_enabled=False_sma_length=50_bb_enabled=False_bb_length=20_bb_stddev=2.0_combination_mode=all
TVSMOTOR.NS,2015-10-07,2015-10-21,219,227.46267700195312,238.6285400390625,227.5764083404541,238.50922576904298,49839.23342655945,52233.52044342041,2394.287016860966,2309.2453263160537,4.804020552180172,4.6333885325881665,4.618490652632108,85.04169054491237,"{'brokerage_entry': 20.0, 'brokerage_exit': 20.0, 'exchange_entry': np.float64(1.4802252327688157), 'exchange_exit': np.float64(1.5513355571695864), 'sebi_entry': np.float64(0.049839233426559444), 'sebi_exit': np.float64(0.05223352044342041), 'ipft_entry': np.float64(0.049839233426559444), 'ipft_exit': np.float64(0.05223352044342041), 'stamp_buy': np.float64(1.4951770027967834), 'stt_sell': np.float64(13.058380110855104), 'dp_sell': 16.5, 'gst': np.float64(10.752427133582106), 'fees_total': np.float64(85.04169054491237)}",Time,10,1413_rsi_enabled=False_rsi_buy_below=40_rsi_sell_above=70_macd_enabled=True_macd_fast=12_macd_slow=26_macd_signal=9_adx_enabled=False_adx_length=14_adx_min_adx=20_sma_enabled=False_sma_length=50_bb_enabled=False_bb_length=20_bb_stddev=2.0_combination_mode=all
TVSMOTOR.NS,2016-03-21,2016-04-06,172,290.2102355957031,300.0961608886719,290.35534071350094,299.94611280822755,49941.11860272216,51590.73140301514,1649.6128002929763,1564.7489835028261,3.303115441637425,3.133187696395602,3.1294979670056526,84.86381679015007,"{'brokerage_entry': 20.0, 'brokerage_exit': 20.0, 'exchange_entry': np.float64(1.4832512225008483), 'exchange_exit': np.float64(1.5322447226695497), 'sebi_entry': np.float64(0.04994111860272216), 'sebi_exit': np.float64(0.051590731403015136), 'ipft_entry': np.float64(0.04994111860272216), 'ipft_exit': np.float64(0.051590731403015136), 'stamp_buy': np.float64(1.498233558081665), 'stt_sell': np.float64(12.897682850753785), 'dp_sell': 16.5, 'gst': np.float64(10.749340736132739), 'fees_total': np.float64(84.86381679015007)}",Time,10,1413_rsi_enabled=False_rsi_buy_below=40_rsi_sell_above=70_macd_enabled=True_macd_fast=12_macd_slow=26_macd_signal=9_adx_enabled=False_adx_length=14_adx_min_adx=20_sma_enabled=False_sma_length=50_bb_enabled=False_bb_length=20_bb_stddev=2.0_combination_mode=all
TVSMOTOR.NS,2016-06-30,2016-07-08,169,294.2026062011719,279.49247589111326,294.34970750427243,279.3527296531677,49745.10056822204,47210.61131138534,-2534.4892568366995,-2618.080988040161,-5.0949525237381295,-5.262992652813396,-5.236161976080322,83.59173120346159,"{'brokerage_entry': 20.0, 'brokerage_exit': 20.0, 'exchange_entry': np.float64(1.4774294868761946), 'exchange_exit': np.float64(1.4021551559481447), 'sebi_entry': np.float64(0.04974510056822204), 'sebi_exit': np.float64(0.04721061131138534), 'ipft_entry': np.float64(0.04974510056822204), 'ipft_exit': np.float64(0.04721061131138534), 'stamp_buy': np.float64(1.4923530170466612), 'stt_sell': np.float64(11.802652827846336), 'dp_sell': 16.5, 'gst': np.float64(10.72322929198504), 'fees_total': np.float64(83.59173120346159)}",HSL,5,1413_rsi_enabled=False_rsi_buy_below=40_rsi_sell_above=70_macd_enabled=True_macd_fast=12_macd_slow=26_macd_signal=9_adx_enabled=False_adx_length=14_adx_min_adx=20_sma_enabled=False_sma_length=50_bb_enabled=False_bb_length=20_bb_stddev=2.0_combination_mode=all
TVSMOTOR.NS,2016-08-30,2016-09-15,161,309.9345703125,306.2748718261719,310.08953759765626,306.1217343902588,49924.41555322266,49285.599236831666,-638.8163163909921,-723.0164984800335,-1.2795669399674245,-1.4482222585244913,-1.4460329969600672,84.20018208904136,"{'brokerage_entry': 20.0, 'brokerage_exit': 20.0, 'exchange_entry': np.float64(1.482755141930713), 'exchange_exit': np.float64(1.4637822973339005), 'sebi_entry': np.float64(0.049924415553222655), 'sebi_exit': np.float64(0.049285599236831665), 'ipft_entry': np.float64(0.049924415553222655), 'ipft_exit': np.float64(0.049285599236831665), 'stamp_buy': np.float64(1.4977324665966798), 'stt_sell': np.float64(12.321399809207916), 'dp_sell': 16.5, 'gst': np.float64(10.736092344392048), 'fees_total': np.float64(84.20018208904136)}",Time,10,1413_rsi_enabled=False_rsi_buy_below=40_rsi_sell_above=70_macd_enabled=True_macd_fast=12_macd_slow=26_macd_signal=9_adx_enabled=False_adx_length=14_adx_min_adx=20_sma_enabled=False_sma_length=50_bb_enabled=False_bb_length=20_bb_stddev=2.0_combination_mode=all
TVSMOTOR.NS,2017-01-05,2017-01-19,136,366.92523193359375,371.8359069824219,367.10869454956054,371.6499890289307,49926.782458740236,50544.39850793457,617.6160491943374,533.0539210983521,1.2370435641526443,1.0676712875276326,1.0661078421967043,84.56212809598529,"{'brokerage_entry': 20.0, 'brokerage_exit': 20.0, 'exchange_entry': np.float64(1.482825439024585), 'exchange_exit': np.float64(1.5011686356856568), 'sebi_entry': np.float64(0.049926782458740236), 'sebi_exit': np.float64(0.050544398507934574), 'ipft_entry': np.float64(0.049926782458740236), 'ipft_exit': np.float64(0.050544398507934574), 'stamp_buy': np.float64(1.497803473762207), 'stt_sell': np.float64(12.636099626983643), 'dp_sell': 16.5, 'gst': np.float64(10.743288558595847), 'fees_total': np.float64(84.56212809598529)}",Time,10,1413_rsi_enabled=False_rsi_buy_below=40_rsi_sell_above=70_macd_enabled=True_macd_fast=12_macd_slow=26_macd_signal=9_adx_enabled=False_adx_length=14_adx_min_adx=20_sma_enabled=False_sma_length=50_bb_enabled=False_bb_length=20_bb_stddev=2.0_combination_mode=all
TVSMOTOR.NS,2017-08-28,2017-09-11,86,578.2620849609375,611.0651245117188,578.551216003418,610.7595919494629,49755.40457629394,52525.32490765381,2769.92033135987,2684.8004250285912,5.567074280568917,5.395997576327154,5.369600850057182,85.11990633127883,"{'brokerage_entry': 20.0, 'brokerage_exit': 20.0, 'exchange_entry': np.float64(1.47773551591593), 'exchange_exit': np.float64(1.5600021497573182), 'sebi_entry': np.float64(0.04975540457629394), 'sebi_exit': np.float64(0.05252532490765381), 'ipft_entry': np.float64(0.04975540457629394), 'ipft_exit': np.float64(0.05252532490765381), 'stamp_buy': np.float64(1.4926621372888182), 'stt_sell': np.float64(13.131331226913453), 'dp_sell': 16.5, 'gst': np.float64(10.753613842435406), 'fees_total': np.float64(85.11990633127883)}",Time,10,1413_rsi_enabled=False_rsi_buy_below=40_rsi_sell_above=70_macd_enabled=True_macd_fast=12_macd_slow=26_macd_signal=9_adx_enabled=False_adx_length=14_adx_min_adx=20_sma_enabled=False_sma_length=50_bb_enabled=False_bb_length=20_bb_stddev=2.0_combination_mode=all
TVSMOTOR.NS,2018-04-04,2018-04-18,80,620.8173217773438,647.243408203125,621.1277304382323,646.9197864990234,49690.21843505859,51753.58291992187,2063.364484863283,1978.4707757467663,4.152456056436835,3.9816101398960044,3.9569415514935327,84.89370911651663,"{'brokerage_entry': 20.0, 'brokerage_exit': 20.0, 'exchange_entry': np.float64(1.4757994875212401), 'exchange_exit': np.float64(1.5370814127216796), 'sebi_entry': np.float64(0.04969021843505859), 'sebi_exit': np.float64(0.05175358291992187), 'ipft_entry': np.float64(0.04969021843505859), 'ipft_exit': np.float64(0.05175358291992187), 'stamp_buy': np.float64(1.4907065530517576), 'stt_sell': np.float64(12.938395729980469), 'dp_sell': 16.5, 'gst': np.float64(10.748838330531518), 'fees_total': np.float64(84.89370911651663)}",Time,10,1413_rsi_enabled=False_rsi_buy_below=40_rsi_sell_above=70_macd_enabled=True_macd_fast=12_macd_slow=26_macd_signal=9_adx_enabled=False_adx_length=14_adx_min_adx=20_sma_enabled=False_sma_length=50_bb_enabled=False_bb_length=20_bb_stddev=2.0_combination_mode=all
TVSMOTOR.NS,2018-08-28,2018-09-11,91,547.2572021484375,551.6295166015625,547.5308307495117,551.3537018432618,49825.30559820556,50173.18686773682,347.881269531259,263.4326700371976,0.6982019786021901,0.5287126027114324,0.5268653400743952,84.44859949406141,"{'brokerage_entry': 20.0, 'brokerage_exit': 20.0, 'exchange_entry': np.float64(1.4798115762667052), 'exchange_exit': np.float64(1.4901436499717835), 'sebi_entry': np.float64(0.049825305598205555), 'sebi_exit': np.float64(0.050173186867736815), 'ipft_entry': np.float64(0.049825305598205555), 'ipft_exit': np.float64(0.050173186867736815), 'stamp_buy': np.float64(1.494759167946167), 'stt_sell': np.float64(12.543296716934204), 'dp_sell': 16.5, 'gst': np.float64(10.740591398010666), 'fees_total': np.float64(84.44859949406141)}",Time,10,1413_rsi_enabled=False_rsi_buy_below=40_rsi_sell_above=70_macd_enabled=True_macd_fast=12_macd_slow=26_macd_signal=9_adx_enabled=False_adx_length=14_adx_min_adx=20_sma_enabled=False_sma_length=50_bb_enabled=False_bb_length=20_bb_stddev=2.0_combination_mode=all
TVSMOTOR.NS,2018-12-17,2018-12-26,90,554.7410278320312,539.01806640625,555.0183983459473,538.7485573730469,49951.655851135256,48487.37016357422,-1464.2856875610378,-1548.2582899845715,-2.931405701394299,-3.0995134467587104,-3.096516579969143,83.97260242353384,"{'brokerage_entry': 20.0, 'brokerage_exit': 20.0, 'exchange_entry': np.float64(1.483564178778717), 'exchange_exit': np.float64(1.4400748938581542), 'sebi_entry': np.float64(0.04995165585113526), 'sebi_exit': np.float64(0.04848737016357422), 'ipft_entry': np.float64(0.04995165585113526), 'ipft_exit': np.float64(0.04848737016357422), 'stamp_buy': np.float64(1.4985496755340577), 'stt_sell': np.float64(12.121842540893555), 'dp_sell': 16.5, 'gst': np.float64(10.731693082439934), 'fees_total': np.float64(83.97260242353384)}",MACD_cross_down,6,1413_rsi_enabled=False_rsi_buy_below=40_rsi_sell_above=70_macd_enabled=True_macd_fast=12_macd_slow=26_macd_signal=9_adx_enabled=False_adx_length=14_adx_min_adx=20_sma_enabled=False_sma_length=50_bb_enabled=False_bb_length=20_bb_stddev=2.0_combination_mode=all
TVSMOTOR.NS,2019-03-11,2019-03-19,102,487.94268798828125,463.54555358886716,488.1866593322754,463.31378081207276,49795.03925189209,47258.00564283142,-2537.0336090606725,-2620.642327846269,-5.0949525237381375,-5.262858242945739,-5.241284655692538,83.60871878559665,"{'brokerage_entry': 20.0, 'brokerage_exit': 20.0, 'exchange_entry': np.float64(1.478912665781195), 'exchange_exit': np.float64(1.4035627675920932), 'sebi_entry': np.float64(0.04979503925189209), 'sebi_exit': np.float64(0.04725800564283142), 'ipft_entry': np.float64(0.04979503925189209), 'ipft_exit': np.float64(0.04725800564283142), 'stamp_buy': np.float64(1.4938511775567629), 'stt_sell': np.float64(11.814501410707855), 'dp_sell': 16.5, 'gst': np.float64(10.723784674169291), 'fees_total': np.float64(83.60871878559665)}",HSL,6,1413_rsi_enabled=False_rsi_buy_below=40_rsi_sell_above=70_macd_enabled=True_macd_fast=12_macd_slow=26_macd_signal=9_adx_enabled=False_adx_length=14_adx_min_adx=20_sma_enabled=False_sma_length=50_bb_enabled=False_bb_length=20_bb_stddev=2.0_combination_mode=all
TVSMOTOR.NS,2019-04-04,2019-04-22,105,472.1127624511719,496.5382080078125,472.34881883239746,496.2899389038086,49596.62597740173,52110.443584899906,2513.8176074981748,2428.8276431785803,5.068525444943722,4.897163053561858,4.8576552863571605,84.98996431959449,"{'brokerage_entry': 20.0, 'brokerage_exit': 20.0, 'exchange_entry': np.float64(1.4730197915288314), 'exchange_exit': np.float64(1.5476801744715272), 'sebi_entry': np.float64(0.04959662597740173), 'sebi_exit': np.float64(0.052110443584899906), 'ipft_entry': np.float64(0.04959662597740173), 'ipft_exit': np.float64(0.052110443584899906), 'stamp_buy': np.float64(1.487898779322052), 'stt_sell': np.float64(13.027610896224976), 'dp_sell': 16.5, 'gst': np.float64(10.750340538922494), 'fees_total': np.float64(84.98996431959449)}",Time,10,1413_rsi_enabled=False_rsi_buy_below=40_rsi_sell_above=70_macd_enabled=True_macd_fast=12_macd_slow=26_macd_signal=9_adx_enabled=False_adx_length=14_adx_min_adx=20_sma_enabled=False_sma_length=50_bb_enabled=False_bb_length=20_bb_stddev=2.0_combination_mode=all
TVSMOTOR.NS,2019-09-11,2019-09-13,128,389.7917175292969,370.30213165283203,389.9866133880615,370.1169805870056,49918.286513671876,47374.97351513672,-2543.312998535155,-2626.963642193987,-5.0949525237381295,-5.262527674050873,-5.2539272843879745,83.65064365883197,"{'brokerage_entry': 20.0, 'brokerage_exit': 20.0, 'exchange_entry': np.float64(1.4825731094560548), 'exchange_exit': np.float64(1.4070367133995607), 'sebi_entry': np.float64(0.049918286513671875), 'sebi_exit': np.float64(0.04737497351513672), 'ipft_entry': np.float64(0.049918286513671875), 'ipft_exit': np.float64(0.04737497351513672), 'stamp_buy': np.float64(1.4975485954101564), 'stt_sell': np.float64(11.84374337878418), 'dp_sell': 16.5, 'gst': np.float64(10.725155341724383), 'fees_total': np.float64(83.65064365883197)}",HSL,2,1413_rsi_enabled=False_rsi_buy_below=40_rsi_sell_above=70_macd_enabled=True_macd_fast=12_macd_slow=26_macd_signal=9_adx_enabled=False_adx_length=14_adx_min_adx=20_sma_enabled=False_sma_length=50_bb_enabled=False_bb_length=20_bb_stddev=2.0_combination_mode=all
TVSMOTOR.NS,2019-12-20,2020-01-03,112,446.0428161621094,437.8204040527344,446.2658375701904,437.60149385070804,49981.773807861326,49011.367311279304,-970.4064965820216,-1054.53172906078,-1.9415207237590923,-2.1098325423875197,-2.10906345812156,84.12523247875825,"{'brokerage_entry': 20.0, 'brokerage_exit': 20.0, 'exchange_entry': np.float64(1.4844586820934813), 'exchange_exit': np.float64(1.4556376091449954), 'sebi_entry': np.float64(0.04998177380786133), 'sebi_exit': np.float64(0.0490113673112793), 'ipft_entry': np.float64(0.04998177380786133), 'ipft_exit': np.float64(0.0490113673112793), 'stamp_buy': np.float64(1.4994532142358399), 'stt_sell': np.float64(12.252841827819827), 'dp_sell': 16.5, 'gst': np.float64(10.734854863225817), 'fees_total': np.float64(84.12523247875825)}",MACD_cross_down,9,1413_rsi_enabled=False_rsi_buy_below=40_rsi_sell_above=70_macd_enabled=True_macd_fast=12_macd_slow=26_macd_signal=9_adx_enabled=False_adx_length=14_adx_min_adx=20_sma_enabled=False_sma_length=50_bb_enabled=False_bb_length=20_bb_stddev=2.0_combination_mode=all
TVSMOTOR.NS,2020-06-01,2020-06-11,145,343.3428955078125,326.1757507324219,343.5145669555664,326.01266285705566,49809.612208557126,47271.83611427307,-2537.776094284054,-2621.389770334843,-5.094952523738124,-5.262819070662222,-5.242779540669686,83.61367605078877,"{'brokerage_entry': 20.0, 'brokerage_exit': 20.0, 'exchange_entry': np.float64(1.4793454825941466), 'exchange_exit': np.float64(1.4039735325939102), 'sebi_entry': np.float64(0.049809612208557126), 'sebi_exit': np.float64(0.04727183611427307), 'ipft_entry': np.float64(0.049809612208557126), 'ipft_exit': np.float64(0.04727183611427307), 'stamp_buy': np.float64(1.494288366256714), 'stt_sell': np.float64(11.817959028568268), 'dp_sell': 16.5, 'gst': np.float64(10.723946744130068), 'fees_total': np.float64(83.61367605078877)}",HSL,8,1413_rsi_enabled=False_rsi_buy_below=40_rsi_sell_above=70_macd_enabled=True_macd_fast=12_macd_slow=26_macd_signal=9_adx_enabled=False_adx_length=14_adx_min_adx=20_sma_enabled=False_sma_length=50_bb_enabled=False_bb_length=20_bb_stddev=2.0_combination_mode=all
TVSMOTOR.NS,2020-11-04,2020-11-18,108,459.36749267578125,467.75592041015625,459.5971764221191,467.5220424499512,49636.495053588864,50492.38058459473,855.8855310058643,771.3579202859861,1.7243069440777956,1.5540136737156962,1.542715840571972,84.52761071987825,"{'brokerage_entry': 20.0, 'brokerage_exit': 20.0, 'exchange_entry': np.float64(1.4742039030915892), 'exchange_exit': np.float64(1.4996237033624635), 'sebi_entry': np.float64(0.04963649505358886), 'sebi_exit': np.float64(0.05049238058459472), 'ipft_entry': np.float64(0.04963649505358886), 'ipft_exit': np.float64(0.05049238058459472), 'stamp_buy': np.float64(1.4890948516076659), 'stt_sell': np.float64(12.623095146148682), 'dp_sell': 16.5, 'gst': np.float64(10.741335364391476), 'fees_total': np.float64(84.52761071987825)}",Time,10,1413_rsi_enabled=False_rsi_buy_below=40_rsi_sell_above=70_macd_enabled=True_macd_fast=12_macd_slow=26_macd_signal=9_adx_enabled=False_adx_length=14_adx_min_adx=20_sma_enabled=False_sma_length=50_bb_enabled=False_bb_length=20_bb_stddev=2.0_combination_mode=all
TVSMOTOR.NS,2021-01-08,2021-01-22,99,500.7247009277344,509.1131896972656,500.9750632781982,508.858633102417,49596.53126454162,50377.00467713928,780.4734125976611,695.9816554050055,1.5736451576315182,1.403286959107538,1.3919633108100111,84.49175719265558,"{'brokerage_entry': 20.0, 'brokerage_exit': 20.0, 'exchange_entry': np.float64(1.473016978556886), 'exchange_exit': np.float64(1.4961970389110366), 'sebi_entry': np.float64(0.04959653126454162), 'sebi_exit': np.float64(0.05037700467713928), 'ipft_entry': np.float64(0.04959653126454162), 'ipft_exit': np.float64(0.05037700467713928), 'stamp_buy': np.float64(1.4878959379362486), 'stt_sell': np.float64(12.59425116928482), 'dp_sell': 16.5, 'gst': np.float64(10.740448996083229), 'fees_total': np.float64(84.49175719265558)}",Time,10,1413_rsi_enabled=False_rsi_buy_below=40_rsi_sell_above=70_macd_enabled=True_macd_fast=12_macd_slow=26_macd_signal=9_adx_enabled=False_adx_length=14_adx_min_adx=20_sma_enabled=False_sma_length=50_bb_enabled=False_bb_length=20_bb_stddev=2.0_combination_mode=all
TVSMOTOR.NS,2021-04-28,2021-05-04,78,633.529541015625,601.8530639648437,633.8463057861328,601.5521374328613,49440.011851318355,46921.06671976318,-2518.945131555178,-2602.433081095688,-5.094952523738136,-5.263819695112577,-5.204866162191376,83.4879495405102,"{'brokerage_entry': 20.0, 'brokerage_exit': 20.0, 'exchange_entry': np.float64(1.468368351984155), 'exchange_exit': np.float64(1.3935556815769663), 'sebi_entry': np.float64(0.049440011851318355), 'sebi_exit': np.float64(0.04692106671976318), 'ipft_entry': np.float64(0.049440011851318355), 'ipft_exit': np.float64(0.04692106671976318), 'stamp_buy': np.float64(1.4832003555395508), 'stt_sell': np.float64(11.730266679940794), 'dp_sell': 16.5, 'gst': np.float64(10.719836314326589), 'fees_total': np.float64(83.4879495405102)}",HSL,4,1413_rsi_enabled=False_rsi_buy_below=40_rsi_sell_above=70_macd_enabled=True_macd_fast=12_macd_slow=26_macd_signal=9_adx_enabled=False_adx_length=14_adx_min_adx=20_sma_enabled=False_sma_length=50_bb_enabled=False_bb_length=20_bb_stddev=2.0_combination_mode=all
TVSMOTOR.NS,2021-09-07,2021-09-21,91,543.277587890625,516.1137084960938,543.5492266845703,515.8556516418457,49462.97962829589,46942.864299407964,-2520.1153288879286,-2603.611091349589,-5.09495252373811,-5.263757078354741,-5.207222182699178,83.49576246166056,"{'brokerage_entry': 20.0, 'brokerage_exit': 20.0, 'exchange_entry': np.float64(1.469050494960388), 'exchange_exit': np.float64(1.3942030696924166), 'sebi_entry': np.float64(0.04946297962829589), 'sebi_exit': np.float64(0.046942864299407965), 'ipft_entry': np.float64(0.04946297962829589), 'ipft_exit': np.float64(0.046942864299407965), 'stamp_buy': np.float64(1.483889388848877), 'stt_sell': np.float64(11.735716074851991), 'dp_sell': 16.5, 'gst': np.float64(10.720091745451478), 'fees_total': np.float64(83.49576246166056)}",HSL,9,1413_rsi_enabled=False_rsi_buy_below=40_rsi_sell_above=70_macd_enabled=True_macd_fast=12_macd_slow=26_macd_signal=9_adx_enabled=False_adx_length=14_adx_min_adx=20_sma_enabled=False_sma_length=50_bb_enabled=False_bb_length=20_bb_stddev=2.0_combination_mode=all
TVSMOTOR.NS,2022-02-10,2022-02-15,76,655.7492065429688,622.9617462158203,656.0770811462402,622.6502653427125,49861.85816711425,47321.42016604615,-2540.438001068105,-2624.0694495639605,-5.094952523738111,-5.262678821092616,-5.2481388991279205,83.63144849585515,"{'brokerage_entry': 20.0, 'brokerage_exit': 20.0, 'exchange_entry': np.float64(1.4808971875632932), 'exchange_exit': np.float64(1.4054461789315706), 'sebi_entry': np.float64(0.04986185816711425), 'sebi_exit': np.float64(0.047321420166046145), 'ipft_entry': np.float64(0.04986185816711425), 'ipft_exit': np.float64(0.047321420166046145), 'stamp_buy': np.float64(1.4958557450134276), 'stt_sell': np.float64(11.830355041511536), 'dp_sell': 16.5, 'gst': np.float64(10.724527786169013), 'fees_total': np.float64(83.63144849585515)}",HSL,3,1413_rsi_enabled=False_rsi_buy_below=40_rsi_sell_above=70_macd_enabled=True_macd_fast=12_macd_slow=26_macd_signal=9_adx_enabled=False_adx_length=14_adx_min_adx=20_sma_enabled=False_sma_length=50_bb_enabled=False_bb_length=20_bb_stddev=2.0_combination_mode=all
TVSMOTOR.NS,2022-03-23,2022-04-06,83,599.5379638671875,639.5279541015625,599.837732849121,639.2081901245117,49786.53182647705,53054.27978033447,3267.747953857426,3182.473924558584,6.563517951494665,6.392238639258073,6.3649478491171685,85.27402929884232,"{'brokerage_entry': 20.0, 'brokerage_exit': 20.0, 'exchange_entry': np.float64(1.4786599952463684), 'exchange_exit': np.float64(1.5757121094759339), 'sebi_entry': np.float64(0.04978653182647704), 'sebi_exit': np.float64(0.05305427978033447), 'ipft_entry': np.float64(0.04978653182647704), 'ipft_exit': np.float64(0.05305427978033447), 'stamp_buy': np.float64(1.4935959547943114), 'stt_sell': np.float64(13.263569945083619), 'dp_sell': 16.5, 'gst': np.float64(10.756809671028467), 'fees_total': np.float64(85.27402929884232)}",Time,10,1413_rsi_enabled=False_rsi_buy_below=40_rsi_sell_above=70_macd_enabled=True_macd_fast=12_macd_slow=26_macd_signal=9_adx_enabled=False_adx_length=14_adx_min_adx=20_sma_enabled=False_sma_length=50_bb_enabled=False_bb_length=20_bb_stddev=2.0_combination_mode=all
TVSMOTOR.NS,2022-05-17,2022-05-31,74,667.4129028320312,727.0324096679688,667.7466092834472,726.6688934631349,49413.2490869751,53773.49811627198,4360.24902929688,4274.7934538293175,8.824048428028188,8.651107815851185,8.549586907658636,85.4555754675619,"{'brokerage_entry': 20.0, 'brokerage_exit': 20.0, 'exchange_entry': np.float64(1.4675734978831605), 'exchange_exit': np.float64(1.5970728940532777), 'sebi_entry': np.float64(0.04941324908697509), 'sebi_exit': np.float64(0.053773498116271974), 'ipft_entry': np.float64(0.04941324908697509), 'ipft_exit': np.float64(0.053773498116271974), 'stamp_buy': np.float64(1.482397472609253), 'stt_sell': np.float64(13.443374529067995), 'dp_sell': 16.5, 'gst': np.float64(10.758783579541726), 'fees_total': np.float64(85.4555754675619)}",Time,10,1413_rsi_enabled=False_rsi_buy_below=40_rsi_sell_above=70_macd_enabled=True_macd_fast=12_macd_slow=26_macd_signal=9_adx_enabled=False_adx_length=14_adx_min_adx=20_sma_enabled=False_sma_length=50_bb_enabled=False_bb_length=20_bb_stddev=2.0_combination_mode=all
TVSMOTOR.NS,2022-12-29,2023-01-03,45,1086.7730712890625,1032.4344177246094,1087.316457824707,1031.9182005157472,48929.240602111815,46436.31902320863,-2492.9215789031878,-2576.235780000398,-5.09495252373811,-5.26522739428988,-5.152471560000796,83.31420109721026,"{'brokerage_entry': 20.0, 'brokerage_exit': 20.0, 'exchange_entry': np.float64(1.453198445882721), 'exchange_exit': np.float64(1.3791586749892963), 'sebi_entry': np.float64(0.04892924060211181), 'sebi_exit': np.float64(0.046436319023208626), 'ipft_entry': np.float64(0.04892924060211181), 'ipft_exit': np.float64(0.046436319023208626), 'stamp_buy': np.float64(1.4678772180633546), 'stt_sell': np.float64(11.609079755802156), 'dp_sell': 16.5, 'gst': np.float64(10.714155883222078), 'fees_total': np.float64(83.31420109721026)}",HSL,3,1413_rsi_enabled=False_rsi_buy_below=40_rsi_sell_above=70_macd_enabled=True_macd_fast=12_macd_slow=26_macd_signal=9_adx_enabled=False_adx_length=14_adx_min_adx=20_sma_enabled=False_sma_length=50_bb_enabled=False_bb_length=20_bb_stddev=2.0_combination_mode=all
TVSMOTOR.NS,2023-02-06,2023-02-20,47,1048.638427734375,1121.59619140625,1049.162746948242,1121.0353933105469,49310.649106567376,52688.6634855957,3378.0143790283255,3292.8775073969073,6.850476398572552,6.677822269750551,6.585755014793815,85.1368716314184,"{'brokerage_entry': 20.0, 'brokerage_exit': 20.0, 'exchange_entry': np.float64(1.464526278465051), 'exchange_exit': np.float64(1.5648533055221923), 'sebi_entry': np.float64(0.04931064910656737), 'sebi_exit': np.float64(0.0526886634855957), 'ipft_entry': np.float64(0.04931064910656737), 'ipft_exit': np.float64(0.0526886634855957), 'stamp_buy': np.float64(1.4793194731970214), 'stt_sell': np.float64(13.172165871398926), 'dp_sell': 16.5, 'gst': np.float64(10.752008077650881), 'fees_total': np.float64(85.1368716314184)}",Time,10,1413_rsi_enabled=False_rsi_buy_below=40_rsi_sell_above=70_macd_enabled=True_macd_fast=12_macd_slow=26_macd_signal=9_adx_enabled=False_adx_length=14_adx_min_adx=20_sma_enabled=False_sma_length=50_bb_enabled=False_bb_length=20_bb_stddev=2.0_combination_mode=all
TVSMOTOR.NS,2023-04-03,2023-04-20,46,1076.01611328125,1118.8682861328125,1076.5541213378906,1118.3088519897462,49521.48958154297,51442.20719152833,1920.7176099853605,1835.9247654585386,3.878553787891765,3.707329446210361,3.671849530917077,84.79284452682188,"{'brokerage_entry': 20.0, 'brokerage_exit': 20.0, 'exchange_entry': np.float64(1.4707882405718262), 'exchange_exit': np.float64(1.5278335535883913), 'sebi_entry': np.float64(0.04952148958154297), 'sebi_exit': np.float64(0.051442207191528325), 'ipft_entry': np.float64(0.04952148958154297), 'ipft_exit': np.float64(0.051442207191528325), 'stamp_buy': np.float64(1.4856446874462892), 'stt_sell': np.float64(12.860551797882083), 'dp_sell': 16.5, 'gst': np.float64(10.746098853787146), 'fees_total': np.float64(84.79284452682188)}",Time,10,1413_rsi_enabled=False_rsi_buy_below=40_rsi_sell_above=70_macd_enabled=True_macd_fast=12_macd_slow=26_macd_signal=9_adx_enabled=False_adx_length=14_adx_min_adx=20_sma_enabled=False_sma_length=50_bb_enabled=False_bb_length=20_bb_stddev=2.0_combination_mode=all
TVSMOTOR.NS,2024-05-14,2024-05-29,23,2125.984130859375,2244.54248046875,2127.0471229248046,2243.420209228516,48922.08382727051,51598.66481225587,2676.5809849853613,2591.783577143869,5.471109927442138,5.2977783740665965,5.183567154287738,84.7974078414922,"{'brokerage_entry': 20.0, 'brokerage_exit': 20.0, 'exchange_entry': np.float64(1.4529858896699341), 'exchange_exit': np.float64(1.5324803449239994), 'sebi_entry': np.float64(0.04892208382727051), 'sebi_exit': np.float64(0.05159866481225587), 'ipft_entry': np.float64(0.04892208382727051), 'ipft_exit': np.float64(0.05159866481225587), 'stamp_buy': np.float64(1.4676625148181153), 'stt_sell': np.float64(12.899666203063967), 'dp_sell': 16.5, 'gst': np.float64(10.743571391737136), 'fees_total': np.float64(84.7974078414922)}",Time,10,1413_rsi_enabled=False_rsi_buy_below=40_rsi_sell_above=70_macd_enabled=True_macd_fast=12_macd_slow=26_macd_signal=9_adx_enabled=False_adx_length=14_adx_min_adx=20_sma_enabled=False_sma_length=50_bb_enabled=False_bb_length=20_bb_stddev=2.0_combination_mode=all
SBILIFE.NS,2017-11-21,2017-11-27,73,675.865234375,642.07197265625,676.2031669921874,641.7509366699219,49362.831190429686,46847.818376904295,-2515.012813525391,-2598.4745086130456,-5.094952523738131,-5.264030538663329,-5.196949017226092,83.46169508765466,"{'brokerage_entry': 20.0, 'brokerage_exit': 20.0, 'exchange_entry': np.float64(1.4660760863557616), 'exchange_exit': np.float64(1.3913802057940576), 'sebi_entry': np.float64(0.04936283119042968), 'sebi_exit': np.float64(0.04684781837690429), 'ipft_entry': np.float64(0.04936283119042968), 'ipft_exit': np.float64(0.04684781837690429), 'stamp_buy': np.float64(1.4808849357128906), 'stt_sell': np.float64(11.711954594226073), 'dp_sell': 16.5, 'gst': np.float64(10.718977966431208), 'fees_total': np.float64(83.46169508765466)}",HSL,4,1413_rsi_enabled=False_rsi_buy_below=40_rsi_sell_above=70_macd_enabled=True_macd_fast=12_macd_slow=26_macd_signal=9_adx_enabled=False_adx_length=14_adx_min_adx=20_sma_enabled=False_sma_length=50_bb_enabled=False_bb_length=20_bb_stddev=2.0_combination_mode=all
SBILIFE.NS,2017-12-08,2017-12-22,74,674.144775390625,691.0056762695312,674.4818477783202,690.6601734313965,49911.656735595694,51108.852833923345,1197.1960983276513,1112.4727622361452,2.398630253188615,2.2288836616452334,2.2249455244722904,84.72333609150613,"{'brokerage_entry': 20.0, 'brokerage_exit': 20.0, 'exchange_entry': np.float64(1.482376205047192), 'exchange_exit': np.float64(1.5179329291675234), 'sebi_entry': np.float64(0.049911656735595694), 'sebi_exit': np.float64(0.05110885283392334), 'ipft_entry': np.float64(0.049911656735595694), 'ipft_exit': np.float64(0.05110885283392334), 'stamp_buy': np.float64(1.4973497020678708), 'stt_sell': np.float64(12.777213208480836), 'dp_sell': 16.5, 'gst': np.float64(10.746423027603672), 'fees_total': np.float64(84.72333609150613)}",Time,10,1413_rsi_enabled=False_rsi_buy_below=40_rsi_sell_above=70_macd_enabled=True_macd_fast=12_macd_slow=26_macd_signal=9_adx_enabled=False_adx_length=14_adx_min_adx=20_sma_enabled=False_sma_length=50_bb_enabled=False_bb_length=20_bb_stddev=2.0_combination_mode=all
SBILIFE.NS,2018-04-11,2018-04-25,70,708.956787109375,755.3988647460938,709.3112655029297,755.0211653137208,49651.78858520508,52851.48157196045,3199.69298675537,3114.4863253813246,6.444265308317199,6.272656865193691,6.22897265076265,85.20666137404521,"{'brokerage_entry': 20.0, 'brokerage_exit': 20.0, 'exchange_entry': np.float64(1.474658120980591), 'exchange_exit': np.float64(1.5696890026872254), 'sebi_entry': np.float64(0.04965178858520508), 'sebi_exit': np.float64(0.05285148157196045), 'ipft_entry': np.float64(0.04965178858520508), 'ipft_exit': np.float64(0.05285148157196045), 'stamp_buy': np.float64(1.4895536575561525), 'stt_sell': np.float64(13.212870392990114), 'dp_sell': 16.5, 'gst': np.float64(10.75488365951679), 'fees_total': np.float64(85.20666137404521)}",Time,10,1413_rsi_enabled=False_rsi_buy_below=40_rsi_sell_above=70_macd_enabled=True_macd_fast=12_macd_slow=26_macd_signal=9_adx_enabled=False_adx_length=14_adx_min_adx=20_sma_enabled=False_sma_length=50_bb_enabled=False_bb_length=20_bb_stddev=2.0_combination_mode=all
SBILIFE.NS,2018-07-27,2018-08-10,73,684.3553466796875,650.1375793457031,684.6975243530273,649.8125105560302,49982.919277771,47436.31327059021,-2546.606007180788,-2630.2786368894726,-5.094952523738134,-5.26235497024929,-5.260557273778945,83.6726297086847,"{'brokerage_entry': 20.0, 'brokerage_exit': 20.0, 'exchange_entry': np.float64(1.4844927025497987), 'exchange_exit': np.float64(1.4088585041365294), 'sebi_entry': np.float64(0.049982919277770994), 'sebi_exit': np.float64(0.04743631327059021), 'ipft_entry': np.float64(0.049982919277770994), 'ipft_exit': np.float64(0.04743631327059021), 'stamp_buy': np.float64(1.49948757833313), 'stt_sell': np.float64(11.859078317647553), 'dp_sell': 16.5, 'gst': np.float64(10.725874140920949), 'fees_total': np.float64(83.6726297086847)}",HSL,10,1413_rsi_enabled=False_rsi_buy_below=40_rsi_sell_above=70_macd_enabled=True_macd_fast=12_macd_slow=26_macd_signal=9_adx_enabled=False_adx_length=14_adx_min_adx=20_sma_enabled=False_sma_length=50_bb_enabled=False_bb_length=20_bb_stddev=2.0_combination_mode=all
SBILIFE.NS,2018-09-05,2018-09-17,75,660.0497436523438,627.0472564697266,660.3797685241699,626.7337328414917,49528.482639312744,47005.029963111876,-2523.452676200868,-2606.9707207432316,-5.094952523738134,-5.263578817320711,-5.213941441486463,83.51804454236364,"{'brokerage_entry': 20.0, 'brokerage_exit': 20.0, 'exchange_entry': np.float64(1.4709959343875885), 'exchange_exit': np.float64(1.3960493899044226), 'sebi_entry': np.float64(0.04952848263931274), 'sebi_exit': np.float64(0.04700502996311187), 'ipft_entry': np.float64(0.04952848263931274), 'ipft_exit': np.float64(0.04700502996311187), 'stamp_buy': np.float64(1.4858544791793824), 'stt_sell': np.float64(11.75125749077797), 'dp_sell': 16.5, 'gst': np.float64(10.720820222909433), 'fees_total': np.float64(83.51804454236364)}",HSL,7,1413_rsi_enabled=False_rsi_buy_below=40_rsi_sell_above=70_macd_enabled=True_macd_fast=12_macd_slow=26_macd_signal=9_adx_enabled=False_adx_length=14_adx_min_adx=20_sma_enabled=False_sma_length=50_bb_enabled=False_bb_length=20_bb_stddev=2.0_combination_mode=all
SBILIFE.NS,2018-12-21,2018-12-27,84,589.1539916992188,559.6962921142577,589.4485686950683,559.4164439682006,49513.67977038574,46990.98129332885,-2522.698477056889,-2606.211486125082,-5.094952523738139,-5.263619060855711,-5.212422972250164,83.5130090681931,"{'brokerage_entry': 20.0, 'brokerage_exit': 20.0, 'exchange_entry': np.float64(1.4705562891804564), 'exchange_exit': np.float64(1.395632144411867), 'sebi_entry': np.float64(0.04951367977038573), 'sebi_exit': np.float64(0.04699098129332885), 'ipft_entry': np.float64(0.04951367977038573), 'ipft_exit': np.float64(0.04699098129332885), 'stamp_buy': np.float64(1.485410393111572), 'stt_sell': np.float64(11.747745323332213), 'dp_sell': 16.5, 'gst': np.float64(10.720655596029555), 'fees_total': np.float64(83.5130090681931)}",HSL,3,1413_rsi_enabled=False_rsi_buy_below=40_rsi_sell_above=70_macd_enabled=True_macd_fast=12_macd_slow=26_macd_signal=9_adx_enabled=False_adx_length=14_adx_min_adx=20_sma_enabled=False_sma_length=50_bb_enabled=False_bb_length=20_bb_stddev=2.0_combination_mode=all
SBILIFE.NS,2019-03-05,2019-03-19,83,599.2607421875,603.3528442382812,599.5603725585937,603.0511678161621,49763.510922363275,50053.24692874146,289.7360063781816,205.32604367414694,0.5822258136693825,0.4126036123023532,0.41065208734829384,84.40996270403467,"{'brokerage_entry': 20.0, 'brokerage_exit': 20.0, 'exchange_entry': np.float64(1.4779762743941893), 'exchange_exit': np.float64(1.4865814337836212), 'sebi_entry': np.float64(0.04976351092236327), 'sebi_exit': np.float64(0.050053246928741454), 'ipft_entry': np.float64(0.04976351092236327), 'ipft_exit': np.float64(0.050053246928741454), 'stamp_buy': np.float64(1.4929053276708983), 'stt_sell': np.float64(12.513311732185365), 'dp_sell': 16.5, 'gst': np.float64(10.7395544202984), 'fees_total': np.float64(84.40996270403467)}",Time,10,1413_rsi_enabled=False_rsi_buy_below=40_rsi_sell_above=70_macd_enabled=True_macd_fast=12_macd_slow=26_macd_signal=9_adx_enabled=False_adx_length=14_adx_min_adx=20_sma_enabled=False_sma_length=50_bb_enabled=False_bb_length=20_bb_stddev=2.0_combination_mode=all
SBILIFE.NS,2019-05-24,2019-06-10,73,678.6756591796875,691.6358032226562,679.0149970092773,691.2899853210449,49568.094781677246,50464.16892843628,896.0741467590342,811.5592548271343,1.8077639471635825,1.6372613440190678,1.6231185096542686,84.5148919318999,"{'brokerage_entry': 20.0, 'brokerage_exit': 20.0, 'exchange_entry': np.float64(1.4721724150158142), 'exchange_exit': np.float64(1.4987858171745576), 'sebi_entry': np.float64(0.049568094781677244), 'sebi_exit': np.float64(0.050464168928436276), 'ipft_entry': np.float64(0.049568094781677244), 'ipft_exit': np.float64(0.050464168928436276), 'stamp_buy': np.float64(1.4870428434503173), 'stt_sell': np.float64(12.61604223210907), 'dp_sell': 16.5, 'gst': np.float64(10.740784096729907), 'fees_total': np.float64(84.5148919318999)}",Time,10,1413_rsi_enabled=False_rsi_buy_below=40_rsi_sell_above=70_macd_enabled=True_macd_fast=12_macd_slow=26_macd_signal=9_adx_enabled=False_adx_length=14_adx_min_adx=20_sma_enabled=False_sma_length=50_bb_enabled=False_bb_length=20_bb_stddev=2.0_combination_mode=all
SBILIFE.NS,2019-09-27,2019-10-15,59,833.5047607421875,829.1022338867188,833.9215131225585,828.6876827697754,49201.36927423095,48892.57328341675,-308.7959908142002,-392.8344772285927,-0.6276166606117831,-0.7984218387075224,-0.7856689544571853,84.03848641439248,"{'brokerage_entry': 20.0, 'brokerage_exit': 20.0, 'exchange_entry': np.float64(1.4612806674446592), 'exchange_exit': np.float64(1.4521094265174774), 'sebi_entry': np.float64(0.049201369274230945), 'sebi_exit': np.float64(0.04889257328341675), 'ipft_entry': np.float64(0.049201369274230945), 'ipft_exit': np.float64(0.04889257328341675), 'stamp_buy': np.float64(1.4760410782269286), 'stt_sell': np.float64(12.223143320854188), 'dp_sell': 16.5, 'gst': np.float64(10.729724036233936), 'fees_total': np.float64(84.03848641439248)}",Time,10,1413_rsi_enabled=False_rsi_buy_below=40_rsi_sell_above=70_macd_enabled=True_macd_fast=12_macd_slow=26_macd_signal=9_adx_enabled=False_adx_length=14_adx_min_adx=20_sma_enabled=False_sma_length=50_bb_enabled=False_bb_length=20_bb_stddev=2.0_combination_mode=all
SBILIFE.NS,2020-06-03,2020-06-09,62,798.4827270507812,758.5585906982421,798.8819684143066,758.1793114028931,49530.68204168701,47007.11730697937,-2523.5647347076374,-2607.083527418069,-5.094952523738123,-5.263572840010244,-5.214167054836138,83.51879271043167,"{'brokerage_entry': 20.0, 'brokerage_exit': 20.0, 'exchange_entry': np.float64(1.4710612566381043), 'exchange_exit': np.float64(1.3961113840172874), 'sebi_entry': np.float64(0.04953068204168701), 'sebi_exit': np.float64(0.047007117306979374), 'ipft_entry': np.float64(0.04953068204168701), 'ipft_exit': np.float64(0.047007117306979374), 'stamp_buy': np.float64(1.4859204612506103), 'stt_sell': np.float64(11.751779326744844), 'dp_sell': 16.5, 'gst': np.float64(10.72084468308349), 'fees_total': np.float64(83.51879271043167)}",HSL,4,1413_rsi_enabled=False_rsi_buy_below=40_rsi_sell_above=70_macd_enabled=True_macd_fast=12_macd_slow=26_macd_signal=9_adx_enabled=False_adx_length=14_adx_min_adx=20_sma_enabled=False_sma_length=50_bb_enabled=False_bb_length=20_bb_stddev=2.0_combination_mode=all
SBILIFE.NS,2020-11-10,2020-11-24,60,820.544677734375,829.99267578125,820.9549500732421,829.5776794433594,49257.297004394524,49774.66076660157,517.3637622070455,433.0679886928814,1.050329176935731,0.8791956015252825,0.8661359773857628,84.29577351416411,"{'brokerage_entry': 20.0, 'brokerage_exit': 20.0, 'exchange_entry': np.float64(1.4629417210305173), 'exchange_exit': np.float64(1.4783074247680665), 'sebi_entry': np.float64(0.049257297004394525), 'sebi_exit': np.float64(0.049774660766601565), 'ipft_entry': np.float64(0.049257297004394525), 'ipft_exit': np.float64(0.049774660766601565), 'stamp_buy': np.float64(1.4777189101318358), 'stt_sell': np.float64(12.443665191650393), 'dp_sell': 16.5, 'gst': np.float64(10.735076351041304), 'fees_total': np.float64(84.29577351416411)}",Time,10,1413_rsi_enabled=False_rsi_buy_below=40_rsi_sell_above=70_macd_enabled=True_macd_fast=12_macd_slow=26_macd_signal=9_adx_enabled=False_adx_length=14_adx_min_adx=20_sma_enabled=False_sma_length=50_bb_enabled=False_bb_length=20_bb_stddev=2.0_combination_mode=all
SBILIFE.NS,2021-03-09,2021-03-12,52,960.9295654296875,912.8830871582031,961.4100302124023,912.426645614624,49993.321571044915,47446.18557196045,-2547.135999084465,-2630.8121673287774,-5.094952523738116,-5.262327216226594,-5.261624334657554,83.67616824431272,"{'brokerage_entry': 20.0, 'brokerage_exit': 20.0, 'exchange_entry': np.float64(1.484801650660034), 'exchange_exit': np.float64(1.4091517114872254), 'sebi_entry': np.float64(0.04999332157104491), 'sebi_exit': np.float64(0.047446185571960446), 'ipft_entry': np.float64(0.04999332157104491), 'ipft_exit': np.float64(0.047446185571960446), 'stamp_buy': np.float64(1.4997996471313475), 'stt_sell': np.float64(11.861546392990112), 'dp_sell': 16.5, 'gst': np.float64(10.725989827757989), 'fees_total': np.float64(83.67616824431272)}",HSL,2,1413_rsi_enabled=False_rsi_buy_below=40_rsi_sell_above=70_macd_enabled=True_macd_fast=12_macd_slow=26_macd_signal=9_adx_enabled=False_adx_length=14_adx_min_adx=20_sma_enabled=False_sma_length=50_bb_enabled=False_bb_length=20_bb_stddev=2.0_combination_mode=all
SBILIFE.NS,2021-04-26,2021-05-10,53,935.0831298828125,997.09130859375,935.5506714477539,996.5927629394532,49584.18558673096,52819.41643579102,3235.2308490600626,3150.0379602462585,6.524723176911129,6.3529085392283395,6.300075920492517,85.19288881380415,"{'brokerage_entry': 20.0, 'brokerage_exit': 20.0, 'exchange_entry': np.float64(1.4726503119259093), 'exchange_exit': np.float64(1.5687366681429933), 'sebi_entry': np.float64(0.04958418558673095), 'sebi_exit': np.float64(0.052819416435791015), 'ipft_entry': np.float64(0.04958418558673095), 'ipft_exit': np.float64(0.052819416435791015), 'stamp_buy': np.float64(1.4875255676019288), 'stt_sell': np.float64(13.204854108947755), 'dp_sell': 16.5, 'gst': np.float64(10.75431495314051), 'fees_total': np.float64(85.19288881380415)}",Time,10,1413_rsi_enabled=False_rsi_buy_below=40_rsi_sell_above=70_macd_enabled=True_macd_fast=12_macd_slow=26_macd_signal=9_adx_enabled=False_adx_length=14_adx_min_adx=20_sma_enabled=False_sma_length=50_bb_enabled=False_bb_length=20_bb_stddev=2.0_combination_mode=all
SBILIFE.NS,2022-01-03,2022-01-17,41,1199.8829345703125,1277.8145751953125,1200.4828760375976,1277.175667907715,49219.7979175415,52364.20238421632,3144.404466674816,3059.3669710259483,6.388495279770699,6.215724363906047,6.118733942051897,85.03749564886789,"{'brokerage_entry': 20.0, 'brokerage_exit': 20.0, 'exchange_entry': np.float64(1.4618279981509825), 'exchange_exit': np.float64(1.5552168108112248), 'sebi_entry': np.float64(0.0492197979175415), 'sebi_exit': np.float64(0.05236420238421632), 'ipft_entry': np.float64(0.0492197979175415), 'ipft_exit': np.float64(0.05236420238421632), 'stamp_buy': np.float64(1.4765939375262451), 'stt_sell': np.float64(13.09105059605408), 'dp_sell': 16.5, 'gst': np.float64(10.749638305721831), 'fees_total': np.float64(85.03749564886789)}",Time,10,1413_rsi_enabled=False_rsi_buy_below=40_rsi_sell_above=70_macd_enabled=True_macd_fast=12_macd_slow=26_macd_signal=9_adx_enabled=False_adx_length=14_adx_min_adx=20_sma_enabled=False_sma_length=50_bb_enabled=False_bb_length=20_bb_stddev=2.0_combination_mode=all
SBILIFE.NS,2022-04-08,2022-04-25,43,1153.4599609375,1095.7869628906249,1154.0366909179686,1095.2390694091796,49623.57770947265,47095.27998459472,-2528.297724877928,-2611.8481177962653,-5.094952523738129,-5.263320861481717,-5.223696235592531,83.55039291833717,"{'brokerage_entry': 20.0, 'brokerage_exit': 20.0, 'exchange_entry': np.float64(1.4738202579713378), 'exchange_exit': np.float64(1.3987298155424632), 'sebi_entry': np.float64(0.04962357770947265), 'sebi_exit': np.float64(0.04709527998459472), 'ipft_entry': np.float64(0.04962357770947265), 'ipft_exit': np.float64(0.04709527998459472), 'stamp_buy': np.float64(1.4887073312841796), 'stt_sell': np.float64(11.773819996148681), 'dp_sell': 16.5, 'gst': np.float64(10.72187780200235), 'fees_total': np.float64(83.55039291833717)}",HSL,9,1413_rsi_enabled=False_rsi_buy_below=40_rsi_sell_above=70_macd_enabled=True_macd_fast=12_macd_slow=26_macd_signal=9_adx_enabled=False_adx_length=14_adx_min_adx=20_sma_enabled=False_sma_length=50_bb_enabled=False_bb_length=20_bb_stddev=2.0_combination_mode=all
SBILIFE.NS,2022-05-31,2022-06-07,42,1167.07763671875,1108.7237548828125,1167.6611755371093,1108.1693930053711,49041.76937255859,46543.11450622559,-2498.654866333003,-2582.007346207106,-5.0949525237381215,-5.264914743577488,-5.164014692414211,83.35247987410295,"{'brokerage_entry': 20.0, 'brokerage_exit': 20.0, 'exchange_entry': np.float64(1.4565405503649902), 'exchange_exit': np.float64(1.3823305008349), 'sebi_entry': np.float64(0.04904176937255859), 'sebi_exit': np.float64(0.046543114506225586), 'ipft_entry': np.float64(0.04904176937255859), 'ipft_exit': np.float64(0.046543114506225586), 'stamp_buy': np.float64(1.471253081176758), 'stt_sell': np.float64(11.635778626556398), 'dp_sell': 16.5, 'gst': np.float64(10.715407347412341), 'fees_total': np.float64(83.35247987410295)}",HSL,5,1413_rsi_enabled=False_rsi_buy_below=40_rsi_sell_above=70_macd_enabled=True_macd_fast=12_macd_slow=26_macd_signal=9_adx_enabled=False_adx_length=14_adx_min_adx=20_sma_enabled=False_sma_length=50_bb_enabled=False_bb_length=20_bb_stddev=2.0_combination_mode=all
SBILIFE.NS,2022-07-15,2022-07-26,43,1148.489990234375,1131.343994140625,1149.0642352294922,1130.7783221435548,49409.762114868165,48623.46785217286,-786.2942626953081,-870.2694535219446,-1.5913743135765874,-1.7613309926462224,-1.740538907043889,83.9751908266364,"{'brokerage_entry': 20.0, 'brokerage_exit': 20.0, 'exchange_entry': np.float64(1.4674699348115845), 'exchange_exit': np.float64(1.4441169952095338), 'sebi_entry': np.float64(0.04940976211486816), 'sebi_exit': np.float64(0.04862346785217286), 'ipft_entry': np.float64(0.04940976211486816), 'ipft_exit': np.float64(0.04862346785217286), 'stamp_buy': np.float64(1.482292863446045), 'stt_sell': np.float64(12.155866963043215), 'dp_sell': 16.5, 'gst': np.float64(10.729377610191936), 'fees_total': np.float64(83.9751908266364)}",MACD_cross_down,7,1413_rsi_enabled=False_rsi_buy_below=40_rsi_sell_above=70_macd_enabled=True_macd_fast=12_macd_slow=26_macd_signal=9_adx_enabled=False_adx_length=14_adx_min_adx=20_sma_enabled=False_sma_length=50_bb_enabled=False_bb_length=20_bb_stddev=2.0_combination_mode=all
SBILIFE.NS,2022-11-03,2022-11-17,39,1268.36376953125,1246.79443359375,1268.9979514160157,1246.1710363769532,49490.92010522461,48600.67041870118,-890.2496865234352,-974.2237957664053,-1.798814175672305,-1.9684899648159084,-1.9484475915328106,83.97410924297002,"{'brokerage_entry': 20.0, 'brokerage_exit': 20.0, 'exchange_entry': np.float64(1.469880327125171), 'exchange_exit': np.float64(1.443439911435425), 'sebi_entry': np.float64(0.049490920105224614), 'sebi_exit': np.float64(0.048600670418701176), 'ipft_entry': np.float64(0.049490920105224614), 'ipft_exit': np.float64(0.048600670418701176), 'stamp_buy': np.float64(1.4847276031567385), 'stt_sell': np.float64(12.150167604675294), 'dp_sell': 16.5, 'gst': np.float64(10.729710615529521), 'fees_total': np.float64(83.97410924297002)}",MACD_cross_down,9,1413_rsi_enabled=False_rsi_buy_below=40_rsi_sell_above=70_macd_enabled=True_macd_fast=12_macd_slow=26_macd_signal=9_adx_enabled=False_adx_length=14_adx_min_adx=20_sma_enabled=False_sma_length=50_bb_enabled=False_bb_length=20_bb_stddev=2.0_combination_mode=all
SBILIFE.NS,2022-11-30,2022-12-14,39,1275.17236328125,1262.1016845703125,1275.8099494628905,1261.4706337280275,49756.58802905273,49197.35471539307,-559.2333136596571,-643.3968211616757,-1.123938227703882,-1.293088707742577,-1.2867936423233515,84.16350750201859,"{'brokerage_entry': 20.0, 'brokerage_exit': 20.0, 'exchange_entry': np.float64(1.477770664462866), 'exchange_exit': np.float64(1.4611614350471742), 'sebi_entry': np.float64(0.04975658802905272), 'sebi_exit': np.float64(0.04919735471539307), 'ipft_entry': np.float64(0.04975658802905272), 'ipft_exit': np.float64(0.04919735471539307), 'stamp_buy': np.float64(1.492697640871582), 'stt_sell': np.float64(12.299338678848267), 'dp_sell': 16.5, 'gst': np.float64(10.734631197299809), 'fees_total': np.float64(84.16350750201859)}",Time,10,1413_rsi_enabled=False_rsi_buy_below=40_rsi_sell_above=70_macd_enabled=True_macd_fast=12_macd_slow=26_macd_signal=9_adx_enabled=False_adx_length=14_adx_min_adx=20_sma_enabled=False_sma_length=50_bb_enabled=False_bb_length=20_bb_stddev=2.0_combination_mode=all
SBILIFE.NS,2023-01-05,2023-01-19,39,1260.0142822265625,1315.13037109375,1260.6442893676758,1314.472805908203,49165.12728533936,51264.43943041992,2099.312145080563,2014.594413031828,4.26992110260754,4.097608455968675,4.029188826063656,84.71773204873485,"{'brokerage_entry': 20.0, 'brokerage_exit': 20.0, 'exchange_entry': np.float64(1.460204280374579), 'exchange_exit': np.float64(1.5225538510834717), 'sebi_entry': np.float64(0.04916512728533936), 'sebi_exit': np.float64(0.051264439430419924), 'ipft_entry': np.float64(0.04916512728533936), 'ipft_exit': np.float64(0.051264439430419924), 'stamp_buy': np.float64(1.474953818560181), 'stt_sell': np.float64(12.816109857604982), 'dp_sell': 16.5, 'gst': np.float64(10.743051107680122), 'fees_total': np.float64(84.71773204873485)}",Time,10,1413_rsi_enabled=False_rsi_buy_below=40_rsi_sell_above=70_macd_enabled=True_macd_fast=12_macd_slow=26_macd_signal=9_adx_enabled=False_adx_length=14_adx_min_adx=20_sma_enabled=False_sma_length=50_bb_enabled=False_bb_length=20_bb_stddev=2.0_combination_mode=all
SBILIFE.NS,2023-05-02,2023-05-16,43,1146.654052734375,1176.3939208984375,1147.2273797607422,1175.8057239379884,49330.77732971191,50559.6461293335,1228.8687996215886,1144.3424635894548,2.491079334526199,2.319733289303385,2.2886849271789096,84.52633603213378,"{'brokerage_entry': 20.0, 'brokerage_exit': 20.0, 'exchange_entry': np.float64(1.4651240866924438), 'exchange_exit': np.float64(1.501621490041205), 'sebi_entry': np.float64(0.04933077732971191), 'sebi_exit': np.float64(0.0505596461293335), 'ipft_entry': np.float64(0.04933077732971191), 'ipft_exit': np.float64(0.0505596461293335), 'stamp_buy': np.float64(1.4799233198913575), 'stt_sell': np.float64(12.639911532333375), 'dp_sell': 16.5, 'gst': np.float64(10.739974756257315), 'fees_total': np.float64(84.52633603213378)}",Time,10,1413_rsi_enabled=False_rsi_buy_below=40_rsi_sell_above=70_macd_enabled=True_macd_fast=12_macd_slow=26_macd_signal=9_adx_enabled=False_adx_length=14_adx_min_adx=20_sma_enabled=False_sma_length=50_bb_enabled=False_bb_length=20_bb_stddev=2.0_combination_mode=all
SBILIFE.NS,2023-08-08,2023-08-16,37,1344.371826171875,1277.153234863281,1345.044012084961,1276.5146582458494,49766.62844714356,47231.042355096426,-2535.5860920471314,-2619.1851463633484,-5.094952523738155,-5.262934677492064,-5.238370292726697,83.59905431621699,"{'brokerage_entry': 20.0, 'brokerage_exit': 20.0, 'exchange_entry': np.float64(1.4780688648801636), 'exchange_exit': np.float64(1.402761957946364), 'sebi_entry': np.float64(0.04976662844714356), 'sebi_exit': np.float64(0.047231042355096425), 'ipft_entry': np.float64(0.04976662844714356), 'ipft_exit': np.float64(0.047231042355096425), 'stamp_buy': np.float64(1.4929988534143068), 'stt_sell': np.float64(11.807760588774107), 'dp_sell': 16.5, 'gst': np.float64(10.72346870959758), 'fees_total': np.float64(83.59905431621699)}",HSL,5,1413_rsi_enabled=False_rsi_buy_below=40_rsi_sell_above=70_macd_enabled=True_macd_fast=12_macd_slow=26_macd_signal=9_adx_enabled=False_adx_length=14_adx_min_adx=20_sma_enabled=False_sma_length=50_bb_enabled=False_bb_length=20_bb_stddev=2.0_combination_mode=all
SBILIFE.NS,2023-09-01,2023-09-15,37,1315.6781005859375,1367.5859375,1316.3359396362305,1366.90214453125,48704.429766540525,50575.37934765626,1870.9495811157321,1786.4609428460963,3.8414361693257244,3.66796398481474,3.572921885692192,84.48863826963591,"{'brokerage_entry': 20.0, 'brokerage_exit': 20.0, 'exchange_entry': np.float64(1.4465215640662537), 'exchange_exit': np.float64(1.5020887666253908), 'sebi_entry': np.float64(0.048704429766540526), 'sebi_exit': np.float64(0.050575379347656255), 'ipft_entry': np.float64(0.048704429766540526), 'ipft_exit': np.float64(0.050575379347656255), 'stamp_buy': np.float64(1.4611328929962157), 'stt_sell': np.float64(12.643844836914065), 'dp_sell': 16.5, 'gst': np.float64(10.736490590805605), 'fees_total': np.float64(84.48863826963591)}",Time,10,1413_rsi_enabled=False_rsi_buy_below=40_rsi_sell_above=70_macd_enabled=True_macd_fast=12_macd_slow=26_macd_signal=9_adx_enabled=False_adx_length=14_adx_min_adx=20_sma_enabled=False_sma_length=50_bb_enabled=False_bb_length=20_bb_stddev=2.0_combination_mode=all
SBILIFE.NS,2023-10-18,2023-10-27,36,1351.345947265625,1298.09326171875,1352.0216202392578,1297.4442150878906,48672.77832861328,46707.991743164064,-1964.7865854492193,-2048.1615798201738,-4.036725769348941,-4.208022739100801,-4.096323159640348,83.37499437095433,"{'brokerage_entry': 20.0, 'brokerage_exit': 20.0, 'exchange_entry': np.float64(1.4455815163598145), 'exchange_exit': np.float64(1.3872273547719727), 'sebi_entry': np.float64(0.04867277832861328), 'sebi_exit': np.float64(0.04670799174316406), 'ipft_entry': np.float64(0.04867277832861328), 'ipft_exit': np.float64(0.04670799174316406), 'stamp_buy': np.float64(1.4601833498583985), 'stt_sell': np.float64(11.676997935791016), 'dp_sell': 16.5, 'gst': np.float64(10.714242674029562), 'fees_total': np.float64(83.37499437095433)}",MACD_cross_down,6,1413_rsi_enabled=False_rsi_buy_below=40_rsi_sell_above=70_macd_enabled=True_macd_fast=12_macd_slow=26_macd_signal=9_adx_enabled=False_adx_length=14_adx_min_adx=20_sma_enabled=False_sma_length=50_bb_enabled=False_bb_length=20_bb_stddev=2.0_combination_mode=all
SBILIFE.NS,2024-02-16,2024-03-01,33,1502.8848876953125,1536.4605712890625,1503.63633013916,1535.692341003418,49619.99889459228,50677.8472531128,1057.8483585205176,973.2685555074006,2.131899198078791,1.961444129764924,1.946537111014801,84.57980301311702,"{'brokerage_entry': 20.0, 'brokerage_exit': 20.0, 'exchange_entry': np.float64(1.4737139671693908), 'exchange_exit': np.float64(1.50513206341745), 'sebi_entry': np.float64(0.04961999889459228), 'sebi_exit': np.float64(0.0506778472531128), 'ipft_entry': np.float64(0.04961999889459228), 'ipft_exit': np.float64(0.0506778472531128), 'stamp_buy': np.float64(1.4885999668377685), 'stt_sell': np.float64(12.6694618132782), 'dp_sell': 16.5, 'gst': np.float64(10.742299510118803), 'fees_total': np.float64(84.57980301311702)}",Time,10,1413_rsi_enabled=False_rsi_buy_below=40_rsi_sell_above=70_macd_enabled=True_macd_fast=12_macd_slow=26_macd_signal=9_adx_enabled=False_adx_length=14_adx_min_adx=20_sma_enabled=False_sma_length=50_bb_enabled=False_bb_length=20_bb_stddev=2.0_combination_mode=all
SBILIFE.NS,2024-04-09,2024-04-15,33,1507.6805419921875,1464.1134033203125,1508.4343822631836,1463.3813466186525,49778.33461468506,48291.584438415535,-1486.7501762695247,-1570.6548258096693,-2.986741496632794,-3.155298058819171,-3.1413096516193386,83.90464954014472,"{'brokerage_entry': 20.0, 'brokerage_exit': 20.0, 'exchange_entry': np.float64(1.4784165380561463), 'exchange_exit': np.float64(1.4342600578209415), 'sebi_entry': np.float64(0.04977833461468506), 'sebi_exit': np.float64(0.04829158443841553), 'ipft_entry': np.float64(0.04977833461468506), 'ipft_exit': np.float64(0.04829158443841553), 'stamp_buy': np.float64(1.4933500384405518), 'stt_sell': np.float64(12.072896109603883), 'dp_sell': 16.5, 'gst': np.float64(10.729586958116993), 'fees_total': np.float64(83.90464954014472)}",MACD_cross_down,3,1413_rsi_enabled=False_rsi_buy_below=40_rsi_sell_above=70_macd_enabled=True_macd_fast=12_macd_slow=26_macd_signal=9_adx_enabled=False_adx_length=14_adx_min_adx=20_sma_enabled=False_sma_length=50_bb_enabled=False_bb_length=20_bb_stddev=2.0_combination_mode=all
SBILIFE.NS,2024-06-28,2024-07-12,33,1489.11572265625,1559.881103515625,1489.860280517578,1559.1011629638672,49165.389257080074,51450.33837780762,2284.9491207275423,2200.1779425474674,4.647474890882711,4.475054455570349,4.400355885094935,84.7711781800749,"{'brokerage_entry': 20.0, 'brokerage_exit': 20.0, 'exchange_entry': np.float64(1.4602120609352782), 'exchange_exit': np.float64(1.5280750498208862), 'sebi_entry': np.float64(0.04916538925708007), 'sebi_exit': np.float64(0.05145033837780762), 'ipft_entry': np.float64(0.04916538925708007), 'ipft_exit': np.float64(0.05145033837780762), 'stamp_buy': np.float64(1.4749616777124022), 'stt_sell': np.float64(12.862584594451905), 'dp_sell': 16.5, 'gst': np.float64(10.744113341884667), 'fees_total': np.float64(84.7711781800749)}",Time,10,1413_rsi_enabled=False_rsi_buy_below=40_rsi_sell_above=70_macd_enabled=True_macd_fast=12_macd_slow=26_macd_signal=9_adx_enabled=False_adx_length=14_adx_min_adx=20_sma_enabled=False_sma_length=50_bb_enabled=False_bb_length=20_bb_stddev=2.0_combination_mode=all
MAXHEALTH.NS,2020-08-24,2020-08-28,427,116.76842498779297,115.84264446490523,116.82680920028686,115.78472314267279,49885.04752852249,49440.07678192128,-444.97074660121143,-529.2126728225039,-0.8919922274240454,-1.0608643251666123,-1.058425345645008,84.24192622129245,"{'brokerage_entry': 20.0, 'brokerage_exit': 20.0, 'exchange_entry': np.float64(1.481585911597118), 'exchange_exit': np.float64(1.468370280423062), 'sebi_entry': np.float64(0.049885047528522485), 'sebi_exit': np.float64(0.04944007678192128), 'ipft_entry': np.float64(0.049885047528522485), 'ipft_exit': np.float64(0.04944007678192128), 'stamp_buy': np.float64(1.4965514258556747), 'stt_sell': np.float64(12.36001919548032), 'dp_sell': 16.5, 'gst': np.float64(10.736749159315389), 'fees_total': np.float64(84.24192622129245)}",TSL,4,1413_rsi_enabled=False_rsi_buy_below=40_rsi_sell_above=70_macd_enabled=True_macd_fast=12_macd_slow=26_macd_signal=9_adx_enabled=False_adx_length=14_adx_min_adx=20_sma_enabled=False_sma_length=50_bb_enabled=False_bb_length=20_bb_stddev=2.0_combination_mode=all
MAXHEALTH.NS,2020-09-11,2020-09-14,381,130.95384216308594,124.40615005493163,131.01931908416748,124.34394697990417,49918.36057106781,47375.04379934349,-2543.3167717243196,-2626.967440575167,-5.094952523738131,-5.262527475907796,-5.253934881150334,83.65066885084751,"{'brokerage_entry': 20.0, 'brokerage_exit': 20.0, 'exchange_entry': np.float64(1.4825753089607139), 'exchange_exit': np.float64(1.4070388008405017), 'sebi_entry': np.float64(0.049918360571067806), 'sebi_exit': np.float64(0.047375043799343486), 'ipft_entry': np.float64(0.049918360571067806), 'ipft_exit': np.float64(0.047375043799343486), 'stamp_buy': np.float64(1.4975508171320344), 'stt_sell': np.float64(11.843760949835874), 'dp_sell': 16.5, 'gst': np.float64(10.725156165337566), 'fees_total': np.float64(83.65066885084751)}",HSL,1,1413_rsi_enabled=False_rsi_buy_below=40_rsi_sell_above=70_macd_enabled=True_macd_fast=12_macd_slow=26_macd_signal=9_adx_enabled=False_adx_length=14_adx_min_adx=20_sma_enabled=False_sma_length=50_bb_enabled=False_bb_length=20_bb_stddev=2.0_combination_mode=all
MAXHEALTH.NS,2020-10-06,2020-10-08,434,115.02635955810547,112.13949584960938,115.08387273788452,112.08342610168458,49946.40076824188,48644.206928131105,-1302.1938401107764,-1386.211164137347,-2.6071825398453305,-2.7753975117637726,-2.772422328274694,84.01732402657056,"{'brokerage_entry': 20.0, 'brokerage_exit': 20.0, 'exchange_entry': np.float64(1.4834081028167838), 'exchange_exit': np.float64(1.4447329457654938), 'sebi_entry': np.float64(0.04994640076824188), 'sebi_exit': np.float64(0.0486442069281311), 'ipft_entry': np.float64(0.04994640076824188), 'ipft_exit': np.float64(0.0486442069281311), 'stamp_buy': np.float64(1.4983920230472565), 'stt_sell': np.float64(12.161051732032776), 'dp_sell': 16.5, 'gst': np.float64(10.732558007515504), 'fees_total': np.float64(84.01732402657056)}",MACD_cross_down,2,1413_rsi_enabled=False_rsi_buy_below=40_rsi_sell_above=70_macd_enabled=True_macd_fast=12_macd_slow=26_macd_signal=9_adx_enabled=False_adx_length=14_adx_min_adx=20_sma_enabled=False_sma_length=50_bb_enabled=False_bb_length=20_bb_stddev=2.0_combination_mode=all
MAXHEALTH.NS,2020-11-05,2020-11-12,438,114.03089141845703,108.32934684753417,114.08790686416626,108.27518217411041,49970.50320650482,47424.529792260364,-2545.9734142444577,-2629.64182039307,-5.094952523738124,-5.2623881122949365,-5.25928364078614,83.66840614861204,"{'brokerage_entry': 20.0, 'brokerage_exit': 20.0, 'exchange_entry': np.float64(1.4841239452331931), 'exchange_exit': np.float64(1.4085085348301327), 'sebi_entry': np.float64(0.04997050320650482), 'sebi_exit': np.float64(0.04742452979226036), 'ipft_entry': np.float64(0.04997050320650482), 'ipft_exit': np.float64(0.04742452979226036), 'stamp_buy': np.float64(1.4991150961951447), 'stt_sell': np.float64(11.856132448065091), 'dp_sell': 16.5, 'gst': np.float64(10.725736058290952), 'fees_total': np.float64(83.66840614861204)}",HSL,5,1413_rsi_enabled=False_rsi_buy_below=40_rsi_sell_above=70_macd_enabled=True_macd_fast=12_macd_slow=26_macd_signal=9_adx_enabled=False_adx_length=14_adx_min_adx=20_sma_enabled=False_sma_length=50_bb_enabled=False_bb_length=20_bb_stddev=2.0_combination_mode=all
MAXHEALTH.NS,2021-11-26,2021-11-30,135,370.0653381347656,351.5620712280273,370.250370803833,351.3862901924133,49983.80005851745,47437.14917597579,-2546.6508825416604,-2630.3238118644754,-5.094952523738138,-5.262352619818983,-5.260647623728951,83.67292932281494,"{'brokerage_entry': 20.0, 'brokerage_exit': 20.0, 'exchange_entry': np.float64(1.4845188617379683), 'exchange_exit': np.float64(1.408883330526481), 'sebi_entry': np.float64(0.04998380005851745), 'sebi_exit': np.float64(0.04743714917597579), 'ipft_entry': np.float64(0.04998380005851745), 'ipft_exit': np.float64(0.04743714917597579), 'stamp_buy': np.float64(1.4995140017555235), 'stt_sell': np.float64(11.859287293993948), 'dp_sell': 16.5, 'gst': np.float64(10.72588393633202), 'fees_total': np.float64(83.67292932281494)}",HSL,2,1413_rsi_enabled=False_rsi_buy_below=40_rsi_sell_above=70_macd_enabled=True_macd_fast=12_macd_slow=26_macd_signal=9_adx_enabled=False_adx_length=14_adx_min_adx=20_sma_enabled=False_sma_length=50_bb_enabled=False_bb_length=20_bb_stddev=2.0_combination_mode=all
MAXHEALTH.NS,2022-04-05,2022-04-06,135,367.7259521484375,349.3396545410156,367.9098151245117,349.1649847137451,49667.825041809076,47137.27293635559,-2530.552105453484,-2614.1175499337983,-5.094952523738117,-5.2632011724558145,-5.228235099867597,83.56544448031438,"{'brokerage_entry': 20.0, 'brokerage_exit': 20.0, 'exchange_entry': np.float64(1.4751344037417295), 'exchange_exit': np.float64(1.3999770062097612), 'sebi_entry': np.float64(0.049667825041809076), 'sebi_exit': np.float64(0.04713727293635559), 'ipft_entry': np.float64(0.049667825041809076), 'ipft_exit': np.float64(0.04713727293635559), 'stamp_buy': np.float64(1.4900347512542722), 'stt_sell': np.float64(11.784318234088898), 'dp_sell': 16.5, 'gst': np.float64(10.722369889063405), 'fees_total': np.float64(83.56544448031438)}",HSL,1,1413_rsi_enabled=False_rsi_buy_below=40_rsi_sell_above=70_macd_enabled=True_macd_fast=12_macd_slow=26_macd_signal=9_adx_enabled=False_adx_length=14_adx_min_adx=20_sma_enabled=False_sma_length=50_bb_enabled=False_bb_length=20_bb_stddev=2.0_combination_mode=all
MAXHEALTH.NS,2022-08-16,2022-08-19,126,395.05157470703125,375.2989959716797,395.2491004943847,375.11134647369386,49801.386662292476,47264.02965568542,-2537.3570066070533,-2620.967884583634,-5.094952523738127,-5.262841178211853,-5.2419357691672674,83.61087797658041,"{'brokerage_entry': 20.0, 'brokerage_exit': 20.0, 'exchange_entry': np.float64(1.4791011838700865), 'exchange_exit': np.float64(1.403741680773857), 'sebi_entry': np.float64(0.049801386662292474), 'sebi_exit': np.float64(0.04726402965568542), 'ipft_entry': np.float64(0.049801386662292474), 'ipft_exit': np.float64(0.04726402965568542), 'stamp_buy': np.float64(1.4940415998687744), 'stt_sell': np.float64(11.816007413921357), 'dp_sell': 16.5, 'gst': np.float64(10.723855265510382), 'fees_total': np.float64(83.61087797658041)}",HSL,3,1413_rsi_enabled=False_rsi_buy_below=40_rsi_sell_above=70_macd_enabled=True_macd_fast=12_macd_slow=26_macd_signal=9_adx_enabled=False_adx_length=14_adx_min_adx=20_sma_enabled=False_sma_length=50_bb_enabled=False_bb_length=20_bb_stddev=2.0_combination_mode=all
MAXHEALTH.NS,2022-12-22,2023-01-05,112,445.1734313964844,438.0060119628906,445.3960181121826,437.7870089569092,49884.354028564456,49032.14500317383,-852.2090253906281,-936.3336628250597,-1.7083693714919947,-1.8770086955298697,-1.8726673256501194,84.1246374344316,"{'brokerage_entry': 20.0, 'brokerage_exit': 20.0, 'exchange_entry': np.float64(1.4815653146483643), 'exchange_exit': np.float64(1.4562547065942626), 'sebi_entry': np.float64(0.049884354028564455), 'sebi_exit': np.float64(0.04903214500317383), 'ipft_entry': np.float64(0.049884354028564455), 'ipft_exit': np.float64(0.04903214500317383), 'stamp_buy': np.float64(1.4965306208569338), 'stt_sell': np.float64(12.258036250793458), 'dp_sell': 16.5, 'gst': np.float64(10.734417543475098), 'fees_total': np.float64(84.1246374344316)}",Time,10,1413_rsi_enabled=False_rsi_buy_below=40_rsi_sell_above=70_macd_enabled=True_macd_fast=12_macd_slow=26_macd_signal=9_adx_enabled=False_adx_length=14_adx_min_adx=20_sma_enabled=False_sma_length=50_bb_enabled=False_bb_length=20_bb_stddev=2.0_combination_mode=all
MAXHEALTH.NS,2023-03-09,2023-03-23,110,451.1462097167969,464.734375,451.37178282165524,464.50200781250004,49650.89611038208,51095.220859375004,1444.3247489929272,1359.6229076434013,2.9089600835843052,2.738365294798984,2.7192458152868024,84.70184134952594,"{'brokerage_entry': 20.0, 'brokerage_exit': 20.0, 'exchange_entry': np.float64(1.4746316144783478), 'exchange_exit': np.float64(1.5175280595234377), 'sebi_entry': np.float64(0.04965089611038207), 'sebi_exit': np.float64(0.051095220859375), 'ipft_entry': np.float64(0.04965089611038207), 'ipft_exit': np.float64(0.051095220859375), 'stamp_buy': np.float64(1.4895268833114623), 'stt_sell': np.float64(12.773805214843751), 'dp_sell': 16.5, 'gst': np.float64(10.744857343429432), 'fees_total': np.float64(84.70184134952594)}",Time,10,1413_rsi_enabled=False_rsi_buy_below=40_rsi_sell_above=70_macd_enabled=True_macd_fast=12_macd_slow=26_macd_signal=9_adx_enabled=False_adx_length=14_adx_min_adx=20_sma_enabled=False_sma_length=50_bb_enabled=False_bb_length=20_bb_stddev=2.0_combination_mode=all
MAXHEALTH.NS,2023-04-12,2023-04-21,104,476.82928466796875,452.98782043457027,477.0676993103027,452.761326524353,49615.04072827148,47087.17795853272,-2527.8627697387637,-2611.4102586424438,-5.09495252373812,-5.263343978581919,-5.222820517284887,83.54748890367992,"{'brokerage_entry': 20.0, 'brokerage_exit': 20.0, 'exchange_entry': np.float64(1.473566709629663), 'exchange_exit': np.float64(1.3984891853684216), 'sebi_entry': np.float64(0.04961504072827148), 'sebi_exit': np.float64(0.04708717795853271), 'ipft_entry': np.float64(0.04961504072827148), 'ipft_exit': np.float64(0.04708717795853271), 'stamp_buy': np.float64(1.4884512218481445), 'stt_sell': np.float64(11.77179448963318), 'dp_sell': 16.5, 'gst': np.float64(10.721782859826902), 'fees_total': np.float64(83.54748890367992)}",HSL,6,1413_rsi_enabled=False_rsi_buy_below=40_rsi_sell_above=70_macd_enabled=True_macd_fast=12_macd_slow=26_macd_signal=9_adx_enabled=False_adx_length=14_adx_min_adx=20_sma_enabled=False_sma_length=50_bb_enabled=False_bb_length=20_bb_stddev=2.0_combination_mode=all
MAXHEALTH.NS,2023-05-02,2023-05-16,105,472.6483154296875,505.4490051269531,472.8846395874023,505.19628062438966,49652.88715667724,53045.60946556091,3392.722308883669,3307.459779937927,6.832880227443977,6.6611630649017455,6.614919559875854,85.26252894574199,"{'brokerage_entry': 20.0, 'brokerage_exit': 20.0, 'exchange_entry': np.float64(1.474690748553314), 'exchange_exit': np.float64(1.575454601127159), 'sebi_entry': np.float64(0.04965288715667724), 'sebi_exit': np.float64(0.05304560946556091), 'ipft_entry': np.float64(0.04965288715667724), 'ipft_exit': np.float64(0.05304560946556091), 'stamp_buy': np.float64(1.4895866147003174), 'stt_sell': np.float64(13.261402366390229), 'dp_sell': 16.5, 'gst': np.float64(10.75599762172649), 'fees_total': np.float64(85.26252894574199)}",Time,10,1413_rsi_enabled=False_rsi_buy_below=40_rsi_sell_above=70_macd_enabled=True_macd_fast=12_macd_slow=26_macd_signal=9_adx_enabled=False_adx_length=14_adx_min_adx=20_sma_enabled=False_sma_length=50_bb_enabled=False_bb_length=20_bb_stddev=2.0_combination_mode=all
MAXHEALTH.NS,2023-08-31,2023-09-14,85,586.8782958984375,582.2693481445312,587.1717350463866,581.978213470459,49909.597478942866,49468.14814498901,-441.44933395385306,-525.7009828672774,-0.8844978846806026,-1.0533063968088974,-1.0514019657345548,84.25164891342433,"{'brokerage_entry': 20.0, 'brokerage_exit': 20.0, 'exchange_entry': np.float64(1.4823150451246032), 'exchange_exit': np.float64(1.4692039999061737), 'sebi_entry': np.float64(0.049909597478942865), 'sebi_exit': np.float64(0.04946814814498901), 'ipft_entry': np.float64(0.049909597478942865), 'ipft_exit': np.float64(0.04946814814498901), 'stamp_buy': np.float64(1.497287924368286), 'stt_sell': np.float64(12.367037036247254), 'dp_sell': 16.5, 'gst': np.float64(10.737049416530155), 'fees_total': np.float64(84.25164891342433)}",Time,10,1413_rsi_enabled=False_rsi_buy_below=40_rsi_sell_above=70_macd_enabled=True_macd_fast=12_macd_slow=26_macd_signal=9_adx_enabled=False_adx_length=14_adx_min_adx=20_sma_enabled=False_sma_length=50_bb_enabled=False_bb_length=20_bb_stddev=2.0_combination_mode=all
MAXHEALTH.NS,2023-11-16,2023-12-01,81,613.6288452148438,650.4724731445312,613.9356596374512,650.147236907959,49728.78843063355,52661.92618954468,2933.137758911136,2847.9803866397488,5.898269094173802,5.727025484669475,5.695960773279498,85.15737227138757,"{'brokerage_entry': 20.0, 'brokerage_exit': 20.0, 'exchange_entry': np.float64(1.4769450163898163), 'exchange_exit': np.float64(1.564059207829477), 'sebi_entry': np.float64(0.049728788430633546), 'sebi_exit': np.float64(0.05266192618954468), 'ipft_entry': np.float64(0.049728788430633546), 'ipft_exit': np.float64(0.05266192618954468), 'stamp_buy': np.float64(1.4918636529190064), 'stt_sell': np.float64(13.165481547386172), 'dp_sell': 16.5, 'gst': np.float64(10.754241417622737), 'fees_total': np.float64(85.15737227138757)}",Time,10,1413_rsi_enabled=False_rsi_buy_below=40_rsi_sell_above=70_macd_enabled=True_macd_fast=12_macd_slow=26_macd_signal=9_adx_enabled=False_adx_length=14_adx_min_adx=20_sma_enabled=False_sma_length=50_bb_enabled=False_bb_length=20_bb_stddev=2.0_combination_mode=all
MAXHEALTH.NS,2024-04-09,2024-04-18,60,826.015869140625,784.7150756835937,826.4288770751953,784.3227181457519,49585.732624511715,47059.363088745115,-2526.3695357666,-2609.9070549677717,-5.094952523738129,-5.263423401911413,-5.219814109935544,83.53751920117172,"{'brokerage_entry': 20.0, 'brokerage_exit': 20.0, 'exchange_entry': np.float64(1.472696258947998), 'exchange_exit': np.float64(1.39766308373573), 'sebi_entry': np.float64(0.049585732624511714), 'sebi_exit': np.float64(0.047059363088745115), 'ipft_entry': np.float64(0.049585732624511714), 'ipft_exit': np.float64(0.047059363088745115), 'stamp_buy': np.float64(1.4875719787353514), 'stt_sell': np.float64(11.764840772186279), 'dp_sell': 16.5, 'gst': np.float64(10.721456916139843), 'fees_total': np.float64(83.53751920117172)}",HSL,5,1413_rsi_enabled=False_rsi_buy_below=40_rsi_sell_above=70_macd_enabled=True_macd_fast=12_macd_slow=26_macd_signal=9_adx_enabled=False_adx_length=14_adx_min_adx=20_sma_enabled=False_sma_length=50_bb_enabled=False_bb_length=20_bb_stddev=2.0_combination_mode=all
MAXHEALTH.NS,2024-06-12,2024-06-26,57,867.99462890625,879.3718219162294,868.4286262207031,878.9321360052713,49500.431694580075,50099.13175230047,598.7000577203944,514.2946405611879,1.2094845180631981,1.0389700108766915,1.0285892811223758,84.40541715920652,"{'brokerage_entry': 20.0, 'brokerage_exit': 20.0, 'exchange_entry': np.float64(1.4701628213290283), 'exchange_exit': np.float64(1.487944213043324), 'sebi_entry': np.float64(0.04950043169458007), 'sebi_exit': np.float64(0.05009913175230047), 'ipft_entry': np.float64(0.04950043169458007), 'ipft_exit': np.float64(0.05009913175230047), 'stamp_buy': np.float64(1.4850129508374024), 'stt_sell': np.float64(12.524782938075118), 'dp_sell': 16.5, 'gst': np.float64(10.738315109027898), 'fees_total': np.float64(84.40541715920652)}",TSL,9,1413_rsi_enabled=False_rsi_buy_below=40_rsi_sell_above=70_macd_enabled=True_macd_fast=12_macd_slow=26_macd_signal=9_adx_enabled=False_adx_length=14_adx_min_adx=20_sma_enabled=False_sma_length=50_bb_enabled=False_bb_length=20_bb_stddev=2.0_combination_mode=all
MAXHEALTH.NS,2024-09-05,2024-09-19,56,884.4793701171875,983.7147827148438,884.921609802246,983.2229253234864,49555.61014892578,55060.48381811524,5504.873669189459,5419.0386103195315,11.108477229209917,10.935267659976537,10.838077220639063,85.83505886992772,"{'brokerage_entry': 20.0, 'brokerage_exit': 20.0, 'exchange_entry': np.float64(1.4718016214230956), 'exchange_exit': np.float64(1.6352963693980225), 'sebi_entry': np.float64(0.049555610148925774), 'sebi_exit': np.float64(0.055060483818115236), 'ipft_entry': np.float64(0.049555610148925774), 'ipft_exit': np.float64(0.055060483818115236), 'stamp_buy': np.float64(1.4866683044677733), 'stt_sell': np.float64(13.76512095452881), 'dp_sell': 16.5, 'gst': np.float64(10.766939432175937), 'fees_total': np.float64(85.83505886992772)}",Time,10,1413_rsi_enabled=False_rsi_buy_below=40_rsi_sell_above=70_macd_enabled=True_macd_fast=12_macd_slow=26_macd_signal=9_adx_enabled=False_adx_length=14_adx_min_adx=20_sma_enabled=False_sma_length=50_bb_enabled=False_bb_length=20_bb_stddev=2.0_combination_mode=all
MAXHEALTH.NS,2024-10-31,2024-11-13,49,1016.4270629882812,996.9495520486314,1016.9352765197754,996.4510772726071,49829.82854946899,48826.10278635775,-1003.7257631112443,-1087.7875074318658,-2.0143070773658933,-2.1830047164460047,-2.1755750148637314,84.06174432062144,"{'brokerage_entry': 20.0, 'brokerage_exit': 20.0, 'exchange_entry': np.float64(1.479945907919229), 'exchange_exit': np.float64(1.450135252754825), 'sebi_entry': np.float64(0.04982982854946899), 'sebi_exit': np.float64(0.048826102786357746), 'ipft_entry': np.float64(0.04982982854946899), 'ipft_exit': np.float64(0.048826102786357746), 'stamp_buy': np.float64(1.4948948564840698), 'stt_sell': np.float64(12.206525696589438), 'dp_sell': 16.5, 'gst': np.float64(10.732930744202228), 'fees_total': np.float64(84.06174432062144)}",TSL,9,1413_rsi_enabled=False_rsi_buy_below=40_rsi_sell_above=70_macd_enabled=True_macd_fast=12_macd_slow=26_macd_signal=9_adx_enabled=False_adx_length=14_adx_min_adx=20_sma_enabled=False_sma_length=50_bb_enabled=False_bb_length=20_bb_stddev=2.0_combination_mode=all
MAXHEALTH.NS,2024-12-05,2024-12-19,45,1095.6357421875,1179.3389892578125,1096.1835600585937,1178.7493197631836,49328.26020263672,53043.71938934326,3715.4591867065465,3630.219082784514,7.532110744315175,7.359308980028592,7.2604381655690275,85.24010392203252,"{'brokerage_entry': 20.0, 'brokerage_exit': 20.0, 'exchange_entry': np.float64(1.4650493280183106), 'exchange_exit': np.float64(1.575398465863495), 'sebi_entry': np.float64(0.04932826020263671), 'sebi_exit': np.float64(0.05304371938934326), 'ipft_entry': np.float64(0.04932826020263671), 'ipft_exit': np.float64(0.05304371938934326), 'stamp_buy': np.float64(1.4798478060791016), 'stt_sell': np.float64(13.260929847335817), 'dp_sell': 16.5, 'gst': np.float64(10.754134515551836), 'fees_total': np.float64(85.24010392203252)}",Time,10,1413_rsi_enabled=False_rsi_buy_below=40_rsi_sell_above=70_macd_enabled=True_macd_fast=12_macd_slow=26_macd_signal=9_adx_enabled=False_adx_length=14_adx_min_adx=20_sma_enabled=False_sma_length=50_bb_enabled=False_bb_length=20_bb_stddev=2.0_combination_mode=all
MFSL.NS,2015-01-05,2015-01-06,128,389.9202880859375,381.78765869140625,390.11524822998047,381.5967648620606,49934.7517734375,48844.385902343754,-1090.3658710937452,-1174.4399425464346,-2.1835812382545154,-2.351949095241465,-2.3488798850928694,84.07407145268934,"{'brokerage_entry': 20.0, 'brokerage_exit': 20.0, 'exchange_entry': np.float64(1.4830621276710938), 'exchange_exit': np.float64(1.4506782612996094), 'sebi_entry': np.float64(0.049934751773437494), 'sebi_exit': np.float64(0.04884438590234375), 'ipft_entry': np.float64(0.049934751773437494), 'ipft_exit': np.float64(0.04884438590234375), 'stamp_buy': np.float64(1.498042553203125), 'stt_sell': np.float64(12.211096475585938), 'dp_sell': 16.5, 'gst': np.float64(10.733633759578007), 'fees_total': np.float64(84.07407145268934)}",MACD_cross_down,1,1413_rsi_enabled=False_rsi_buy_below=40_rsi_sell_above=70_macd_enabled=True_macd_fast=12_macd_slow=26_macd_signal=9_adx_enabled=False_adx_length=14_adx_min_adx=20_sma_enabled=False_sma_length=50_bb_enabled=False_bb_length=20_bb_stddev=2.0_combination_mode=all
MFSL.NS,2015-01-12,2015-01-27,127,393.49072265625,488.2061767578125,393.6874680175781,487.9620736694336,49998.30843823242,61971.18335601807,11972.874917785644,11885.023841883438,23.94655997727774,23.77085188105137,23.770047683766876,87.85107590220721,"{'brokerage_entry': 20.0, 'brokerage_exit': 20.0, 'exchange_entry': np.float64(1.4849497606155029), 'exchange_exit': np.float64(1.8405441456737366), 'sebi_entry': np.float64(0.04999830843823242), 'sebi_exit': np.float64(0.06197118335601806), 'ipft_entry': np.float64(0.04999830843823242), 'ipft_exit': np.float64(0.06197118335601806), 'stamp_buy': np.float64(1.4999492531469727), 'stt_sell': np.float64(15.492795839004517), 'dp_sell': 16.5, 'gst': np.float64(10.808897920177992), 'fees_total': np.float64(87.85107590220721)}",Time,10,1413_rsi_enabled=False_rsi_buy_below=40_rsi_sell_above=70_macd_enabled=True_macd_fast=12_macd_slow=26_macd_signal=9_adx_enabled=False_adx_length=14_adx_min_adx=20_sma_enabled=False_sma_length=50_bb_enabled=False_bb_length=20_bb_stddev=2.0_combination_mode=all
MFSL.NS,2015-05-19,2015-06-02,107,464.2049560546875,480.8173522949219,464.43705853271484,480.57694361877446,49694.76526300049,51421.73296720887,1726.9677042083786,1642.1690642758872,3.4751501391921598,3.30451116045122,3.2843381285517745,84.79863993249143,"{'brokerage_entry': 20.0, 'brokerage_exit': 20.0, 'exchange_entry': np.float64(1.4759345283111145), 'exchange_exit': np.float64(1.5272254691261034), 'sebi_entry': np.float64(0.049694765263000484), 'sebi_exit': np.float64(0.051421732967208866), 'ipft_entry': np.float64(0.049694765263000484), 'ipft_exit': np.float64(0.051421732967208866), 'stamp_buy': np.float64(1.4908429578900146), 'stt_sell': np.float64(12.855433241802217), 'dp_sell': 16.5, 'gst': np.float64(10.746970738901572), 'fees_total': np.float64(84.79863993249143)}",Time,10,1413_rsi_enabled=False_rsi_buy_below=40_rsi_sell_above=70_macd_enabled=True_macd_fast=12_macd_slow=26_macd_signal=9_adx_enabled=False_adx_length=14_adx_min_adx=20_sma_enabled=False_sma_length=50_bb_enabled=False_bb_length=20_bb_stddev=2.0_combination_mode=all
MFSL.NS,2015-11-17,2015-11-27,91,546.1626586914062,538.9906005859375,546.435740020752,538.7211052856445,49725.652341888424,49023.62058099365,-702.0317608947735,-786.1432509132319,-1.4118100574487356,-1.5809611616718642,-1.5722865018264638,84.11149001845841,"{'brokerage_entry': 20.0, 'brokerage_exit': 20.0, 'exchange_entry': np.float64(1.4768518745540862), 'exchange_exit': np.float64(1.4560015312555115), 'sebi_entry': np.float64(0.04972565234188842), 'sebi_exit': np.float64(0.049023620580993646), 'ipft_entry': np.float64(0.04972565234188842), 'ipft_exit': np.float64(0.049023620580993646), 'stamp_buy': np.float64(1.4917695702566527), 'stt_sell': np.float64(12.255905145248413), 'dp_sell': 16.5, 'gst': np.float64(10.733463351297967), 'fees_total': np.float64(84.11149001845841)}",MACD_cross_down,7,1413_rsi_enabled=False_rsi_buy_below=40_rsi_sell_above=70_macd_enabled=True_macd_fast=12_macd_slow=26_macd_signal=9_adx_enabled=False_adx_length=14_adx_min_adx=20_sma_enabled=False_sma_length=50_bb_enabled=False_bb_length=20_bb_stddev=2.0_combination_mode=all
MFSL.NS,2016-04-22,2016-04-28,134,371.2071228027344,352.64676666259766,371.39272636413574,352.47044327926636,49766.62533279419,47231.039399421694,-2535.5859333724948,-2619.1849866293073,-5.094952523738126,-5.262934685875456,-5.238369973258615,83.59905325681251,"{'brokerage_entry': 20.0, 'brokerage_exit': 20.0, 'exchange_entry': np.float64(1.4780687723839874), 'exchange_exit': np.float64(1.4027618701628244), 'sebi_entry': np.float64(0.04976662533279418), 'sebi_exit': np.float64(0.04723103939942169), 'ipft_entry': np.float64(0.04976662533279418), 'ipft_exit': np.float64(0.04723103939942169), 'stamp_buy': np.float64(1.4929987599838257), 'stt_sell': np.float64(11.807759849855424), 'dp_sell': 16.5, 'gst': np.float64(10.723468674962023), 'fees_total': np.float64(83.59905325681251)}",HSL,4,1413_rsi_enabled=False_rsi_buy_below=40_rsi_sell_above=70_macd_enabled=True_macd_fast=12_macd_slow=26_macd_signal=9_adx_enabled=False_adx_length=14_adx_min_adx=20_sma_enabled=False_sma_length=50_bb_enabled=False_bb_length=20_bb_stddev=2.0_combination_mode=all
MFSL.NS,2016-08-31,2016-09-16,86,578.0203857421875,584.6500244140625,578.3093959350585,584.3576994018555,49734.60805041504,50254.762148559574,520.154098144536,435.68816698422074,1.0458594498568592,0.8760261396703315,0.8713763339684415,84.4659311603152,"{'brokerage_entry': 20.0, 'brokerage_exit': 20.0, 'exchange_entry': np.float64(1.4771178590973266), 'exchange_exit': np.float64(1.4925664358122193), 'sebi_entry': np.float64(0.04973460805041503), 'sebi_exit': np.float64(0.05025476214855957), 'ipft_entry': np.float64(0.04973460805041503), 'ipft_exit': np.float64(0.05025476214855957), 'stamp_buy': np.float64(1.4920382415124511), 'stt_sell': np.float64(12.563690537139893), 'dp_sell': 16.5, 'gst': np.float64(10.74053934635535), 'fees_total': np.float64(84.4659311603152)}",Time,10,1413_rsi_enabled=False_rsi_buy_below=40_rsi_sell_above=70_macd_enabled=True_macd_fast=12_macd_slow=26_macd_signal=9_adx_enabled=False_adx_length=14_adx_min_adx=20_sma_enabled=False_sma_length=50_bb_enabled=False_bb_length=20_bb_stddev=2.0_combination_mode=all
MFSL.NS,2016-10-28,2016-11-02,88,562.7999877929688,546.8499755859375,563.0813877868652,546.5765505981445,49551.16212524414,48098.73645263672,-1452.4256726074236,-1536.2595836905443,-2.931163690846065,-3.1003502598133568,-3.0725191673810888,83.83391108312073,"{'brokerage_entry': 20.0, 'brokerage_exit': 20.0, 'exchange_entry': np.float64(1.471669515119751), 'exchange_exit': np.float64(1.4285324726433104), 'sebi_entry': np.float64(0.04955116212524414), 'sebi_exit': np.float64(0.048098736452636716), 'ipft_entry': np.float64(0.04955116212524414), 'ipft_exit': np.float64(0.048098736452636716), 'stamp_buy': np.float64(1.4865348637573241), 'stt_sell': np.float64(12.024684113159179), 'dp_sell': 16.5, 'gst': np.float64(10.72719032128539), 'fees_total': np.float64(83.83391108312073)}",MACD_cross_down,2,1413_rsi_enabled=False_rsi_buy_below=40_rsi_sell_above=70_macd_enabled=True_macd_fast=12_macd_slow=26_macd_signal=9_adx_enabled=False_adx_length=14_adx_min_adx=20_sma_enabled=False_sma_length=50_bb_enabled=False_bb_length=20_bb_stddev=2.0_combination_mode=all
MFSL.NS,2016-11-10,2016-11-15,87,573.2000122070312,544.5400115966796,573.4866122131348,544.2677415908813,49893.33526254273,47351.293518406674,-2542.041744136055,-2625.683900157713,-5.0949525237381454,-5.262594465455464,-5.2513678003154265,83.64215602165814,"{'brokerage_entry': 20.0, 'brokerage_exit': 20.0, 'exchange_entry': np.float64(1.481832057297519), 'exchange_exit': np.float64(1.4063334174966782), 'sebi_entry': np.float64(0.04989333526254273), 'sebi_exit': np.float64(0.047351293518406674), 'ipft_entry': np.float64(0.04989333526254273), 'ipft_exit': np.float64(0.047351293518406674), 'stamp_buy': np.float64(1.496800057876282), 'stt_sell': np.float64(11.83782337960167), 'dp_sell': 16.5, 'gst': np.float64(10.724877851824095), 'fees_total': np.float64(83.64215602165814)}",HSL,2,1413_rsi_enabled=False_rsi_buy_below=40_rsi_sell_above=70_macd_enabled=True_macd_fast=12_macd_slow=26_macd_signal=9_adx_enabled=False_adx_length=14_adx_min_adx=20_sma_enabled=False_sma_length=50_bb_enabled=False_bb_length=20_bb_stddev=2.0_combination_mode=all
MFSL.NS,2017-02-01,2017-02-15,85,581.7000122070312,603.5999755859375,581.9908622131347,603.2981755981446,49469.22328811645,51280.344925842284,1811.1216377258315,1726.378836447116,3.6611078916229944,3.4898038046654123,3.452757672894232,84.7428012787154,"{'brokerage_entry': 20.0, 'brokerage_exit': 20.0, 'exchange_entry': np.float64(1.4692359316570587), 'exchange_exit': np.float64(1.5230262442975158), 'sebi_entry': np.float64(0.049469223288116454), 'sebi_exit': np.float64(0.05128034492584228), 'ipft_entry': np.float64(0.049469223288116454), 'ipft_exit': np.float64(0.05128034492584228), 'stamp_buy': np.float64(1.4840766986434937), 'stt_sell': np.float64(12.820086231460571), 'dp_sell': 16.5, 'gst': np.float64(10.744877036228848), 'fees_total': np.float64(84.7428012787154)}",Time,10,1413_rsi_enabled=False_rsi_buy_below=40_rsi_sell_above=70_macd_enabled=True_macd_fast=12_macd_slow=26_macd_signal=9_adx_enabled=False_adx_length=14_adx_min_adx=20_sma_enabled=False_sma_length=50_bb_enabled=False_bb_length=20_bb_stddev=2.0_combination_mode=all
MFSL.NS,2017-04-05,2017-04-20,83,595.5499877929688,650.9500122070312,595.8477627868652,650.6245372009278,49455.364311309815,54001.836587677004,4546.472276367189,4460.948236234103,9.193082165461814,9.02015038885062,8.921896472468207,85.52404013308605,"{'brokerage_entry': 20.0, 'brokerage_exit': 20.0, 'exchange_entry': np.float64(1.4688243200459015), 'exchange_exit': np.float64(1.603854546654007), 'sebi_entry': np.float64(0.04945536431130981), 'sebi_exit': np.float64(0.054001836587677), 'ipft_entry': np.float64(0.04945536431130981), 'ipft_exit': np.float64(0.054001836587677), 'stamp_buy': np.float64(1.4836609293392944), 'stt_sell': np.float64(13.500459146919251), 'dp_sell': 16.5, 'gst': np.float64(10.76032678832962), 'fees_total': np.float64(85.52404013308605)}",Time,10,1413_rsi_enabled=False_rsi_buy_below=40_rsi_sell_above=70_macd_enabled=True_macd_fast=12_macd_slow=26_macd_signal=9_adx_enabled=False_adx_length=14_adx_min_adx=20_sma_enabled=False_sma_length=50_bb_enabled=False_bb_length=20_bb_stddev=2.0_combination_mode=all
MFSL.NS,2017-09-19,2017-09-25,77,646.5499877929688,614.2224884033203,646.8732627868652,613.9153771591186,49809.24123458862,47271.48404125214,-2537.7571933364816,-2621.3707431935004,-5.094952523738121,-5.262820067560402,-5.2427414863870005,83.6135498570188,"{'brokerage_entry': 20.0, 'brokerage_exit': 20.0, 'exchange_entry': np.float64(1.479334464667282), 'exchange_exit': np.float64(1.4039630760251884), 'sebi_entry': np.float64(0.049809241234588617), 'sebi_exit': np.float64(0.047271484041252136), 'ipft_entry': np.float64(0.049809241234588617), 'ipft_exit': np.float64(0.047271484041252136), 'stamp_buy': np.float64(1.4942772370376587), 'stt_sell': np.float64(11.817871010313034), 'dp_sell': 16.5, 'gst': np.float64(10.723942618423948), 'fees_total': np.float64(83.6135498570188)}",HSL,4,1413_rsi_enabled=False_rsi_buy_below=40_rsi_sell_above=70_macd_enabled=True_macd_fast=12_macd_slow=26_macd_signal=9_adx_enabled=False_adx_length=14_adx_min_adx=20_sma_enabled=False_sma_length=50_bb_enabled=False_bb_length=20_bb_stddev=2.0_combination_mode=all
MFSL.NS,2017-12-21,2018-01-05,84,590.6500244140625,588.9000244140625,590.9453494262694,588.6055744018555,49639.40935180664,49442.86824975586,-196.5411020507745,-280.7672730697317,-0.3959376322506975,-0.5656136459639666,-0.5615345461394633,84.22617101895722,"{'brokerage_entry': 20.0, 'brokerage_exit': 20.0, 'exchange_entry': np.float64(1.474290457748657), 'exchange_exit': np.float64(1.468453187017749), 'sebi_entry': np.float64(0.049639409351806635), 'sebi_exit': np.float64(0.04944286824975586), 'ipft_entry': np.float64(0.049639409351806635), 'ipft_exit': np.float64(0.04944286824975586), 'stamp_buy': np.float64(1.4891822805541992), 'stt_sell': np.float64(12.360717062438965), 'dp_sell': 16.5, 'gst': np.float64(10.735363475994514), 'fees_total': np.float64(84.22617101895722)}",Time,10,1413_rsi_enabled=False_rsi_buy_below=40_rsi_sell_above=70_macd_enabled=True_macd_fast=12_macd_slow=26_macd_signal=9_adx_enabled=False_adx_length=14_adx_min_adx=20_sma_enabled=False_sma_length=50_bb_enabled=False_bb_length=20_bb_stddev=2.0_combination_mode=all
MFSL.NS,2018-04-23,2018-05-08,99,500.5,523.0499877929688,500.75025,522.7884627990722,49574.27475,51756.05781710815,2181.783067108154,2096.8964619913713,4.401038801093412,4.229807642302163,4.193792923982743,84.88660511678229,"{'brokerage_entry': 20.0, 'brokerage_exit': 20.0, 'exchange_entry': np.float64(1.472355960075), 'exchange_exit': np.float64(1.537154917168112), 'sebi_entry': np.float64(0.049574274749999994), 'sebi_exit': np.float64(0.051756057817108146), 'ipft_entry': np.float64(0.049574274749999994), 'ipft_exit': np.float64(0.051756057817108146), 'stamp_buy': np.float64(1.4872282424999999), 'stt_sell': np.float64(12.939014454277038), 'dp_sell': 16.5, 'gst': np.float64(10.748190877627918), 'fees_total': np.float64(84.88660511678229)}",Time,10,1413_rsi_enabled=False_rsi_buy_below=40_rsi_sell_above=70_macd_enabled=True_macd_fast=12_macd_slow=26_macd_signal=9_adx_enabled=False_adx_length=14_adx_min_adx=20_sma_enabled=False_sma_length=50_bb_enabled=False_bb_length=20_bb_stddev=2.0_combination_mode=all
MFSL.NS,2018-07-24,2018-08-07,106,467.8500061035156,490.5,468.0839311065674,490.25475,49616.89669729614,51967.0035,2350.1068027038564,2265.1566975571573,4.736505019734386,4.56529297141753,4.530313395114314,84.95010514669895,"{'brokerage_entry': 20.0, 'brokerage_exit': 20.0, 'exchange_entry': np.float64(1.4736218319096954), 'exchange_exit': np.float64(1.54342000395), 'sebi_entry': np.float64(0.04961689669729614), 'sebi_exit': np.float64(0.0519670035), 'ipft_entry': np.float64(0.04961689669729614), 'ipft_exit': np.float64(0.0519670035), 'stamp_buy': np.float64(1.4885069009188843), 'stt_sell': np.float64(12.991750875), 'dp_sell': 16.5, 'gst': np.float64(10.749637734525772), 'fees_total': np.float64(84.95010514669895)}",Time,10,1413_rsi_enabled=False_rsi_buy_below=40_rsi_sell_above=70_macd_enabled=True_macd_fast=12_macd_slow=26_macd_signal=9_adx_enabled=False_adx_length=14_adx_min_adx=20_sma_enabled=False_sma_length=50_bb_enabled=False_bb_length=20_bb_stddev=2.0_combination_mode=all
MFSL.NS,2018-09-12,2018-09-19,105,471.54998779296875,447.9724884033203,471.78576278686523,447.7485021591187,49537.50509262085,47013.59272670746,-2523.912365913391,-2607.4334796128765,-5.094952523738131,-5.263554300398714,-5.214866959225753,83.52111369948528,"{'brokerage_entry': 20.0, 'brokerage_exit': 20.0, 'exchange_entry': np.float64(1.4712639012508393), 'exchange_exit': np.float64(1.3963037039832116), 'sebi_entry': np.float64(0.049537505092620844), 'sebi_exit': np.float64(0.04701359272670746), 'ipft_entry': np.float64(0.049537505092620844), 'ipft_exit': np.float64(0.04701359272670746), 'stamp_buy': np.float64(1.4861251527786254), 'stt_sell': np.float64(11.753398181676864), 'dp_sell': 16.5, 'gst': np.float64(10.720920564157087), 'fees_total': np.float64(83.52111369948528)}",HSL,4,1413_rsi_enabled=False_rsi_buy_below=40_rsi_sell_above=70_macd_enabled=True_macd_fast=12_macd_slow=26_macd_signal=9_adx_enabled=False_adx_length=14_adx_min_adx=20_sma_enabled=False_sma_length=50_bb_enabled=False_bb_length=20_bb_stddev=2.0_combination_mode=all
MFSL.NS,2018-11-19,2018-11-26,114,437.54998779296875,415.6724884033203,437.76876278686524,415.46465215911866,49905.638957702635,47362.970346139526,-2542.668611563109,-2626.3149529179946,-5.0949525237381295,-5.262561521642714,-5.252629905835989,83.6463413548855,"{'brokerage_entry': 20.0, 'brokerage_exit': 20.0, 'exchange_entry': np.float64(1.4821974770437683), 'exchange_exit': np.float64(1.4066802192803438), 'sebi_entry': np.float64(0.049905638957702635), 'sebi_exit': np.float64(0.047362970346139524), 'ipft_entry': np.float64(0.049905638957702635), 'ipft_exit': np.float64(0.047362970346139524), 'stamp_buy': np.float64(1.497169168731079), 'stt_sell': np.float64(11.840742586534882), 'dp_sell': 16.5, 'gst': np.float64(10.725014684687725), 'fees_total': np.float64(83.6463413548855)}",HSL,4,1413_rsi_enabled=False_rsi_buy_below=40_rsi_sell_above=70_macd_enabled=True_macd_fast=12_macd_slow=26_macd_signal=9_adx_enabled=False_adx_length=14_adx_min_adx=20_sma_enabled=False_sma_length=50_bb_enabled=False_bb_length=20_bb_stddev=2.0_combination_mode=all
MFSL.NS,2019-03-12,2019-03-27,116,429.70001220703125,448.54998779296875,429.91486221313477,448.3257127990723,49870.12401672363,52005.782684692385,2135.6586679687534,2050.6803484110055,4.282441060809421,4.112041806279292,4.101360696822011,84.97831955774795,"{'brokerage_entry': 20.0, 'brokerage_exit': 20.0, 'exchange_entry': np.float64(1.4811426832966919), 'exchange_exit': np.float64(1.5445717457353638), 'sebi_entry': np.float64(0.04987012401672363), 'sebi_exit': np.float64(0.05200578268469238), 'ipft_entry': np.float64(0.04987012401672363), 'ipft_exit': np.float64(0.05200578268469238), 'stamp_buy': np.float64(1.496103720501709), 'stt_sell': np.float64(13.001445671173096), 'dp_sell': 16.5, 'gst': np.float64(10.751303923638279), 'fees_total': np.float64(84.97831955774795)}",Time,10,1413_rsi_enabled=False_rsi_buy_below=40_rsi_sell_above=70_macd_enabled=True_macd_fast=12_macd_slow=26_macd_signal=9_adx_enabled=False_adx_length=14_adx_min_adx=20_sma_enabled=False_sma_length=50_bb_enabled=False_bb_length=20_bb_stddev=2.0_combination_mode=all
MFSL.NS,2019-05-27,2019-05-29,112,445.75,423.4625,445.972875,423.25076875,49948.962,47404.0861,-2544.875899999999,-2628.5369785022276,-5.0949525237381295,-5.262445651027198,-5.257073957004455,83.6610785022286,"{'brokerage_entry': 20.0, 'brokerage_exit': 20.0, 'exchange_entry': np.float64(1.4834841714), 'exchange_exit': np.float64(1.40790135717), 'sebi_entry': np.float64(0.049948962), 'sebi_exit': np.float64(0.0474040861), 'ipft_entry': np.float64(0.049948962), 'ipft_exit': np.float64(0.0474040861), 'stamp_buy': np.float64(1.49846886), 'stt_sell': np.float64(11.851021525), 'dp_sell': 16.5, 'gst': np.float64(10.7254964924586), 'fees_total': np.float64(83.6610785022286)}",HSL,2,1413_rsi_enabled=False_rsi_buy_below=40_rsi_sell_above=70_macd_enabled=True_macd_fast=12_macd_slow=26_macd_signal=9_adx_enabled=False_adx_length=14_adx_min_adx=20_sma_enabled=False_sma_length=50_bb_enabled=False_bb_length=20_bb_stddev=2.0_combination_mode=all
MFSL.NS,2019-07-17,2019-07-19,116,427.54998779296875,406.1724884033203,427.7637627868652,405.96940215911866,49620.596483276364,47092.450650457766,-2528.145832818598,-2611.6952116167954,-5.094952523738121,-5.2633289333734945,-5.223390423233591,83.5493787981972,"{'brokerage_entry': 20.0, 'brokerage_exit': 20.0, 'exchange_entry': np.float64(1.473731715553308), 'exchange_exit': np.float64(1.3986457843185958), 'sebi_entry': np.float64(0.04962059648327636), 'sebi_exit': np.float64(0.047092450650457765), 'ipft_entry': np.float64(0.04962059648327636), 'ipft_exit': np.float64(0.047092450650457765), 'stamp_buy': np.float64(1.4886178944982909), 'stt_sell': np.float64(11.773112662614441), 'dp_sell': 16.5, 'gst': np.float64(10.721844646945089), 'fees_total': np.float64(83.5493787981972)}",HSL,2,1413_rsi_enabled=False_rsi_buy_below=40_rsi_sell_above=70_macd_enabled=True_macd_fast=12_macd_slow=26_macd_signal=9_adx_enabled=False_adx_length=14_adx_min_adx=20_sma_enabled=False_sma_length=50_bb_enabled=False_bb_length=20_bb_stddev=2.0_combination_mode=all
MFSL.NS,2019-11-07,2019-11-22,104,478.25,507.25,478.489125,506.996375,49762.869,52727.623,2964.754000000001,2879.575448836249,5.957763407893546,5.786594516558619,5.759150897672498,85.17855116375199,"{'brokerage_entry': 20.0, 'brokerage_exit': 20.0, 'exchange_entry': np.float64(1.4779572093), 'exchange_exit': np.float64(1.5660104031), 'sebi_entry': np.float64(0.049762868999999994), 'sebi_exit': np.float64(0.052727622999999994), 'ipft_entry': np.float64(0.049762868999999994), 'ipft_exit': np.float64(0.052727622999999994), 'stamp_buy': np.float64(1.49288607), 'stt_sell': np.float64(13.18190575), 'dp_sell': 16.5, 'gst': np.float64(10.754810747352), 'fees_total': np.float64(85.17855116375199)}",Time,10,1413_rsi_enabled=False_rsi_buy_below=40_rsi_sell_above=70_macd_enabled=True_macd_fast=12_macd_slow=26_macd_signal=9_adx_enabled=False_adx_length=14_adx_min_adx=20_sma_enabled=False_sma_length=50_bb_enabled=False_bb_length=20_bb_stddev=2.0_combination_mode=all
MFSL.NS,2020-02-20,2020-02-24,88,565.0,548.6850219726563,565.2824999999999,548.4106794616699,49744.85999999999,48260.13979262696,-1484.7202073730368,-1568.6135631434365,-2.984670591842126,-3.1533178767483445,-3.1372271262868736,83.89335577039972,"{'brokerage_entry': 20.0, 'brokerage_exit': 20.0, 'exchange_entry': np.float64(1.4774223419999999), 'exchange_exit': np.float64(1.4333261518410205), 'sebi_entry': np.float64(0.04974485999999999), 'sebi_exit': np.float64(0.04826013979262696), 'ipft_entry': np.float64(0.04974485999999999), 'ipft_exit': np.float64(0.04826013979262696), 'stamp_buy': np.float64(1.4923457999999998), 'stt_sell': np.float64(12.06503494815674), 'dp_sell': 16.5, 'gst': np.float64(10.729216528816726), 'fees_total': np.float64(83.89335577039972)}",TSL,1,1413_rsi_enabled=False_rsi_buy_below=40_rsi_sell_above=70_macd_enabled=True_macd_fast=12_macd_slow=26_macd_signal=9_adx_enabled=False_adx_length=14_adx_min_adx=20_sma_enabled=False_sma_length=50_bb_enabled=False_bb_length=20_bb_stddev=2.0_combination_mode=all
MFSL.NS,2020-04-28,2020-05-04,104,477.1499938964844,453.29249420166013,477.3885688934326,453.06584795455933,49648.411164916986,47118.84818727417,-2529.5629776428177,-2613.121818127912,-5.094952523738122,-5.263253660722218,-5.226243636255823,83.55884048509411,"{'brokerage_entry': 20.0, 'brokerage_exit': 20.0, 'exchange_entry': np.float64(1.4745578115980345), 'exchange_exit': np.float64(1.3994297911620428), 'sebi_entry': np.float64(0.049648411164916986), 'sebi_exit': np.float64(0.047118848187274166), 'ipft_entry': np.float64(0.049648411164916986), 'ipft_exit': np.float64(0.047118848187274166), 'stamp_buy': np.float64(1.4894523349475097), 'stt_sell': np.float64(11.779712046818542), 'dp_sell': 16.5, 'gst': np.float64(10.722153981863602), 'fees_total': np.float64(83.55884048509411)}",HSL,3,1413_rsi_enabled=False_rsi_buy_below=40_rsi_sell_above=70_macd_enabled=True_macd_fast=12_macd_slow=26_macd_signal=9_adx_enabled=False_adx_length=14_adx_min_adx=20_sma_enabled=False_sma_length=50_bb_enabled=False_bb_length=20_bb_stddev=2.0_combination_mode=all
MFSL.NS,2020-05-28,2020-06-11,107,466.1000061035156,476.04998779296875,466.33305610656737,475.8119627990723,49897.637003402706,50911.880019500735,1014.2430160980293,929.5772361892933,2.032647389752874,1.862968453046989,1.8591544723785867,84.66577990873598,"{'brokerage_entry': 20.0, 'brokerage_exit': 20.0, 'exchange_entry': np.float64(1.4819598190010603), 'exchange_exit': np.float64(1.5120828365791719), 'sebi_entry': np.float64(0.0498976370034027), 'sebi_exit': np.float64(0.050911880019500734), 'ipft_entry': np.float64(0.0498976370034027), 'ipft_exit': np.float64(0.050911880019500734), 'stamp_buy': np.float64(1.4969291101020812), 'stt_sell': np.float64(12.727970004875184), 'dp_sell': 16.5, 'gst': np.float64(10.745219104132687), 'fees_total': np.float64(84.66577990873598)}",Time,10,1413_rsi_enabled=False_rsi_buy_below=40_rsi_sell_above=70_macd_enabled=True_macd_fast=12_macd_slow=26_macd_signal=9_adx_enabled=False_adx_length=14_adx_min_adx=20_sma_enabled=False_sma_length=50_bb_enabled=False_bb_length=20_bb_stddev=2.0_combination_mode=all
MFSL.NS,2020-08-24,2020-08-31,90,549.4500122070312,577.575,549.7247372131347,577.2862125,49475.22634918213,51955.759125000004,2480.5327758178755,2395.595451803503,5.0136865636773,4.842010089849956,4.7911909036070055,84.93732401437272,"{'brokerage_entry': 20.0, 'brokerage_exit': 20.0, 'exchange_entry': np.float64(1.4694142225707092), 'exchange_exit': np.float64(1.5430860460125002), 'sebi_entry': np.float64(0.049475226349182125), 'sebi_exit': np.float64(0.051955759125), 'ipft_entry': np.float64(0.049475226349182125), 'ipft_exit': np.float64(0.051955759125), 'stamp_buy': np.float64(1.484256790475464), 'stt_sell': np.float64(12.988939781250002), 'dp_sell': 16.5, 'gst': np.float64(10.748765203115683), 'fees_total': np.float64(84.93732401437272)}",TSL,5,1413_rsi_enabled=False_rsi_buy_below=40_rsi_sell_above=70_macd_enabled=True_macd_fast=12_macd_slow=26_macd_signal=9_adx_enabled=False_adx_length=14_adx_min_adx=20_sma_enabled=False_sma_length=50_bb_enabled=False_bb_length=20_bb_stddev=2.0_combination_mode=all
MFSL.NS,2020-11-03,2020-11-17,82,602.6500244140625,613.25,602.9513494262695,612.9433750000001,49442.0106529541,50261.356750000006,819.3460970459055,734.897993377742,1.6571860371882967,1.486383712297171,1.469795986755484,84.44810366816353,"{'brokerage_entry': 20.0, 'brokerage_exit': 20.0, 'exchange_entry': np.float64(1.4684277163927368), 'exchange_exit': np.float64(1.4927622954750002), 'sebi_entry': np.float64(0.0494420106529541), 'sebi_exit': np.float64(0.05026135675000001), 'ipft_entry': np.float64(0.0494420106529541), 'ipft_exit': np.float64(0.05026135675000001), 'stamp_buy': np.float64(1.4832603195886231), 'stt_sell': np.float64(12.565339187500001), 'dp_sell': 16.5, 'gst': np.float64(10.738907414401256), 'fees_total': np.float64(84.44810366816353)}",Time,10,1413_rsi_enabled=False_rsi_buy_below=40_rsi_sell_above=70_macd_enabled=True_macd_fast=12_macd_slow=26_macd_signal=9_adx_enabled=False_adx_length=14_adx_min_adx=20_sma_enabled=False_sma_length=50_bb_enabled=False_bb_length=20_bb_stddev=2.0_combination_mode=all
MFSL.NS,2022-01-03,2022-01-17,49,1017.3499755859375,1020.0,1017.8586505737304,1019.49,49875.07387811279,49955.01,79.93612188721454,-4.453126946673535,0.1602726886832618,-0.00892856210610597,-0.008906253893347071,84.38924883388808,"{'brokerage_entry': 20.0, 'brokerage_exit': 20.0, 'exchange_entry': np.float64(1.4812896941799498), 'exchange_exit': np.float64(1.4836637970000002), 'sebi_entry': np.float64(0.04987507387811278), 'sebi_exit': np.float64(0.04995501), 'ipft_entry': np.float64(0.04987507387811278), 'ipft_exit': np.float64(0.04995501), 'stamp_buy': np.float64(1.4962522163433836), 'stt_sell': np.float64(12.4887525), 'dp_sell': 16.5, 'gst': np.float64(10.73963045860851), 'fees_total': np.float64(84.38924883388808)}",Time,10,1413_rsi_enabled=False_rsi_buy_below=40_rsi_sell_above=70_macd_enabled=True_macd_fast=12_macd_slow=26_macd_signal=9_adx_enabled=False_adx_length=14_adx_min_adx=20_sma_enabled=False_sma_length=50_bb_enabled=False_bb_length=20_bb_stddev=2.0_combination_mode=all
MFSL.NS,2022-05-31,2022-06-14,62,794.7000122070312,808.5999755859375,795.0973622131347,808.1956755981446,49296.03645721435,50108.131887084965,812.0954298706129,727.7012034840384,1.6473848370658708,1.4761860299166936,1.4554024069680769,84.39422638657453,"{'brokerage_entry': 20.0, 'brokerage_exit': 20.0, 'exchange_entry': np.float64(1.4640922827792662), 'exchange_exit': np.float64(1.4882115170464234), 'sebi_entry': np.float64(0.04929603645721435), 'sebi_exit': np.float64(0.05010813188708496), 'ipft_entry': np.float64(0.04929603645721435), 'ipft_exit': np.float64(0.05010813188708496), 'stamp_buy': np.float64(1.4788810937164305), 'stt_sell': np.float64(12.527032971771241), 'dp_sell': 16.5, 'gst': np.float64(10.737200184572572), 'fees_total': np.float64(84.39422638657453)}",Time,10,1413_rsi_enabled=False_rsi_buy_below=40_rsi_sell_above=70_macd_enabled=True_macd_fast=12_macd_slow=26_macd_signal=9_adx_enabled=False_adx_length=14_adx_min_adx=20_sma_enabled=False_sma_length=50_bb_enabled=False_bb_length=20_bb_stddev=2.0_combination_mode=all
MFSL.NS,2022-12-01,2022-12-15,71,701.25,706.4000244140625,701.6006249999999,706.0468244018555,49813.644374999996,50129.32453253174,315.68015753174404,231.24495037240598,0.6337222692547559,0.4642201012870703,0.46248990074481194,84.43520715933806,"{'brokerage_entry': 20.0, 'brokerage_exit': 20.0, 'exchange_entry': np.float64(1.4794652379375), 'exchange_exit': np.float64(1.4888409386161927), 'sebi_entry': np.float64(0.049813644374999994), 'sebi_exit': np.float64(0.05012932453253174), 'ipft_entry': np.float64(0.049813644374999994), 'ipft_exit': np.float64(0.05012932453253174), 'stamp_buy': np.float64(1.49440933125), 'stt_sell': np.float64(12.532331133132935), 'dp_sell': 16.5, 'gst': np.float64(10.740274580586377), 'fees_total': np.float64(84.43520715933806)}",Time,10,1413_rsi_enabled=False_rsi_buy_below=40_rsi_sell_above=70_macd_enabled=True_macd_fast=12_macd_slow=26_macd_signal=9_adx_enabled=False_adx_length=14_adx_min_adx=20_sma_enabled=False_sma_length=50_bb_enabled=False_bb_length=20_bb_stddev=2.0_combination_mode=all
MFSL.NS,2023-01-04,2023-01-18,70,713.8499755859375,828.3499755859375,714.2069005737304,827.9358005981446,49994.48304016113,57955.506041870125,7961.0230017089925,7874.326313415718,15.92380302305319,15.750390512269488,15.748652626831436,86.69668829327483,"{'brokerage_entry': 20.0, 'brokerage_exit': 20.0, 'exchange_entry': np.float64(1.4848361462927857), 'exchange_exit': np.float64(1.7212785294435426), 'sebi_entry': np.float64(0.04999448304016113), 'sebi_exit': np.float64(0.05795550604187012), 'ipft_entry': np.float64(0.04999448304016113), 'ipft_exit': np.float64(0.05795550604187012), 'stamp_buy': np.float64(1.499834491204834), 'stt_sell': np.float64(14.48887651046753), 'dp_sell': 16.5, 'gst': np.float64(10.78596263770207), 'fees_total': np.float64(86.69668829327483)}",Time,10,1413_rsi_enabled=False_rsi_buy_below=40_rsi_sell_above=70_macd_enabled=True_macd_fast=12_macd_slow=26_macd_signal=9_adx_enabled=False_adx_length=14_adx_min_adx=20_sma_enabled=False_sma_length=50_bb_enabled=False_bb_length=20_bb_stddev=2.0_combination_mode=all
MFSL.NS,2023-05-11,2023-05-15,74,674.9000244140625,641.1550231933594,675.2374744262695,640.8344456817628,49967.57310754394,47421.748980450444,-2545.824127093496,-2629.4915365138586,-5.094952523738112,-5.262395935969256,-5.258983073027717,83.66740942036245,"{'brokerage_entry': 20.0, 'brokerage_exit': 20.0, 'exchange_entry': np.float64(1.484036921294055), 'exchange_exit': np.float64(1.408425944719378), 'sebi_entry': np.float64(0.04996757310754394), 'sebi_exit': np.float64(0.04742174898045044), 'ipft_entry': np.float64(0.04996757310754394), 'ipft_exit': np.float64(0.04742174898045044), 'stamp_buy': np.float64(1.4990271932263182), 'stt_sell': np.float64(11.855437245112611), 'dp_sell': 16.5, 'gst': np.float64(10.725703471834095), 'fees_total': np.float64(83.66740942036245)}",HSL,2,1413_rsi_enabled=False_rsi_buy_below=40_rsi_sell_above=70_macd_enabled=True_macd_fast=12_macd_slow=26_macd_signal=9_adx_enabled=False_adx_length=14_adx_min_adx=20_sma_enabled=False_sma_length=50_bb_enabled=False_bb_length=20_bb_stddev=2.0_combination_mode=all
MFSL.NS,2023-11-08,2023-11-23,53,935.8499755859375,973.2999877929688,936.3179005737304,972.8133377990723,49624.84873040771,51559.10690335083,1934.2581729431186,1849.4247637109322,3.897761348253538,3.72681189167574,3.6988495274218645,84.83340923218631,"{'brokerage_entry': 20.0, 'brokerage_exit': 20.0, 'exchange_entry': np.float64(1.4738580072931091), 'exchange_exit': np.float64(1.5313054750295196), 'sebi_entry': np.float64(0.04962484873040771), 'sebi_exit': np.float64(0.05155910690335083), 'ipft_entry': np.float64(0.04962484873040771), 'ipft_exit': np.float64(0.05155910690335083), 'stamp_buy': np.float64(1.4887454619122313), 'stt_sell': np.float64(12.889776725837708), 'dp_sell': 16.5, 'gst': np.float64(10.747355650846226), 'fees_total': np.float64(84.83340923218631)}",Time,10,1413_rsi_enabled=False_rsi_buy_below=40_rsi_sell_above=70_macd_enabled=True_macd_fast=12_macd_slow=26_macd_signal=9_adx_enabled=False_adx_length=14_adx_min_adx=20_sma_enabled=False_sma_length=50_bb_enabled=False_bb_length=20_bb_stddev=2.0_combination_mode=all
MFSL.NS,2024-02-08,2024-02-15,50,996.0,946.1999999999999,996.4979999999999,945.7269,49824.899999999994,47286.345,-2538.554999999993,-2622.173876480463,-5.094952523738117,-5.262778001522258,-5.244347752960926,83.61887648047,"{'brokerage_entry': 20.0, 'brokerage_exit': 20.0, 'exchange_entry': np.float64(1.4797995299999998), 'exchange_exit': np.float64(1.4044044465), 'sebi_entry': np.float64(0.04982489999999999), 'sebi_exit': np.float64(0.047286345), 'ipft_entry': np.float64(0.04982489999999999), 'ipft_exit': np.float64(0.047286345), 'stamp_buy': np.float64(1.4947469999999998), 'stt_sell': np.float64(11.821586250000001), 'dp_sell': 16.5, 'gst': np.float64(10.72411676397), 'fees_total': np.float64(83.61887648047)}",HSL,5,1413_rsi_enabled=False_rsi_buy_below=40_rsi_sell_above=70_macd_enabled=True_macd_fast=12_macd_slow=26_macd_signal=9_adx_enabled=False_adx_length=14_adx_min_adx=20_sma_enabled=False_sma_length=50_bb_enabled=False_bb_length=20_bb_stddev=2.0_combination_mode=all
MFSL.NS,2024-07-09,2024-07-24,49,1013.4000244140625,1094.0,1013.9067244262694,1093.453,49681.4294968872,53579.197,3897.767503112802,3812.349693983153,7.845522044322452,7.673590982767549,7.624699387966307,85.41780912964916,"{'brokerage_entry': 20.0, 'brokerage_exit': 20.0, 'exchange_entry': np.float64(1.4755384560575497), 'exchange_exit': np.float64(1.5913021509), 'sebi_entry': np.float64(0.0496814294968872), 'sebi_exit': np.float64(0.053579196999999995), 'ipft_entry': np.float64(0.0496814294968872), 'ipft_exit': np.float64(0.053579196999999995), 'stamp_buy': np.float64(1.490442884906616), 'stt_sell': np.float64(13.39479925), 'dp_sell': 16.5, 'gst': np.float64(10.759205134791236), 'fees_total': np.float64(85.41780912964916)}",Time,10,1413_rsi_enabled=False_rsi_buy_below=40_rsi_sell_above=70_macd_enabled=True_macd_fast=12_macd_slow=26_macd_signal=9_adx_enabled=False_adx_length=14_adx_min_adx=20_sma_enabled=False_sma_length=50_bb_enabled=False_bb_length=20_bb_stddev=2.0_combination_mode=all
MFSL.NS,2024-09-04,2024-09-18,44,1133.300048828125,1140.550048828125,1133.866698852539,1139.979773803711,49890.134749511715,50159.11004736328,268.97529785156803,184.52637424636995,0.5391352402675171,0.3698654557115141,0.3690527484927399,84.44892360519808,"{'brokerage_entry': 20.0, 'brokerage_exit': 20.0, 'exchange_entry': np.float64(1.4817370020604979), 'exchange_exit': np.float64(1.4897255684066895), 'sebi_entry': np.float64(0.04989013474951171), 'sebi_exit': np.float64(0.05015911004736328), 'ipft_entry': np.float64(0.04989013474951171), 'ipft_exit': np.float64(0.05015911004736328), 'stamp_buy': np.float64(1.4967040424853515), 'stt_sell': np.float64(12.539777511840821), 'dp_sell': 16.5, 'gst': np.float64(10.740880990810966), 'fees_total': np.float64(84.44892360519808)}",Time,10,1413_rsi_enabled=False_rsi_buy_below=40_rsi_sell_above=70_macd_enabled=True_macd_fast=12_macd_slow=26_macd_signal=9_adx_enabled=False_adx_length=14_adx_min_adx=20_sma_enabled=False_sma_length=50_bb_enabled=False_bb_length=20_bb_stddev=2.0_combination_mode=all
COFORGE.NS,2015-01-02,2015-01-07,768,65.05902099609375,61.80606994628906,65.09155050659179,61.775166911315914,49990.310789062496,47443.32818789062,-2546.982601171876,-2630.6577452420925,-5.094952523738133,-5.2623352480090215,-5.261315490484185,83.67514407021643,"{'brokerage_entry': 20.0, 'brokerage_exit': 20.0, 'exchange_entry': np.float64(1.484712230435156), 'exchange_exit': np.float64(1.4090668471803514), 'sebi_entry': np.float64(0.04999031078906249), 'sebi_exit': np.float64(0.04744332818789062), 'ipft_entry': np.float64(0.04999031078906249), 'ipft_exit': np.float64(0.04744332818789062), 'stamp_buy': np.float64(1.4997093236718748), 'stt_sell': np.float64(11.860832046972655), 'dp_sell': 16.5, 'gst': np.float64(10.725956344002494), 'fees_total': np.float64(83.67514407021643)}",HSL,3,1413_rsi_enabled=False_rsi_buy_below=40_rsi_sell_above=70_macd_enabled=True_macd_fast=12_macd_slow=26_macd_signal=9_adx_enabled=False_adx_length=14_adx_min_adx=20_sma_enabled=False_sma_length=50_bb_enabled=False_bb_length=20_bb_stddev=2.0_combination_mode=all
COFORGE.NS,2015-01-14,2015-01-23,762,65.52117156982422,62.245112991333,65.55393215560913,62.21399043483734,49952.09630257416,47407.06071134606,-2545.035591228101,-2628.6977359222774,-5.094952523738126,-5.262437275904302,-5.257395471844554,83.66214469417643,"{'brokerage_entry': 20.0, 'brokerage_exit': 20.0, 'exchange_entry': np.float64(1.4835772601864525), 'exchange_exit': np.float64(1.407989703126978), 'sebi_entry': np.float64(0.049952096302574155), 'sebi_exit': np.float64(0.04740706071134605), 'ipft_entry': np.float64(0.049952096302574155), 'ipft_exit': np.float64(0.04740706071134605), 'stamp_buy': np.float64(1.498562889077225), 'stt_sell': np.float64(11.851765177836514), 'dp_sell': 16.5, 'gst': np.float64(10.725531349921427), 'fees_total': np.float64(83.66214469417643)}",HSL,7,1413_rsi_enabled=False_rsi_buy_below=40_rsi_sell_above=70_macd_enabled=True_macd_fast=12_macd_slow=26_macd_signal=9_adx_enabled=False_adx_length=14_adx_min_adx=20_sma_enabled=False_sma_length=50_bb_enabled=False_bb_length=20_bb_stddev=2.0_combination_mode=all
COFORGE.NS,2015-02-11,2015-02-26,787,63.467227935791016,71.6402359008789,63.49896154975891,71.60441578292847,49973.68273966026,56352.6752211647,6378.992481504443,6292.75785847108,12.76470360356678,12.59214353133315,12.585515716942162,86.2346230333636,"{'brokerage_entry': 20.0, 'brokerage_exit': 20.0, 'exchange_entry': np.float64(1.4842183773679098), 'exchange_exit': np.float64(1.6736744540685917), 'sebi_entry': np.float64(0.049973682739660255), 'sebi_exit': np.float64(0.0563526752211647), 'ipft_entry': np.float64(0.049973682739660255), 'ipft_exit': np.float64(0.0563526752211647), 'stamp_buy': np.float64(1.4992104821898078), 'stt_sell': np.float64(14.088168805291176), 'dp_sell': 16.5, 'gst': np.float64(10.776698198524466), 'fees_total': np.float64(86.2346230333636)}",Time,10,1413_rsi_enabled=False_rsi_buy_below=40_rsi_sell_above=70_macd_enabled=True_macd_fast=12_macd_slow=26_macd_signal=9_adx_enabled=False_adx_length=14_adx_min_adx=20_sma_enabled=False_sma_length=50_bb_enabled=False_bb_length=20_bb_stddev=2.0_combination_mode=all
COFORGE.NS,2015-05-05,2015-05-06,726,68.80748748779297,65.36711311340332,68.84189123153686,65.33442955684663,49979.21303409576,47432.795858270656,-2546.417175825103,-2630.0885447853216,-5.0949525237381,-5.262364861549697,-5.260177089570643,83.67136896021839,"{'brokerage_entry': 20.0, 'brokerage_exit': 20.0, 'exchange_entry': np.float64(1.4843826271126441), 'exchange_exit': np.float64(1.4087540369906384), 'sebi_entry': np.float64(0.049979213034095755), 'sebi_exit': np.float64(0.047432795858270656), 'ipft_entry': np.float64(0.049979213034095755), 'ipft_exit': np.float64(0.047432795858270656), 'stamp_buy': np.float64(1.4993763910228728), 'stt_sell': np.float64(11.858198964567665), 'dp_sell': 16.5, 'gst': np.float64(10.725832922739844), 'fees_total': np.float64(83.67136896021839)}",HSL,1,1413_rsi_enabled=False_rsi_buy_below=40_rsi_sell_above=70_macd_enabled=True_macd_fast=12_macd_slow=26_macd_signal=9_adx_enabled=False_adx_length=14_adx_min_adx=20_sma_enabled=False_sma_length=50_bb_enabled=False_bb_length=20_bb_stddev=2.0_combination_mode=all
COFORGE.NS,2015-07-13,2015-07-14,697,71.64878845214844,74.71261208270859,71.6846128463745,74.67525577666724,49964.17515392303,52048.65327633707,2084.478122414039,1999.4811419800744,4.1719454308861375,4.001829582536561,3.998962283960149,84.99698043396427,"{'brokerage_entry': 20.0, 'brokerage_exit': 20.0, 'exchange_entry': np.float64(1.483936002071514), 'exchange_exit': np.float64(1.545845002307211), 'sebi_entry': np.float64(0.04996417515392303), 'sebi_exit': np.float64(0.05204865327633707), 'ipft_entry': np.float64(0.04996417515392303), 'ipft_exit': np.float64(0.05204865327633707), 'stamp_buy': np.float64(1.498925254617691), 'stt_sell': np.float64(13.012163319084268), 'dp_sell': 16.5, 'gst': np.float64(10.752085199023064), 'fees_total': np.float64(84.99698043396427)}",TSL,1,1413_rsi_enabled=False_rsi_buy_below=40_rsi_sell_above=70_macd_enabled=True_macd_fast=12_macd_slow=26_macd_signal=9_adx_enabled=False_adx_length=14_adx_min_adx=20_sma_enabled=False_sma_length=50_bb_enabled=False_bb_length=20_bb_stddev=2.0_combination_mode=all
COFORGE.NS,2015-10-19,2015-10-21,510,97.89392852783203,92.99923210144043,97.94287549209594,92.95273248538972,49950.86650096893,47405.89356754876,-2544.9729334201693,-2628.6346597742086,-5.094952523738107,-5.262440561913414,-5.257269319548417,83.66172635403923,"{'brokerage_entry': 20.0, 'brokerage_exit': 20.0, 'exchange_entry': np.float64(1.4835407350787773), 'exchange_exit': np.float64(1.4079550389561981), 'sebi_entry': np.float64(0.04995086650096893), 'sebi_exit': np.float64(0.047405893567548756), 'ipft_entry': np.float64(0.04995086650096893), 'ipft_exit': np.float64(0.047405893567548756), 'stamp_buy': np.float64(1.498525995029068), 'stt_sell': np.float64(11.85147339188719), 'dp_sell': 16.5, 'gst': np.float64(10.725517672950962), 'fees_total': np.float64(83.66172635403923)}",HSL,2,1413_rsi_enabled=False_rsi_buy_below=40_rsi_sell_above=70_macd_enabled=True_macd_fast=12_macd_slow=26_macd_signal=9_adx_enabled=False_adx_length=14_adx_min_adx=20_sma_enabled=False_sma_length=50_bb_enabled=False_bb_length=20_bb_stddev=2.0_combination_mode=all
COFORGE.NS,2016-04-04,2016-04-21,564,88.55906677246094,87.32022857666016,88.60334630584717,87.27656846237183,49972.2873164978,49223.98461277771,-748.3027037200882,-832.488404240564,-1.4974353664877058,-1.6659001397475097,-1.6649768084811283,84.18570052047585,"{'brokerage_entry': 20.0, 'brokerage_exit': 20.0, 'exchange_entry': np.float64(1.4841769332999848), 'exchange_exit': np.float64(1.461952342999498), 'sebi_entry': np.float64(0.0499722873164978), 'sebi_exit': np.float64(0.04922398461277771), 'ipft_entry': np.float64(0.0499722873164978), 'ipft_exit': np.float64(0.04922398461277771), 'stamp_buy': np.float64(1.499168619494934), 'stt_sell': np.float64(12.305996153194428), 'dp_sell': 16.5, 'gst': np.float64(10.736013927628447), 'fees_total': np.float64(84.18570052047585)}",Time,10,1413_rsi_enabled=False_rsi_buy_below=40_rsi_sell_above=70_macd_enabled=True_macd_fast=12_macd_slow=26_macd_signal=9_adx_enabled=False_adx_length=14_adx_min_adx=20_sma_enabled=False_sma_length=50_bb_enabled=False_bb_length=20_bb_stddev=2.0_combination_mode=all
COFORGE.NS,2016-06-06,2016-06-20,567,88.05305480957031,93.22647857666016,88.0970813369751,93.17986533737184,49951.04511806488,52832.98364628983,2881.9385282249496,2796.717011579876,5.769525985718948,5.598915908505062,5.593434023159752,85.22151664507385,"{'brokerage_entry': 20.0, 'brokerage_exit': 20.0, 'exchange_entry': np.float64(1.483546040006527), 'exchange_exit': np.float64(1.569139614294808), 'sebi_entry': np.float64(0.04995104511806488), 'sebi_exit': np.float64(0.05283298364628983), 'ipft_entry': np.float64(0.04995104511806488), 'ipft_exit': np.float64(0.05283298364628983), 'stamp_buy': np.float64(1.4985313535419464), 'stt_sell': np.float64(13.208245911572458), 'dp_sell': 16.5, 'gst': np.float64(10.756485668129407), 'fees_total': np.float64(85.22151664507385)}",Time,10,1413_rsi_enabled=False_rsi_buy_below=40_rsi_sell_above=70_macd_enabled=True_macd_fast=12_macd_slow=26_macd_signal=9_adx_enabled=False_adx_length=14_adx_min_adx=20_sma_enabled=False_sma_length=50_bb_enabled=False_bb_length=20_bb_stddev=2.0_combination_mode=all
COFORGE.NS,2016-09-23,2016-09-29,649,76.91484069824219,73.06909866333008,76.9532981185913,73.03256411399842,49942.69047896576,47398.134109984974,-2544.5563689807823,-2628.2153141072217,-5.094952523738117,-5.262462412220545,-5.256430628214444,83.6589451264395,"{'brokerage_entry': 20.0, 'brokerage_exit': 20.0, 'exchange_entry': np.float64(1.483297907225283), 'exchange_exit': np.float64(1.4077245830665537), 'sebi_entry': np.float64(0.049942690478965754), 'sebi_exit': np.float64(0.047398134109984974), 'ipft_entry': np.float64(0.049942690478965754), 'ipft_exit': np.float64(0.047398134109984974), 'stamp_buy': np.float64(1.4982807143689727), 'stt_sell': np.float64(11.849533527496243), 'dp_sell': 16.5, 'gst': np.float64(10.725426745104551), 'fees_total': np.float64(83.6589451264395)}",HSL,4,1413_rsi_enabled=False_rsi_buy_below=40_rsi_sell_above=70_macd_enabled=True_macd_fast=12_macd_slow=26_macd_signal=9_adx_enabled=False_adx_length=14_adx_min_adx=20_sma_enabled=False_sma_length=50_bb_enabled=False_bb_length=20_bb_stddev=2.0_combination_mode=all
COFORGE.NS,2017-01-20,2017-01-30,631,79.09024047851562,75.13572845458984,79.12978559875488,75.09816059036255,49930.894712814326,47386.93933251877,-2543.955380295556,-2627.61031287037,-5.094952523738118,-5.262493948853708,-5.25522062574074,83.65493257481384,"{'brokerage_entry': 20.0, 'brokerage_exit': 20.0, 'exchange_entry': np.float64(1.4829475729705854), 'exchange_exit': np.float64(1.4073920981758075), 'sebi_entry': np.float64(0.049930894712814325), 'sebi_exit': np.float64(0.047386939332518765), 'ipft_entry': np.float64(0.049930894712814325), 'ipft_exit': np.float64(0.047386939332518765), 'stamp_buy': np.float64(1.4979268413844298), 'stt_sell': np.float64(11.846734833129693), 'dp_sell': 16.5, 'gst': np.float64(10.725295561062671), 'fees_total': np.float64(83.65493257481384)}",HSL,5,1413_rsi_enabled=False_rsi_buy_below=40_rsi_sell_above=70_macd_enabled=True_macd_fast=12_macd_slow=26_macd_signal=9_adx_enabled=False_adx_length=14_adx_min_adx=20_sma_enabled=False_sma_length=50_bb_enabled=False_bb_length=20_bb_stddev=2.0_combination_mode=all
COFORGE.NS,2017-03-17,2017-03-22,659,75.72907257080078,73.00089263916016,75.76693710708618,72.96439219284058,49930.41155356979,48083.53445508194,-1846.8770984878502,-1930.7322041126274,-3.6989022141472954,-3.8668461645687935,-3.8614644082252547,83.85510562477721,"{'brokerage_entry': 20.0, 'brokerage_exit': 20.0, 'exchange_entry': np.float64(1.4829332231410228), 'exchange_exit': np.float64(1.4280809733159336), 'sebi_entry': np.float64(0.04993041155356979), 'sebi_exit': np.float64(0.04808353445508194), 'ipft_entry': np.float64(0.04993041155356979), 'ipft_exit': np.float64(0.04808353445508194), 'stamp_buy': np.float64(1.4979123466070938), 'stt_sell': np.float64(12.020883613770486), 'dp_sell': 16.5, 'gst': np.float64(10.729267575925366), 'fees_total': np.float64(83.85510562477721)}",MACD_cross_down,3,1413_rsi_enabled=False_rsi_buy_below=40_rsi_sell_above=70_macd_enabled=True_macd_fast=12_macd_slow=26_macd_signal=9_adx_enabled=False_adx_length=14_adx_min_adx=20_sma_enabled=False_sma_length=50_bb_enabled=False_bb_length=20_bb_stddev=2.0_combination_mode=all
COFORGE.NS,2017-03-27,2017-04-11,659,75.80040740966797,76.0411148071289,75.8383076133728,76.00309424972535,49977.44471721268,50086.03911056901,108.59439335632487,24.160585561104227,0.21728680601976436,0.048342978913411924,0.048321171122208455,84.43380779522064,"{'brokerage_entry': 20.0, 'brokerage_exit': 20.0, 'exchange_entry': np.float64(1.4843301081012166), 'exchange_exit': np.float64(1.4875553615838994), 'sebi_entry': np.float64(0.04997744471721268), 'sebi_exit': np.float64(0.050086039110569004), 'ipft_entry': np.float64(0.04997744471721268), 'ipft_exit': np.float64(0.050086039110569004), 'stamp_buy': np.float64(1.4993233415163805), 'stt_sell': np.float64(12.521509777642253), 'dp_sell': 16.5, 'gst': np.float64(10.740962238721323), 'fees_total': np.float64(84.43380779522064)}",Time,10,1413_rsi_enabled=False_rsi_buy_below=40_rsi_sell_above=70_macd_enabled=True_macd_fast=12_macd_slow=26_macd_signal=9_adx_enabled=False_adx_length=14_adx_min_adx=20_sma_enabled=False_sma_length=50_bb_enabled=False_bb_length=20_bb_stddev=2.0_combination_mode=all
COFORGE.NS,2017-09-20,2017-09-25,513,97.37310791015625,92.50445251464843,97.42179446411133,92.45820028839111,49977.380560089114,47431.05674794464,-2546.323812144474,-2629.994557754207,-5.094952523738138,-5.2623697526365865,-5.259989115508414,83.67074560973315,"{'brokerage_entry': 20.0, 'brokerage_exit': 20.0, 'exchange_entry': np.float64(1.4843282026346467), 'exchange_exit': np.float64(1.4087023854139558), 'sebi_entry': np.float64(0.04997738056008911), 'sebi_exit': np.float64(0.047431056747944636), 'ipft_entry': np.float64(0.04997738056008911), 'ipft_exit': np.float64(0.047431056747944636), 'stamp_buy': np.float64(1.4993214168026734), 'stt_sell': np.float64(11.85776418698616), 'dp_sell': 16.5, 'gst': np.float64(10.72581254327964), 'fees_total': np.float64(83.67074560973315)}",HSL,3,1413_rsi_enabled=False_rsi_buy_below=40_rsi_sell_above=70_macd_enabled=True_macd_fast=12_macd_slow=26_macd_signal=9_adx_enabled=False_adx_length=14_adx_min_adx=20_sma_enabled=False_sma_length=50_bb_enabled=False_bb_length=20_bb_stddev=2.0_combination_mode=all
COFORGE.NS,2017-12-21,2018-01-05,420,118.91606903076172,122.43645477294922,118.97552706527709,122.37523654556276,49969.72136741638,51397.599349136355,1427.8779817199757,1343.0677442429458,2.8574863790436265,2.6877631243281583,2.6861354884858915,84.81023747702994,"{'brokerage_entry': 20.0, 'brokerage_exit': 20.0, 'exchange_entry': np.float64(1.4841007246122664), 'exchange_exit': np.float64(1.5265087006693498), 'sebi_entry': np.float64(0.04996972136741638), 'sebi_exit': np.float64(0.051397599349136354), 'ipft_entry': np.float64(0.04996972136741638), 'ipft_exit': np.float64(0.051397599349136354), 'stamp_buy': np.float64(1.4990916410224915), 'stt_sell': np.float64(12.84939983728409), 'dp_sell': 16.5, 'gst': np.float64(10.748401932008651), 'fees_total': np.float64(84.81023747702994)}",Time,10,1413_rsi_enabled=False_rsi_buy_below=40_rsi_sell_above=70_macd_enabled=True_macd_fast=12_macd_slow=26_macd_signal=9_adx_enabled=False_adx_length=14_adx_min_adx=20_sma_enabled=False_sma_length=50_bb_enabled=False_bb_length=20_bb_stddev=2.0_combination_mode=all
COFORGE.NS,2018-03-12,2018-03-19,300,166.5281982421875,166.63887102655355,166.6114623413086,166.55555159104028,49983.43870239258,49966.66547731208,-16.773225080498378,-101.17312820784423,-0.033557565297514205,-0.20241330095402443,-0.20234625641568846,84.39990312734585,"{'brokerage_entry': 20.0, 'brokerage_exit': 20.0, 'exchange_entry': np.float64(1.4845081294610596), 'exchange_exit': np.float64(1.4840099646761689), 'sebi_entry': np.float64(0.04998343870239258), 'sebi_exit': np.float64(0.04996666547731208), 'ipft_entry': np.float64(0.04998343870239258), 'ipft_exit': np.float64(0.04996666547731208), 'stamp_buy': np.float64(1.4995031610717775), 'stt_sell': np.float64(12.491666369328021), 'dp_sell': 16.5, 'gst': np.float64(10.740315294449395), 'fees_total': np.float64(84.39990312734585)}",TSL,5,1413_rsi_enabled=False_rsi_buy_below=40_rsi_sell_above=70_macd_enabled=True_macd_fast=12_macd_slow=26_macd_signal=9_adx_enabled=False_adx_length=14_adx_min_adx=20_sma_enabled=False_sma_length=50_bb_enabled=False_bb_length=20_bb_stddev=2.0_combination_mode=all
COFORGE.NS,2019-01-14,2019-01-28,227,219.7007293701172,238.80918884277344,219.81057973480225,238.68978424835205,49897.00159980011,54182.58102437592,4285.579424575808,4199.97366840408,8.588851608656533,8.41728667804541,8.39994733680816,85.60575617172792,"{'brokerage_entry': 20.0, 'brokerage_exit': 20.0, 'exchange_entry': np.float64(1.4819409475140632), 'exchange_exit': np.float64(1.609222656423965), 'sebi_entry': np.float64(0.04989700159980011), 'sebi_exit': np.float64(0.05418258102437592), 'ipft_entry': np.float64(0.04989700159980011), 'ipft_exit': np.float64(0.05418258102437592), 'stamp_buy': np.float64(1.4969100479940034), 'stt_sell': np.float64(13.54564525609398), 'dp_sell': 16.5, 'gst': np.float64(10.76387809845355), 'fees_total': np.float64(85.60575617172792)}",Time,10,1413_rsi_enabled=False_rsi_buy_below=40_rsi_sell_above=70_macd_enabled=True_macd_fast=12_macd_slow=26_macd_signal=9_adx_enabled=False_adx_length=14_adx_min_adx=20_sma_enabled=False_sma_length=50_bb_enabled=False_bb_length=20_bb_stddev=2.0_combination_mode=all
COFORGE.NS,2019-05-30,2019-06-14,206,241.99081420898438,244.17361450195312,242.11180961608886,244.05152769470217,49875.032780914305,50274.614705108645,399.5819241943391,315.1008218207723,0.8011662387262576,0.6317806811374208,0.6302016436415446,84.48110237356677,"{'brokerage_entry': 20.0, 'brokerage_exit': 20.0, 'exchange_entry': np.float64(1.4812884735931549), 'exchange_exit': np.float64(1.4931560567417268), 'sebi_entry': np.float64(0.049875032780914305), 'sebi_exit': np.float64(0.05027461470510864), 'ipft_entry': np.float64(0.049875032780914305), 'ipft_exit': np.float64(0.05027461470510864), 'stamp_buy': np.float64(1.4962509834274291), 'stt_sell': np.float64(12.568653676277162), 'dp_sell': 16.5, 'gst': np.float64(10.741453888555247), 'fees_total': np.float64(84.48110237356677)}",Time,10,1413_rsi_enabled=False_rsi_buy_below=40_rsi_sell_above=70_macd_enabled=True_macd_fast=12_macd_slow=26_macd_signal=9_adx_enabled=False_adx_length=14_adx_min_adx=20_sma_enabled=False_sma_length=50_bb_enabled=False_bb_length=20_bb_stddev=2.0_combination_mode=all
COFORGE.NS,2019-08-14,2019-08-29,205,243.59091186523438,281.0216369628906,243.712707321167,280.8811261444092,49961.105000839234,57580.63085960389,7619.525858764653,7532.939161728131,15.25091540436638,15.077607193839276,15.06587832345626,86.58669703652188,"{'brokerage_entry': 20.0, 'brokerage_exit': 20.0, 'exchange_entry': np.float64(1.4838448185249253), 'exchange_exit': np.float64(1.7101447365302354), 'sebi_entry': np.float64(0.04996110500083923), 'sebi_exit': np.float64(0.05758063085960388), 'ipft_entry': np.float64(0.04996110500083923), 'ipft_exit': np.float64(0.05758063085960388), 'stamp_buy': np.float64(1.498833150025177), 'stt_sell': np.float64(14.395157714900972), 'dp_sell': 16.5, 'gst': np.float64(10.783633144819687), 'fees_total': np.float64(86.58669703652188)}",Time,10,1413_rsi_enabled=False_rsi_buy_below=40_rsi_sell_above=70_macd_enabled=True_macd_fast=12_macd_slow=26_macd_signal=9_adx_enabled=False_adx_length=14_adx_min_adx=20_sma_enabled=False_sma_length=50_bb_enabled=False_bb_length=20_bb_stddev=2.0_combination_mode=all
COFORGE.NS,2019-10-15,2019-10-30,189,263.5409240722656,291.9261779785156,263.67269453430174,291.7802148895264,49834.13926698303,55146.46061412049,5312.321347137462,5226.44280348677,10.660004216541315,10.487675477821451,10.452885606973538,85.87854365069217,"{'brokerage_entry': 20.0, 'brokerage_exit': 20.0, 'exchange_entry': np.float64(1.480073936229396), 'exchange_exit': np.float64(1.6378498802393786), 'sebi_entry': np.float64(0.049834139266983025), 'sebi_exit': np.float64(0.05514646061412049), 'ipft_entry': np.float64(0.049834139266983025), 'ipft_exit': np.float64(0.05514646061412049), 'stamp_buy': np.float64(1.495024178009491), 'stt_sell': np.float64(13.786615153530123), 'dp_sell': 16.5, 'gst': np.float64(10.769019302921576), 'fees_total': np.float64(85.87854365069217)}",Time,10,1413_rsi_enabled=False_rsi_buy_below=40_rsi_sell_above=70_macd_enabled=True_macd_fast=12_macd_slow=26_macd_signal=9_adx_enabled=False_adx_length=14_adx_min_adx=20_sma_enabled=False_sma_length=50_bb_enabled=False_bb_length=20_bb_stddev=2.0_combination_mode=all
COFORGE.NS,2019-12-17,2020-01-01,167,298.8005065917969,293.8203430175781,298.94990684509276,293.6734328460694,49924.63444313049,49043.46328529358,-881.1711578369068,-965.3017633551535,-1.7650027239371282,-1.9335179398353646,-1.9306035267103072,84.13060551824674,"{'brokerage_entry': 20.0, 'brokerage_exit': 20.0, 'exchange_entry': np.float64(1.4827616429609756), 'exchange_exit': np.float64(1.4565908595732193), 'sebi_entry': np.float64(0.049924634443130486), 'sebi_exit': np.float64(0.04904346328529358), 'ipft_entry': np.float64(0.049924634443130486), 'ipft_exit': np.float64(0.04904346328529358), 'stamp_buy': np.float64(1.4977390332939147), 'stt_sell': np.float64(12.260865821323396), 'dp_sell': 16.5, 'gst': np.float64(10.734711965638386), 'fees_total': np.float64(84.13060551824674)}",Time,10,1413_rsi_enabled=False_rsi_buy_below=40_rsi_sell_above=70_macd_enabled=True_macd_fast=12_macd_slow=26_macd_signal=9_adx_enabled=False_adx_length=14_adx_min_adx=20_sma_enabled=False_sma_length=50_bb_enabled=False_bb_length=20_bb_stddev=2.0_combination_mode=all
COFORGE.NS,2020-05-06,2020-05-14,188,265.54217529296875,252.2650665283203,265.6749463806152,252.13893399505614,49946.88991955566,47402.11959107055,-2544.7703284851086,-2628.4307021302175,-5.094952523738134,-5.26245118837942,-5.256861404260435,83.66037364510878,"{'brokerage_entry': 20.0, 'brokerage_exit': 20.0, 'exchange_entry': np.float64(1.4834226306108032), 'exchange_exit': np.float64(1.4078429518547952), 'sebi_entry': np.float64(0.049946889919555655), 'sebi_exit': np.float64(0.047402119591070546), 'ipft_entry': np.float64(0.049946889919555655), 'ipft_exit': np.float64(0.047402119591070546), 'stamp_buy': np.float64(1.4984066975866699), 'stt_sell': np.float64(11.850529897767638), 'dp_sell': 16.5, 'gst': np.float64(10.725473448267632), 'fees_total': np.float64(83.66037364510878)}",HSL,6,1413_rsi_enabled=False_rsi_buy_below=40_rsi_sell_above=70_macd_enabled=True_macd_fast=12_macd_slow=26_macd_signal=9_adx_enabled=False_adx_length=14_adx_min_adx=20_sma_enabled=False_sma_length=50_bb_enabled=False_bb_length=20_bb_stddev=2.0_combination_mode=all
COFORGE.NS,2020-06-26,2020-07-01,181,275.7081298828125,261.92272338867184,275.8459839477539,261.7917620269775,49928.12309454346,47384.30892688293,-2543.81416766053,-2627.4681574172805,-5.094952523738146,-5.262501361090481,-5.254936314834561,83.65398975675052,"{'brokerage_entry': 20.0, 'brokerage_exit': 20.0, 'exchange_entry': np.float64(1.4828652559079407), 'exchange_exit': np.float64(1.407313975128423), 'sebi_entry': np.float64(0.049928123094543454), 'sebi_exit': np.float64(0.047384308926882925), 'ipft_entry': np.float64(0.049928123094543454), 'ipft_exit': np.float64(0.047384308926882925), 'stamp_buy': np.float64(1.4978436928363037), 'stt_sell': np.float64(11.846077231720733), 'dp_sell': 16.5, 'gst': np.float64(10.725264737114259), 'fees_total': np.float64(83.65398975675052)}",HSL,3,1413_rsi_enabled=False_rsi_buy_below=40_rsi_sell_above=70_macd_enabled=True_macd_fast=12_macd_slow=26_macd_signal=9_adx_enabled=False_adx_length=14_adx_min_adx=20_sma_enabled=False_sma_length=50_bb_enabled=False_bb_length=20_bb_stddev=2.0_combination_mode=all
COFORGE.NS,2020-12-09,2020-12-21,105,472.9874572753906,449.3380844116211,473.2239510040283,449.1134153694153,49688.514855422975,47156.908613788604,-2531.6062416343702,-2615.1787241437696,-5.094952523738133,-5.263145279654802,-5.230357448287539,83.57248250939915,"{'brokerage_entry': 20.0, 'brokerage_exit': 20.0, 'exchange_entry': np.float64(1.4757488912060623), 'exchange_exit': np.float64(1.4005601858295216), 'sebi_entry': np.float64(0.04968851485542297), 'sebi_exit': np.float64(0.0471569086137886), 'ipft_entry': np.float64(0.04968851485542297), 'ipft_exit': np.float64(0.0471569086137886), 'stamp_buy': np.float64(1.4906554456626893), 'stt_sell': np.float64(11.78922715344715), 'dp_sell': 16.5, 'gst': np.float64(10.72259998631532), 'fees_total': np.float64(83.57248250939915)}",HSL,8,1413_rsi_enabled=False_rsi_buy_below=40_rsi_sell_above=70_macd_enabled=True_macd_fast=12_macd_slow=26_macd_signal=9_adx_enabled=False_adx_length=14_adx_min_adx=20_sma_enabled=False_sma_length=50_bb_enabled=False_bb_length=20_bb_stddev=2.0_combination_mode=all
COFORGE.NS,2021-03-15,2021-03-25,93,532.9315795898438,514.7107001630711,533.1980453796386,514.4533448129896,49587.4182203064,47844.16106760803,-1743.2571526983666,-1827.0203411667214,-3.5155231211139975,-3.6844433663588956,-3.6540406823334424,83.76318846835493,"{'brokerage_entry': 20.0, 'brokerage_exit': 20.0, 'exchange_entry': np.float64(1.4727463211431), 'exchange_exit': np.float64(1.4209715837079586), 'sebi_entry': np.float64(0.04958741822030639), 'sebi_exit': np.float64(0.047844161067608026), 'ipft_entry': np.float64(0.04958741822030639), 'ipft_exit': np.float64(0.047844161067608026), 'stamp_buy': np.float64(1.487622546609192), 'stt_sell': np.float64(11.961040266902009), 'dp_sell': 16.5, 'gst': np.float64(10.72594459141684), 'fees_total': np.float64(83.76318846835493)}",TSL,8,1413_rsi_enabled=False_rsi_buy_below=40_rsi_sell_above=70_macd_enabled=True_macd_fast=12_macd_slow=26_macd_signal=9_adx_enabled=False_adx_length=14_adx_min_adx=20_sma_enabled=False_sma_length=50_bb_enabled=False_bb_length=20_bb_stddev=2.0_combination_mode=all
COFORGE.NS,2021-05-06,2021-05-10,78,640.587158203125,608.5578002929688,640.9074517822265,608.2535213928223,49990.78123901367,47443.774668640144,-2547.0065703735236,-2630.681874476136,-5.094952523738108,-5.262333992938495,-5.261363748952272,83.67530410261213,"{'brokerage_entry': 20.0, 'brokerage_exit': 20.0, 'exchange_entry': np.float64(1.484726202798706), 'exchange_exit': np.float64(1.4090801076586124), 'sebi_entry': np.float64(0.04999078123901367), 'sebi_exit': np.float64(0.047443774668640144), 'ipft_entry': np.float64(0.04999078123901367), 'ipft_exit': np.float64(0.047443774668640144), 'stamp_buy': np.float64(1.49972343717041), 'stt_sell': np.float64(11.860943667160036), 'dp_sell': 16.5, 'gst': np.float64(10.725961576009071), 'fees_total': np.float64(83.67530410261213)}",HSL,2,1413_rsi_enabled=False_rsi_buy_below=40_rsi_sell_above=70_macd_enabled=True_macd_fast=12_macd_slow=26_macd_signal=9_adx_enabled=False_adx_length=14_adx_min_adx=20_sma_enabled=False_sma_length=50_bb_enabled=False_bb_length=20_bb_stddev=2.0_combination_mode=all
COFORGE.NS,2021-11-17,2021-11-18,44,1111.5704345703125,1055.9919128417969,1112.1262197875976,1055.463916885376,48933.55367065429,46440.412342956544,-2493.1413276977473,-2576.4569959663113,-5.094952523738118,-5.265215384329273,-5.152913991932623,83.31566826856388,"{'brokerage_entry': 20.0, 'brokerage_exit': 20.0, 'exchange_entry': np.float64(1.4533265440184324), 'exchange_exit': np.float64(1.3792802465858094), 'sebi_entry': np.float64(0.04893355367065429), 'sebi_exit': np.float64(0.046440412342956545), 'ipft_entry': np.float64(0.04893355367065429), 'ipft_exit': np.float64(0.046440412342956545), 'stamp_buy': np.float64(1.4680066101196287), 'stt_sell': np.float64(11.610103085739137), 'dp_sell': 16.5, 'gst': np.float64(10.714203850073662), 'fees_total': np.float64(83.31566826856388)}",HSL,1,1413_rsi_enabled=False_rsi_buy_below=40_rsi_sell_above=70_macd_enabled=True_macd_fast=12_macd_slow=26_macd_signal=9_adx_enabled=False_adx_length=14_adx_min_adx=20_sma_enabled=False_sma_length=50_bb_enabled=False_bb_length=20_bb_stddev=2.0_combination_mode=all
COFORGE.NS,2021-12-30,2022-01-10,44,1115.6248779296875,1059.843634033203,1116.1826903686522,1059.3137122161866,49112.0383762207,46609.80333751221,-2502.235038708488,-2585.6114219052965,-5.094952523738115,-5.2647202343717225,-5.171222843810593,83.37638319680856,"{'brokerage_entry': 20.0, 'brokerage_exit': 20.0, 'exchange_entry': np.float64(1.4586275397737547), 'exchange_exit': np.float64(1.3843111591241126), 'sebi_entry': np.float64(0.0491120383762207), 'sebi_exit': np.float64(0.04660980333751221), 'ipft_entry': np.float64(0.0491120383762207), 'ipft_exit': np.float64(0.04660980333751221), 'stamp_buy': np.float64(1.473361151286621), 'stt_sell': np.float64(11.652450834378053), 'dp_sell': 16.5, 'gst': np.float64(10.71618882881856), 'fees_total': np.float64(83.37638319680856)}",HSL,7,1413_rsi_enabled=False_rsi_buy_below=40_rsi_sell_above=70_macd_enabled=True_macd_fast=12_macd_slow=26_macd_signal=9_adx_enabled=False_adx_length=14_adx_min_adx=20_sma_enabled=False_sma_length=50_bb_enabled=False_bb_length=20_bb_stddev=2.0_combination_mode=all
COFORGE.NS,2022-06-27,2022-06-30,68,726.1651000976562,689.8568450927734,726.5281826477051,689.511916670227,49403.91642004395,46886.81033357544,-2517.106086468506,-2600.581757469447,-5.094952523738131,-5.263918219273704,-5.2011635149388935,83.47567100094106,"{'brokerage_entry': 20.0, 'brokerage_exit': 20.0, 'exchange_entry': np.float64(1.4672963176753053), 'exchange_exit': np.float64(1.3925382669071906), 'sebi_entry': np.float64(0.04940391642004394), 'sebi_exit': np.float64(0.04688681033357544), 'ipft_entry': np.float64(0.04940391642004394), 'ipft_exit': np.float64(0.04688681033357544), 'stamp_buy': np.float64(1.4821174926013185), 'stt_sell': np.float64(11.72170258339386), 'dp_sell': 16.5, 'gst': np.float64(10.719434886856153), 'fees_total': np.float64(83.47567100094106)}",HSL,3,1413_rsi_enabled=False_rsi_buy_below=40_rsi_sell_above=70_macd_enabled=True_macd_fast=12_macd_slow=26_macd_signal=9_adx_enabled=False_adx_length=14_adx_min_adx=20_sma_enabled=False_sma_length=50_bb_enabled=False_bb_length=20_bb_stddev=2.0_combination_mode=all
COFORGE.NS,2022-07-06,2022-07-14,72,691.1314086914062,656.574838256836,691.4769743957519,656.2465508377076,49786.34215649414,47249.75166031494,-2536.5904961791966,-2620.1962564842815,-5.094952523738126,-5.262881631769975,-5.240392512968564,83.60576030508513,"{'brokerage_entry': 20.0, 'brokerage_exit': 20.0, 'exchange_entry': np.float64(1.4786543620478758), 'exchange_exit': np.float64(1.4033176243113539), 'sebi_entry': np.float64(0.049786342156494134), 'sebi_exit': np.float64(0.04724975166031494), 'ipft_entry': np.float64(0.049786342156494134), 'ipft_exit': np.float64(0.04724975166031494), 'stamp_buy': np.float64(1.4935902646948243), 'stt_sell': np.float64(11.812437915078736), 'dp_sell': 16.5, 'gst': np.float64(10.723687951318713), 'fees_total': np.float64(83.60576030508513)}",HSL,6,1413_rsi_enabled=False_rsi_buy_below=40_rsi_sell_above=70_macd_enabled=True_macd_fast=12_macd_slow=26_macd_signal=9_adx_enabled=False_adx_length=14_adx_min_adx=20_sma_enabled=False_sma_length=50_bb_enabled=False_bb_length=20_bb_stddev=2.0_combination_mode=all
COFORGE.NS,2022-07-22,2022-08-05,70,713.7815551757812,756.2059936523438,714.1384459533691,755.8278906555176,49989.69121673584,52907.95234588624,2918.2611291504,2833.015461072323,5.83772585531276,5.66719936074314,5.666030922144646,85.24566807807707,"{'brokerage_entry': 20.0, 'brokerage_exit': 20.0, 'exchange_entry': np.float64(1.4846938291370544), 'exchange_exit': np.float64(1.5713661846728213), 'sebi_entry': np.float64(0.04998969121673583), 'sebi_exit': np.float64(0.05290795234588624), 'ipft_entry': np.float64(0.04998969121673583), 'ipft_exit': np.float64(0.05290795234588624), 'stamp_buy': np.float64(1.4996907365020753), 'stt_sell': np.float64(13.22698808647156), 'dp_sell': 16.5, 'gst': np.float64(10.75713395416832), 'fees_total': np.float64(85.24566807807707)}",Time,10,1413_rsi_enabled=False_rsi_buy_below=40_rsi_sell_above=70_macd_enabled=True_macd_fast=12_macd_slow=26_macd_signal=9_adx_enabled=False_adx_length=14_adx_min_adx=20_sma_enabled=False_sma_length=50_bb_enabled=False_bb_length=20_bb_stddev=2.0_combination_mode=all
COFORGE.NS,2022-10-06,2022-10-20,71,696.1726684570312,741.5604248046875,696.5207547912597,741.1896445922852,49452.97359017944,52624.464766052246,3171.491175872805,3086.363161814433,6.413145551479257,6.241006228242936,6.172726323628867,85.12801405837165,"{'brokerage_entry': 20.0, 'brokerage_exit': 20.0, 'exchange_entry': np.float64(1.4687533156283294), 'exchange_exit': np.float64(1.5629466035517516), 'sebi_entry': np.float64(0.04945297359017944), 'sebi_exit': np.float64(0.052624464766052245), 'ipft_entry': np.float64(0.04945297359017944), 'ipft_exit': np.float64(0.052624464766052245), 'stamp_buy': np.float64(1.4835892077053832), 'stt_sell': np.float64(13.156116191513062), 'dp_sell': 16.5, 'gst': np.float64(10.752453863260657), 'fees_total': np.float64(85.12801405837165)}",Time,10,1413_rsi_enabled=False_rsi_buy_below=40_rsi_sell_above=70_macd_enabled=True_macd_fast=12_macd_slow=26_macd_signal=9_adx_enabled=False_adx_length=14_adx_min_adx=20_sma_enabled=False_sma_length=50_bb_enabled=False_bb_length=20_bb_stddev=2.0_combination_mode=all
COFORGE.NS,2023-01-23,2023-02-07,59,840.6226806640625,833.3361206054688,841.0429920043945,832.9194525451661,49621.536528259276,49142.2477001648,-479.2888280944753,-563.4273942282127,-0.9658887282168744,-1.1354493102150172,-1.1268547884564255,84.13856613373741,"{'brokerage_entry': 20.0, 'brokerage_exit': 20.0, 'exchange_entry': np.float64(1.4737596348893005), 'exchange_exit': np.float64(1.4595247566948946), 'sebi_entry': np.float64(0.04962153652825927), 'sebi_exit': np.float64(0.0491422477001648), 'ipft_entry': np.float64(0.04962153652825927), 'ipft_exit': np.float64(0.0491422477001648), 'stamp_buy': np.float64(1.4886460958477783), 'stt_sell': np.float64(12.2855619250412), 'dp_sell': 16.5, 'gst': np.float64(10.733546152807387), 'fees_total': np.float64(84.13856613373741)}",Time,10,1413_rsi_enabled=False_rsi_buy_below=40_rsi_sell_above=70_macd_enabled=True_macd_fast=12_macd_slow=26_macd_signal=9_adx_enabled=False_adx_length=14_adx_min_adx=20_sma_enabled=False_sma_length=50_bb_enabled=False_bb_length=20_bb_stddev=2.0_combination_mode=all
COFORGE.NS,2023-04-10,2023-04-17,63,786.6006469726562,747.2706146240234,786.9939472961426,746.8969793167115,49580.61867965698,47054.509696952824,-2526.108982704158,-2609.644762300841,-5.0949525237381215,-5.263437270038712,-5.219289524601682,83.53577959668338,"{'brokerage_entry': 20.0, 'brokerage_exit': 20.0, 'exchange_entry': np.float64(1.4725443747858125), 'exchange_exit': np.float64(1.3975189379994988), 'sebi_entry': np.float64(0.049580618679656976), 'sebi_exit': np.float64(0.04705450969695282), 'ipft_entry': np.float64(0.049580618679656976), 'ipft_exit': np.float64(0.04705450969695282), 'stamp_buy': np.float64(1.4874185603897094), 'stt_sell': np.float64(11.763627424238207), 'dp_sell': 16.5, 'gst': np.float64(10.721400042516937), 'fees_total': np.float64(83.53577959668338)}",HSL,4,1413_rsi_enabled=False_rsi_buy_below=40_rsi_sell_above=70_macd_enabled=True_macd_fast=12_macd_slow=26_macd_signal=9_adx_enabled=False_adx_length=14_adx_min_adx=20_sma_enabled=False_sma_length=50_bb_enabled=False_bb_length=20_bb_stddev=2.0_combination_mode=all
COFORGE.NS,2023-04-27,2023-05-12,63,784.663818359375,794.9783935546875,785.0561502685547,794.5809043579102,49458.53746691895,50058.596974548345,600.0595076293976,515.6685643308354,1.2132576868670166,1.0426280087148707,1.0313371286616708,84.39094329856219,"{'brokerage_entry': 20.0, 'brokerage_exit': 20.0, 'exchange_entry': np.float64(1.4689185627674928), 'exchange_exit': np.float64(1.4867403301440858), 'sebi_entry': np.float64(0.049458537466918945), 'sebi_exit': np.float64(0.05005859697454834), 'ipft_entry': np.float64(0.049458537466918945), 'ipft_exit': np.float64(0.05005859697454834), 'stamp_buy': np.float64(1.4837561240075685), 'stt_sell': np.float64(12.514649243637086), 'dp_sell': 16.5, 'gst': np.float64(10.737844769123013), 'fees_total': np.float64(84.39094329856219)}",Time,10,1413_rsi_enabled=False_rsi_buy_below=40_rsi_sell_above=70_macd_enabled=True_macd_fast=12_macd_slow=26_macd_signal=9_adx_enabled=False_adx_length=14_adx_min_adx=20_sma_enabled=False_sma_length=50_bb_enabled=False_bb_length=20_bb_stddev=2.0_combination_mode=all
COFORGE.NS,2023-08-24,2023-08-29,47,1053.1483154296875,1000.490899658203,1053.6748895874023,999.9906542083739,49522.71981060791,46999.56074779358,-2523.1590628143313,-2606.6751470221657,-5.094952523738132,-5.26359448146426,-5.213350294044331,83.5160842078342,"{'brokerage_entry': 20.0, 'brokerage_exit': 20.0, 'exchange_entry': np.float64(1.470824778375055), 'exchange_exit': np.float64(1.3958869542094692), 'sebi_entry': np.float64(0.04952271981060791), 'sebi_exit': np.float64(0.04699956074779357), 'ipft_entry': np.float64(0.04952271981060791), 'ipft_exit': np.float64(0.04699956074779357), 'stamp_buy': np.float64(1.4856815943182373), 'stt_sell': np.float64(11.749890186948395), 'dp_sell': 16.5, 'gst': np.float64(10.720756132866239), 'fees_total': np.float64(83.5160842078342)}",HSL,3,1413_rsi_enabled=False_rsi_buy_below=40_rsi_sell_above=70_macd_enabled=True_macd_fast=12_macd_slow=26_macd_signal=9_adx_enabled=False_adx_length=14_adx_min_adx=20_sma_enabled=False_sma_length=50_bb_enabled=False_bb_length=20_bb_stddev=2.0_combination_mode=all
COFORGE.NS,2023-11-15,2023-11-30,47,1047.809814453125,1129.7010498046875,1048.3337193603516,1129.1361992797852,49271.68480993652,53069.401366149905,3797.7165562133814,3712.4728846580433,7.707705898150054,7.5346984763739115,7.4249457693160865,85.24367155533827,"{'brokerage_entry': 20.0, 'brokerage_exit': 20.0, 'exchange_entry': np.float64(1.4633690388551148), 'exchange_exit': np.float64(1.5761612205746522), 'sebi_entry': np.float64(0.049271684809936524), 'sebi_exit': np.float64(0.053069401366149904), 'ipft_entry': np.float64(0.049271684809936524), 'ipft_exit': np.float64(0.053069401366149904), 'stamp_buy': np.float64(1.4781505442980958), 'stt_sell': np.float64(13.267350341537476), 'dp_sell': 16.5, 'gst': np.float64(10.75395823772075), 'fees_total': np.float64(85.24367155533827)}",Time,10,1413_rsi_enabled=False_rsi_buy_below=40_rsi_sell_above=70_macd_enabled=True_macd_fast=12_macd_slow=26_macd_signal=9_adx_enabled=False_adx_length=14_adx_min_adx=20_sma_enabled=False_sma_length=50_bb_enabled=False_bb_length=20_bb_stddev=2.0_combination_mode=all
COFORGE.NS,2024-05-24,2024-06-04,49,1008.3487548828125,957.9313171386718,1008.8529292602539,957.4523514801025,49433.79353375244,46915.16522252502,-2518.6283112274177,-2602.114145490299,-5.094952523738132,-5.263836658041681,-5.204228290980598,83.48583426288113,"{'brokerage_entry': 20.0, 'brokerage_exit': 20.0, 'exchange_entry': np.float64(1.4681836679524474), 'exchange_exit': np.float64(1.3933804071089932), 'sebi_entry': np.float64(0.049433793533752435), 'sebi_exit': np.float64(0.04691516522252502), 'ipft_entry': np.float64(0.049433793533752435), 'ipft_exit': np.float64(0.04691516522252502), 'stamp_buy': np.float64(1.4830138060125733), 'stt_sell': np.float64(11.728791305631256), 'dp_sell': 16.5, 'gst': np.float64(10.719767158663316), 'fees_total': np.float64(83.48583426288113)}",HSL,7,1413_rsi_enabled=False_rsi_buy_below=40_rsi_sell_above=70_macd_enabled=True_macd_fast=12_macd_slow=26_macd_signal=9_adx_enabled=False_adx_length=14_adx_min_adx=20_sma_enabled=False_sma_length=50_bb_enabled=False_bb_length=20_bb_stddev=2.0_combination_mode=all
HDFCLIFE.NS,2017-11-20,2017-11-21,143,347.2020263671875,368.3653029743957,347.3756273803711,368.18112032290855,49674.714715393064,52649.900206175924,2975.18549078286,2890.035219744098,5.9893358378179435,5.817920115500013,5.780070439488196,85.15027103876199,"{'brokerage_entry': 20.0, 'brokerage_exit': 20.0, 'exchange_entry': np.float64(1.475339027047174), 'exchange_exit': np.float64(1.5637020361234248), 'sebi_entry': np.float64(0.04967471471539306), 'sebi_exit': np.float64(0.05264990020617592), 'ipft_entry': np.float64(0.04967471471539306), 'ipft_exit': np.float64(0.05264990020617592), 'stamp_buy': np.float64(1.490241441461792), 'stt_sell': np.float64(13.16247505154398), 'dp_sell': 16.5, 'gst': np.float64(10.753864252742472), 'fees_total': np.float64(85.15027103876199)}",TSL,1,1413_rsi_enabled=False_rsi_buy_below=40_rsi_sell_above=70_macd_enabled=True_macd_fast=12_macd_slow=26_macd_signal=9_adx_enabled=False_adx_length=14_adx_min_adx=20_sma_enabled=False_sma_length=50_bb_enabled=False_bb_length=20_bb_stddev=2.0_combination_mode=all
HDFCLIFE.NS,2018-04-02,2018-04-16,105,473.25787353515625,485.1224060058594,473.4945024719238,484.8798448028565,49716.922759552,50912.38370429993,1195.4609447479306,1110.8072013014823,2.4045352736925967,2.234263787148945,2.221614402602965,84.65374344644839,"{'brokerage_entry': 20.0, 'brokerage_exit': 20.0, 'exchange_entry': np.float64(1.4765926059586945), 'exchange_exit': np.float64(1.512097796017708), 'sebi_entry': np.float64(0.049716922759551994), 'sebi_exit': np.float64(0.05091238370429993), 'ipft_entry': np.float64(0.049716922759551994), 'ipft_exit': np.float64(0.05091238370429993), 'stamp_buy': np.float64(1.49150768278656), 'stt_sell': np.float64(12.728095926074982), 'dp_sell': 16.5, 'gst': np.float64(10.744190822682738), 'fees_total': np.float64(84.65374344644839)}",Time,10,1413_rsi_enabled=False_rsi_buy_below=40_rsi_sell_above=70_macd_enabled=True_macd_fast=12_macd_slow=26_macd_signal=9_adx_enabled=False_adx_length=14_adx_min_adx=20_sma_enabled=False_sma_length=50_bb_enabled=False_bb_length=20_bb_stddev=2.0_combination_mode=all
HDFCLIFE.NS,2018-07-25,2018-08-07,103,484.7301940917969,468.79638671875,484.97255918884275,468.56198852539063,49952.173596450804,48261.884818115235,-1690.288778335569,-1774.1966098170467,-3.383814270007396,-3.5517906070519953,-3.548393219634093,83.9078314814776,"{'brokerage_entry': 20.0, 'brokerage_exit': 20.0, 'exchange_entry': np.float64(1.483579555814589), 'exchange_exit': np.float64(1.4333779790980226), 'sebi_entry': np.float64(0.0499521735964508), 'sebi_exit': np.float64(0.04826188481811523), 'ipft_entry': np.float64(0.0499521735964508), 'ipft_exit': np.float64(0.04826188481811523), 'stamp_buy': np.float64(1.498565207893524), 'stt_sell': np.float64(12.065471204528809), 'dp_sell': 16.5, 'gst': np.float64(10.730409417313515), 'fees_total': np.float64(83.9078314814776)}",MACD_cross_down,9,1413_rsi_enabled=False_rsi_buy_below=40_rsi_sell_above=70_macd_enabled=True_macd_fast=12_macd_slow=26_macd_signal=9_adx_enabled=False_adx_length=14_adx_min_adx=20_sma_enabled=False_sma_length=50_bb_enabled=False_bb_length=20_bb_stddev=2.0_combination_mode=all
HDFCLIFE.NS,2018-11-05,2018-11-20,127,391.38275146484375,379.5181884765625,391.57844284057614,379.32842938232426,49730.46224075317,48174.71053155518,-1555.7517091979898,-1639.619541590822,-3.1283676827018927,-3.2970124702504475,-3.279239083181644,83.86783239283236,"{'brokerage_entry': 20.0, 'brokerage_exit': 20.0, 'exchange_entry': np.float64(1.4769947285503693), 'exchange_exit': np.float64(1.430788902787189), 'sebi_entry': np.float64(0.04973046224075317), 'sebi_exit': np.float64(0.04817471053155518), 'ipft_entry': np.float64(0.04973046224075317), 'ipft_exit': np.float64(0.04817471053155518), 'stamp_buy': np.float64(1.4919138672225951), 'stt_sell': np.float64(12.043677632888796), 'dp_sell': 16.5, 'gst': np.float64(10.728646915838791), 'fees_total': np.float64(83.86783239283236)}",Time,10,1413_rsi_enabled=False_rsi_buy_below=40_rsi_sell_above=70_macd_enabled=True_macd_fast=12_macd_slow=26_macd_signal=9_adx_enabled=False_adx_length=14_adx_min_adx=20_sma_enabled=False_sma_length=50_bb_enabled=False_bb_length=20_bb_stddev=2.0_combination_mode=all
HDFCLIFE.NS,2019-01-04,2019-01-16,129,385.8426513671875,379.9594421386719,386.0355726928711,379.76946241760254,49798.58887738037,48990.260651870725,-808.3282255096419,-892.4350440444222,-1.623195041730997,-1.7920890213212168,-1.7848700880888444,84.10681853478025,"{'brokerage_entry': 20.0, 'brokerage_exit': 20.0, 'exchange_entry': np.float64(1.4790180896581968), 'exchange_exit': np.float64(1.4550107413605606), 'sebi_entry': np.float64(0.04979858887738037), 'sebi_exit': np.float64(0.048990260651870725), 'ipft_entry': np.float64(0.04979858887738037), 'ipft_exit': np.float64(0.048990260651870725), 'stamp_buy': np.float64(1.4939576663214111), 'stt_sell': np.float64(12.247565162967682), 'dp_sell': 16.5, 'gst': np.float64(10.733689175413906), 'fees_total': np.float64(84.10681853478025)}",MACD_cross_down,8,1413_rsi_enabled=False_rsi_buy_below=40_rsi_sell_above=70_macd_enabled=True_macd_fast=12_macd_slow=26_macd_signal=9_adx_enabled=False_adx_length=14_adx_min_adx=20_sma_enabled=False_sma_length=50_bb_enabled=False_bb_length=20_bb_stddev=2.0_combination_mode=all
HDFCLIFE.NS,2019-03-05,2019-03-19,135,368.97735595703125,358.6605224609375,369.16184463500974,358.48119219970704,49836.84902572632,48394.96094696045,-1441.888078765871,-1525.826383557221,-2.893216780261434,-3.061642967775858,-3.0516527671144424,83.93830479135022,"{'brokerage_entry': 20.0, 'brokerage_exit': 20.0, 'exchange_entry': np.float64(1.4801544160640716), 'exchange_exit': np.float64(1.4373303401247253), 'sebi_entry': np.float64(0.04983684902572632), 'sebi_exit': np.float64(0.04839496094696045), 'ipft_entry': np.float64(0.04983684902572632), 'ipft_exit': np.float64(0.04839496094696045), 'stamp_buy': np.float64(1.4951054707717897), 'stt_sell': np.float64(12.098740236740111), 'dp_sell': 16.5, 'gst': np.float64(10.730510707704148), 'fees_total': np.float64(83.93830479135022)}",Time,10,1413_rsi_enabled=False_rsi_buy_below=40_rsi_sell_above=70_macd_enabled=True_macd_fast=12_macd_slow=26_macd_signal=9_adx_enabled=False_adx_length=14_adx_min_adx=20_sma_enabled=False_sma_length=50_bb_enabled=False_bb_length=20_bb_stddev=2.0_combination_mode=all
HDFCLIFE.NS,2019-03-28,2019-04-12,136,365.9489440917969,399.2393798828125,366.13191856384276,399.03976019287114,49793.94092468262,54269.40738623047,4475.466461547854,4389.842697866638,8.987973995304692,8.816017805271995,8.779685395733276,85.6237636812161,"{'brokerage_entry': 20.0, 'brokerage_exit': 20.0, 'exchange_entry': np.float64(1.4788800454630737), 'exchange_exit': np.float64(1.611801399371045), 'sebi_entry': np.float64(0.04979394092468262), 'sebi_exit': np.float64(0.05426940738623047), 'ipft_entry': np.float64(0.04979394092468262), 'ipft_exit': np.float64(0.05426940738623047), 'stamp_buy': np.float64(1.4938182277404786), 'stt_sell': np.float64(13.567351846557619), 'dp_sell': 16.5, 'gst': np.float64(10.763785465462067), 'fees_total': np.float64(85.6237636812161)}",Time,10,1413_rsi_enabled=False_rsi_buy_below=40_rsi_sell_above=70_macd_enabled=True_macd_fast=12_macd_slow=26_macd_signal=9_adx_enabled=False_adx_length=14_adx_min_adx=20_sma_enabled=False_sma_length=50_bb_enabled=False_bb_length=20_bb_stddev=2.0_combination_mode=all
HDFCLIFE.NS,2019-05-27,2019-06-11,120,416.2293701171875,438.5871276855469,416.43748480224605,438.3678341217041,49972.498176269524,52604.140094604496,2631.6419183349717,2546.484726634872,5.266180427987211,5.095772313908699,5.092969453269744,85.1571917000995,"{'brokerage_entry': 20.0, 'brokerage_exit': 20.0, 'exchange_entry': np.float64(1.484183195835205), 'exchange_exit': np.float64(1.5623429608097534), 'sebi_entry': np.float64(0.049972498176269524), 'sebi_exit': np.float64(0.05260414009460449), 'ipft_entry': np.float64(0.049972498176269524), 'ipft_exit': np.float64(0.05260414009460449), 'stamp_buy': np.float64(1.4991749452880858), 'stt_sell': np.float64(13.151035023651124), 'dp_sell': 16.5, 'gst': np.float64(10.755302297973605), 'fees_total': np.float64(85.1571917000995)}",Time,10,1413_rsi_enabled=False_rsi_buy_below=40_rsi_sell_above=70_macd_enabled=True_macd_fast=12_macd_slow=26_macd_signal=9_adx_enabled=False_adx_length=14_adx_min_adx=20_sma_enabled=False_sma_length=50_bb_enabled=False_bb_length=20_bb_stddev=2.0_combination_mode=all
HDFCLIFE.NS,2019-12-20,2020-01-06,82,603.4635620117188,610.2103271484375,603.7652937927246,609.9052219848633,49508.754091003415,50012.228202758786,503.47411175537127,419.093110218271,1.0169395715956042,0.8465030435787666,0.8381862204365421,84.38100153710027,"{'brokerage_entry': 20.0, 'brokerage_exit': 20.0, 'exchange_entry': np.float64(1.4704099965028015), 'exchange_exit': np.float64(1.485363177621936), 'sebi_entry': np.float64(0.049508754091003415), 'sebi_exit': np.float64(0.05001222820275878), 'ipft_entry': np.float64(0.049508754091003415), 'ipft_exit': np.float64(0.05001222820275878), 'stamp_buy': np.float64(1.4852626227301025), 'stt_sell': np.float64(12.503057050689696), 'dp_sell': 16.5, 'gst': np.float64(10.737866724968207), 'fees_total': np.float64(84.38100153710027)}",Time,10,1413_rsi_enabled=False_rsi_buy_below=40_rsi_sell_above=70_macd_enabled=True_macd_fast=12_macd_slow=26_macd_signal=9_adx_enabled=False_adx_length=14_adx_min_adx=20_sma_enabled=False_sma_length=50_bb_enabled=False_bb_length=20_bb_stddev=2.0_combination_mode=all
HDFCLIFE.NS,2020-04-16,2020-04-24,103,482.31781005859375,458.20191955566406,482.55896896362304,457.9728185958863,49703.57380325317,47171.200315376285,-2532.3734878768882,-2615.9510929705116,-5.094952523738123,-5.263104627698408,-5.231902185941023,83.57760509362313,"{'brokerage_entry': 20.0, 'brokerage_exit': 20.0, 'exchange_entry': np.float64(1.4761961419566192), 'exchange_exit': np.float64(1.4009846493666758), 'sebi_entry': np.float64(0.04970357380325317), 'sebi_exit': np.float64(0.047171200315376284), 'ipft_entry': np.float64(0.04970357380325317), 'ipft_exit': np.float64(0.047171200315376284), 'stamp_buy': np.float64(1.4911072140975952), 'stt_sell': np.float64(11.792800078844072), 'dp_sell': 16.5, 'gst': np.float64(10.7227674611209), 'fees_total': np.float64(83.57760509362313)}",HSL,6,1413_rsi_enabled=False_rsi_buy_below=40_rsi_sell_above=70_macd_enabled=True_macd_fast=12_macd_slow=26_macd_signal=9_adx_enabled=False_adx_length=14_adx_min_adx=20_sma_enabled=False_sma_length=50_bb_enabled=False_bb_length=20_bb_stddev=2.0_combination_mode=all
HDFCLIFE.NS,2020-11-10,2020-11-24,83,600.4595947265625,654.1380615234375,600.7598245239258,653.8109924926758,49863.06543548584,54266.31237689209,4403.246941406251,4317.619407842513,8.830678384792224,8.658953014889876,8.635238815685026,85.62753356373739,"{'brokerage_entry': 20.0, 'brokerage_exit': 20.0, 'exchange_entry': np.float64(1.4809330434339294), 'exchange_exit': np.float64(1.611709477593695), 'sebi_entry': np.float64(0.04986306543548584), 'sebi_exit': np.float64(0.05426631237689209), 'ipft_entry': np.float64(0.04986306543548584), 'ipft_exit': np.float64(0.05426631237689209), 'stamp_buy': np.float64(1.4958919630645753), 'stt_sell': np.float64(13.566578094223024), 'dp_sell': 16.5, 'gst': np.float64(10.764162229797428), 'fees_total': np.float64(85.62753356373739)}",Time,10,1413_rsi_enabled=False_rsi_buy_below=40_rsi_sell_above=70_macd_enabled=True_macd_fast=12_macd_slow=26_macd_signal=9_adx_enabled=False_adx_length=14_adx_min_adx=20_sma_enabled=False_sma_length=50_bb_enabled=False_bb_length=20_bb_stddev=2.0_combination_mode=all
HDFCLIFE.NS,2021-02-25,2021-02-26,69,722.442626953125,686.3204956054688,722.8038482666016,685.9773353576661,49873.46553039551,47332.43613967896,-2541.029390716547,-2624.6647876752495,-5.09495252373812,-5.262647702064419,-5.249329575350499,83.63539695870242,"{'brokerage_entry': 20.0, 'brokerage_exit': 20.0, 'exchange_entry': np.float64(1.4812419262527465), 'exchange_exit': np.float64(1.405773353348465), 'sebi_entry': np.float64(0.049873465530395504), 'sebi_exit': np.float64(0.04733243613967896), 'ipft_entry': np.float64(0.049873465530395504), 'ipft_exit': np.float64(0.04733243613967896), 'stamp_buy': np.float64(1.4962039659118653), 'stt_sell': np.float64(11.83310903491974), 'dp_sell': 16.5, 'gst': np.float64(10.724656874929444), 'fees_total': np.float64(83.63539695870242)}",HSL,1,1413_rsi_enabled=False_rsi_buy_below=40_rsi_sell_above=70_macd_enabled=True_macd_fast=12_macd_slow=26_macd_signal=9_adx_enabled=False_adx_length=14_adx_min_adx=20_sma_enabled=False_sma_length=50_bb_enabled=False_bb_length=20_bb_stddev=2.0_combination_mode=all
HDFCLIFE.NS,2021-06-17,2021-06-29,72,689.7430419921875,676.1510009765625,690.0879135131836,675.8129254760743,49686.32977294922,48658.53063427735,-1027.7991386718713,-1111.8030490720218,-2.068575286942279,-2.2376437425597935,-2.2236060981440438,84.00391040015053,"{'brokerage_entry': 20.0, 'brokerage_exit': 20.0, 'exchange_entry': np.float64(1.4756839942565918), 'exchange_exit': np.float64(1.4451583598380373), 'sebi_entry': np.float64(0.04968632977294922), 'sebi_exit': np.float64(0.048658530634277344), 'ipft_entry': np.float64(0.04968632977294922), 'ipft_exit': np.float64(0.048658530634277344), 'stamp_buy': np.float64(1.4905898931884767), 'stt_sell': np.float64(12.164632658569337), 'dp_sell': 16.5, 'gst': np.float64(10.731155773483634), 'fees_total': np.float64(84.00391040015053)}",SL,8,1413_rsi_enabled=False_rsi_buy_below=40_rsi_sell_above=70_macd_enabled=True_macd_fast=12_macd_slow=26_macd_signal=9_adx_enabled=False_adx_length=14_adx_min_adx=20_sma_enabled=False_sma_length=50_bb_enabled=False_bb_length=20_bb_stddev=2.0_combination_mode=all
HDFCLIFE.NS,2021-08-26,2021-09-09,72,690.34619140625,728.377685546875,690.6913645019531,728.0134967041016,49729.77824414062,52416.97176269531,2687.19351855469,2602.1064809359364,5.403590390776188,5.232491623351503,5.204212961871873,85.08703761875375,"{'brokerage_entry': 20.0, 'brokerage_exit': 20.0, 'exchange_entry': np.float64(1.4769744138509766), 'exchange_exit': np.float64(1.5567840613520507), 'sebi_entry': np.float64(0.04972977824414062), 'sebi_exit': np.float64(0.05241697176269531), 'ipft_entry': np.float64(0.04972977824414062), 'ipft_exit': np.float64(0.05241697176269531), 'stamp_buy': np.float64(1.4918933473242186), 'stt_sell': np.float64(13.104242940673828), 'dp_sell': 16.5, 'gst': np.float64(10.752849355539006), 'fees_total': np.float64(85.08703761875375)}",Time,10,1413_rsi_enabled=False_rsi_buy_below=40_rsi_sell_above=70_macd_enabled=True_macd_fast=12_macd_slow=26_macd_signal=9_adx_enabled=False_adx_length=14_adx_min_adx=20_sma_enabled=False_sma_length=50_bb_enabled=False_bb_length=20_bb_stddev=2.0_combination_mode=all
HDFCLIFE.NS,2022-04-04,2022-04-19,88,564.8421630859375,536.6000549316406,565.1245841674804,536.3317549041748,49730.96340673827,47197.19443156738,-2533.7689751708895,-2617.355897353083,-5.0949525237381135,-5.26303075198106,-5.2347117947061665,83.58692218219366,"{'brokerage_entry': 20.0, 'brokerage_exit': 20.0, 'exchange_entry': np.float64(1.4770096131801267), 'exchange_exit': np.float64(1.4017566746175514), 'sebi_entry': np.float64(0.04973096340673827), 'sebi_exit': np.float64(0.047197194431567384), 'ipft_entry': np.float64(0.04973096340673827), 'ipft_exit': np.float64(0.047197194431567384), 'stamp_buy': np.float64(1.4919289022021482), 'stt_sell': np.float64(11.799298607891846), 'dp_sell': 16.5, 'gst': np.float64(10.723072068625372), 'fees_total': np.float64(83.58692218219366)}",HSL,9,1413_rsi_enabled=False_rsi_buy_below=40_rsi_sell_above=70_macd_enabled=True_macd_fast=12_macd_slow=26_macd_signal=9_adx_enabled=False_adx_length=14_adx_min_adx=20_sma_enabled=False_sma_length=50_bb_enabled=False_bb_length=20_bb_stddev=2.0_combination_mode=all
HDFCLIFE.NS,2022-05-26,2022-06-09,87,571.0161743164062,599.2124633789062,571.3016824035644,598.9128571472169,49703.24636911011,52105.418571807866,2402.1722026977586,2317.176495742953,4.833028782181673,4.662022433172589,4.6343529914859065,84.99570695480524,"{'brokerage_entry': 20.0, 'brokerage_exit': 20.0, 'exchange_entry': np.float64(1.4761864171625703), 'exchange_exit': np.float64(1.5475309315826937), 'sebi_entry': np.float64(0.0497032463691101), 'sebi_exit': np.float64(0.052105418571807866), 'ipft_entry': np.float64(0.0497032463691101), 'ipft_exit': np.float64(0.052105418571807866), 'stamp_buy': np.float64(1.4910973910733032), 'stt_sell': np.float64(13.026354642951967), 'dp_sell': 16.5, 'gst': np.float64(10.750920242152878), 'fees_total': np.float64(84.99570695480524)}",Time,10,1413_rsi_enabled=False_rsi_buy_below=40_rsi_sell_above=70_macd_enabled=True_macd_fast=12_macd_slow=26_macd_signal=9_adx_enabled=False_adx_length=14_adx_min_adx=20_sma_enabled=False_sma_length=50_bb_enabled=False_bb_length=20_bb_stddev=2.0_combination_mode=all
HDFCLIFE.NS,2022-08-16,2022-08-30,88,565.23486328125,569.7916870117188,565.5174807128906,569.5067911682129,49765.53830273437,50116.597622802736,351.0593200683652,266.63101333715184,0.7054265502621444,0.5357743981692283,0.5332620266743037,84.42830673121335,"{'brokerage_entry': 20.0, 'brokerage_exit': 20.0, 'exchange_entry': np.float64(1.4780364875912109), 'exchange_exit': np.float64(1.4884629493972412), 'sebi_entry': np.float64(0.04976553830273437), 'sebi_exit': np.float64(0.05011659762280273), 'ipft_entry': np.float64(0.04976553830273437), 'ipft_exit': np.float64(0.05011659762280273), 'stamp_buy': np.float64(1.4929661490820312), 'stt_sell': np.float64(12.529149405700684), 'dp_sell': 16.5, 'gst': np.float64(10.739927467591116), 'fees_total': np.float64(84.42830673121335)}",Time,10,1413_rsi_enabled=False_rsi_buy_below=40_rsi_sell_above=70_macd_enabled=True_macd_fast=12_macd_slow=26_macd_signal=9_adx_enabled=False_adx_length=14_adx_min_adx=20_sma_enabled=False_sma_length=50_bb_enabled=False_bb_length=20_bb_stddev=2.0_combination_mode=all
HDFCLIFE.NS,2022-11-24,2022-12-08,88,567.1665649414062,572.0700073242188,567.4501482238769,571.7839723205567,49935.61304370117,50316.98956420899,381.37652050782344,296.8791558723087,0.7637365344329741,0.5945239034364008,0.5937583117446174,84.49736463551477,"{'brokerage_entry': 20.0, 'brokerage_exit': 20.0, 'exchange_entry': np.float64(1.4830877073979247), 'exchange_exit': np.float64(1.494414590057007), 'sebi_entry': np.float64(0.049935613043701164), 'sebi_exit': np.float64(0.05031698956420899), 'ipft_entry': np.float64(0.049935613043701164), 'ipft_exit': np.float64(0.05031698956420899), 'stamp_buy': np.float64(1.498068391311035), 'stt_sell': np.float64(12.579247391052247), 'dp_sell': 16.5, 'gst': np.float64(10.742041350480735), 'fees_total': np.float64(84.49736463551477)}",Time,10,1413_rsi_enabled=False_rsi_buy_below=40_rsi_sell_above=70_macd_enabled=True_macd_fast=12_macd_slow=26_macd_signal=9_adx_enabled=False_adx_length=14_adx_min_adx=20_sma_enabled=False_sma_length=50_bb_enabled=False_bb_length=20_bb_stddev=2.0_combination_mode=all
HDFCLIFE.NS,2023-03-31,2023-04-19,101,494.5062561035156,519.8655395507812,494.75350923156736,519.6056067810059,49970.1044323883,52480.1662848816,2510.0618524932943,2424.940452962652,5.023127089697232,4.852782439635884,4.849880905925304,85.12139953064224,"{'brokerage_entry': 20.0, 'brokerage_exit': 20.0, 'exchange_entry': np.float64(1.4841121016419325), 'exchange_exit': np.float64(1.5586609386609835), 'sebi_entry': np.float64(0.0499701044323883), 'sebi_exit': np.float64(0.05248016628488159), 'ipft_entry': np.float64(0.0499701044323883), 'ipft_exit': np.float64(0.05248016628488159), 'stamp_buy': np.float64(1.499103132971649), 'stt_sell': np.float64(13.1200415712204), 'dp_sell': 16.5, 'gst': np.float64(10.754581244712742), 'fees_total': np.float64(85.12139953064224)}",Time,10,1413_rsi_enabled=False_rsi_buy_below=40_rsi_sell_above=70_macd_enabled=True_macd_fast=12_macd_slow=26_macd_signal=9_adx_enabled=False_adx_length=14_adx_min_adx=20_sma_enabled=False_sma_length=50_bb_enabled=False_bb_length=20_bb_stddev=2.0_combination_mode=all
HDFCLIFE.NS,2023-09-11,2023-09-21,75,664.5469360351562,640.296630859375,664.8792095031738,639.9764825439454,49865.94071273803,47998.236190795906,-1867.704521942127,-1951.5307666124618,-3.7454512945045684,-3.913554499762905,-3.9030615332249234,83.82624467033469,"{'brokerage_entry': 20.0, 'brokerage_exit': 20.0, 'exchange_entry': np.float64(1.4810184391683197), 'exchange_exit': np.float64(1.4255476148666384), 'sebi_entry': np.float64(0.04986594071273803), 'sebi_exit': np.float64(0.04799823619079591), 'ipft_entry': np.float64(0.04986594071273803), 'ipft_exit': np.float64(0.04799823619079591), 'stamp_buy': np.float64(1.495978221382141), 'stt_sell': np.float64(11.999559047698977), 'dp_sell': 16.5, 'gst': np.float64(10.728412993411562), 'fees_total': np.float64(83.82624467033469)}",MACD_cross_down,7,1413_rsi_enabled=False_rsi_buy_below=40_rsi_sell_above=70_macd_enabled=True_macd_fast=12_macd_slow=26_macd_signal=9_adx_enabled=False_adx_length=14_adx_min_adx=20_sma_enabled=False_sma_length=50_bb_enabled=False_bb_length=20_bb_stddev=2.0_combination_mode=all
HDFCLIFE.NS,2023-11-20,2023-12-05,77,648.3966674804688,668.6217651367188,648.720865814209,668.2874542541505,49951.50666769409,51458.13397756959,1506.6273098754973,1421.8009021630974,3.0161799120463804,2.846362396277109,2.8436018043261946,84.82640771239996,"{'brokerage_entry': 20.0, 'brokerage_exit': 20.0, 'exchange_entry': np.float64(1.4835597480305145), 'exchange_exit': np.float64(1.5283065791338168), 'sebi_entry': np.float64(0.04995150666769409), 'sebi_exit': np.float64(0.051458133977569584), 'ipft_entry': np.float64(0.04995150666769409), 'ipft_exit': np.float64(0.051458133977569584), 'stamp_buy': np.float64(1.4985452000308228), 'stt_sell': np.float64(12.864533494392397), 'dp_sell': 16.5, 'gst': np.float64(10.748643409521875), 'fees_total': np.float64(84.82640771239996)}",Time,10,1413_rsi_enabled=False_rsi_buy_below=40_rsi_sell_above=70_macd_enabled=True_macd_fast=12_macd_slow=26_macd_signal=9_adx_enabled=False_adx_length=14_adx_min_adx=20_sma_enabled=False_sma_length=50_bb_enabled=False_bb_length=20_bb_stddev=2.0_combination_mode=all
HDFCLIFE.NS,2024-03-07,2024-03-22,80,618.133544921875,620.0217895507812,618.4426116943359,619.7117786560059,49475.408935546875,49576.94229248047,101.53335693359259,17.27970684237046,0.2052198437932331,0.03492584945559775,0.03455941368474092,84.25365009122213,"{'brokerage_entry': 20.0, 'brokerage_exit': 20.0, 'exchange_entry': np.float64(1.4694196453857422), 'exchange_exit': np.float64(1.4724351860866698), 'sebi_entry': np.float64(0.049475408935546875), 'sebi_exit': np.float64(0.04957694229248046), 'ipft_entry': np.float64(0.049475408935546875), 'ipft_exit': np.float64(0.04957694229248046), 'stamp_buy': np.float64(1.4842622680664064), 'stt_sell': np.float64(12.394235573120117), 'dp_sell': 16.5, 'gst': np.float64(10.735192716107125), 'fees_total': np.float64(84.25365009122213)}",Time,10,1413_rsi_enabled=False_rsi_buy_below=40_rsi_sell_above=70_macd_enabled=True_macd_fast=12_macd_slow=26_macd_signal=9_adx_enabled=False_adx_length=14_adx_min_adx=20_sma_enabled=False_sma_length=50_bb_enabled=False_bb_length=20_bb_stddev=2.0_combination_mode=all
HDFCLIFE.NS,2024-06-13,2024-06-28,84,589.8580322265625,593.4097290039062,590.1529612426757,593.1130241394043,49572.848744384755,49821.49402770996,248.64528332520422,164.3147795702122,0.5015755390764565,0.33146124084471656,0.3286295591404244,84.33050375499201,"{'brokerage_entry': 20.0, 'brokerage_exit': 20.0, 'exchange_entry': np.float64(1.4723136077082273), 'exchange_exit': np.float64(1.4796983726229858), 'sebi_entry': np.float64(0.04957284874438475), 'sebi_exit': np.float64(0.04982149402770996), 'ipft_entry': np.float64(0.04957284874438475), 'ipft_exit': np.float64(0.04982149402770996), 'stamp_buy': np.float64(1.4871854623315426), 'stt_sell': np.float64(12.45537350692749), 'dp_sell': 16.5, 'gst': np.float64(10.737144119857572), 'fees_total': np.float64(84.33050375499201)}",Time,10,1413_rsi_enabled=False_rsi_buy_below=40_rsi_sell_above=70_macd_enabled=True_macd_fast=12_macd_slow=26_macd_signal=9_adx_enabled=False_adx_length=14_adx_min_adx=20_sma_enabled=False_sma_length=50_bb_enabled=False_bb_length=20_bb_stddev=2.0_combination_mode=all
HDFCLIFE.NS,2024-10-21,2024-10-24,67,743.7940673828125,712.8795166015625,744.1659644165038,712.5230768432617,49859.11961590576,47739.046148498535,-2120.073467407223,-2203.824759521408,-4.25212776266288,-4.420103637005169,-4.407649519042816,83.7512921141851,"{'brokerage_entry': 20.0, 'brokerage_exit': 20.0, 'exchange_entry': np.float64(1.4808158525924011), 'exchange_exit': np.float64(1.4178496706104065), 'sebi_entry': np.float64(0.04985911961590576), 'sebi_exit': np.float64(0.04773904614849853), 'ipft_entry': np.float64(0.04985911961590576), 'ipft_exit': np.float64(0.04773904614849853), 'stamp_buy': np.float64(1.4957735884771728), 'stt_sell': np.float64(11.934761537124635), 'dp_sell': 16.5, 'gst': np.float64(10.72689513385169), 'fees_total': np.float64(83.7512921141851)}",MACD_cross_down,3,1413_rsi_enabled=False_rsi_buy_below=40_rsi_sell_above=70_macd_enabled=True_macd_fast=12_macd_slow=26_macd_signal=9_adx_enabled=False_adx_length=14_adx_min_adx=20_sma_enabled=False_sma_length=50_bb_enabled=False_bb_length=20_bb_stddev=2.0_combination_mode=all
INDIGO.NS,2015-11-13,2015-11-23,52,950.2713012695312,993.7388851342166,950.7464369201659,993.2420156916496,49438.814719848626,51648.584815965776,2209.7700961171504,2124.923510204527,4.469706866232728,4.298087489042118,4.249847020409053,84.84658591262358,"{'brokerage_entry': 20.0, 'brokerage_exit': 20.0, 'exchange_entry': np.float64(1.4683327971795042), 'exchange_exit': np.float64(1.5339629690341836), 'sebi_entry': np.float64(0.04943881471984862), 'sebi_exit': np.float64(0.05164858481596577), 'ipft_entry': np.float64(0.04943881471984862), 'ipft_exit': np.float64(0.05164858481596577), 'stamp_buy': np.float64(1.4831644415954588), 'stt_sell': np.float64(12.912146203991444), 'dp_sell': 16.5, 'gst': np.float64(10.746804701751357), 'fees_total': np.float64(84.84658591262358)}",TSL,6,1413_rsi_enabled=False_rsi_buy_below=40_rsi_sell_above=70_macd_enabled=True_macd_fast=12_macd_slow=26_macd_signal=9_adx_enabled=False_adx_length=14_adx_min_adx=20_sma_enabled=False_sma_length=50_bb_enabled=False_bb_length=20_bb_stddev=2.0_combination_mode=all
INDIGO.NS,2016-04-01,2016-04-20,58,859.8436279296875,964.6091918945312,860.2735497436523,964.126887298584,49895.86588513183,55919.35946331787,6023.49357818604,5937.388738024273,12.072129566912567,11.89956048000666,11.874777476048546,86.10484016176753,"{'brokerage_entry': 20.0, 'brokerage_exit': 20.0, 'exchange_entry': np.float64(1.4819072167884155), 'exchange_exit': np.float64(1.6608049760605408), 'sebi_entry': np.float64(0.04989586588513183), 'sebi_exit': np.float64(0.05591935946331787), 'ipft_entry': np.float64(0.04989586588513183), 'ipft_exit': np.float64(0.05591935946331787), 'stamp_buy': np.float64(1.496875976553955), 'stt_sell': np.float64(13.979839865829469), 'dp_sell': 16.5, 'gst': np.float64(10.773781675838254), 'fees_total': np.float64(86.10484016176753)}",Time,10,1413_rsi_enabled=False_rsi_buy_below=40_rsi_sell_above=70_macd_enabled=True_macd_fast=12_macd_slow=26_macd_signal=9_adx_enabled=False_adx_length=14_adx_min_adx=20_sma_enabled=False_sma_length=50_bb_enabled=False_bb_length=20_bb_stddev=2.0_combination_mode=all
INDIGO.NS,2016-06-20,2016-06-22,49,1014.2471923828125,963.5348327636718,1014.7543159790039,963.05306534729,49722.96148297119,47189.60020201721,-2533.3612809539845,-2616.9454811313667,-5.094952523738141,-5.2630523264942735,-5.233890962262733,83.58420017738212,"{'brokerage_entry': 20.0, 'brokerage_exit': 20.0, 'exchange_entry': np.float64(1.4767719560442445), 'exchange_exit': np.float64(1.401531125999911), 'sebi_entry': np.float64(0.049722961482971194), 'sebi_exit': np.float64(0.04718960020201721), 'ipft_entry': np.float64(0.049722961482971194), 'ipft_exit': np.float64(0.04718960020201721), 'stamp_buy': np.float64(1.4916888444891359), 'stt_sell': np.float64(11.797400050504303), 'dp_sell': 16.5, 'gst': np.float64(10.722983076974543), 'fees_total': np.float64(83.58420017738212)}",HSL,2,1413_rsi_enabled=False_rsi_buy_below=40_rsi_sell_above=70_macd_enabled=True_macd_fast=12_macd_slow=26_macd_signal=9_adx_enabled=False_adx_length=14_adx_min_adx=20_sma_enabled=False_sma_length=50_bb_enabled=False_bb_length=20_bb_stddev=2.0_combination_mode=all
INDIGO.NS,2016-08-31,2016-09-16,59,835.2847290039062,834.9310913085938,835.7023713684082,834.5136257629395,49306.43991073608,49236.30392001343,-70.1359907226506,-154.28034977570906,-0.1422450918168583,-0.3129010126365172,-0.30856069955141807,84.14435905305845,"{'brokerage_entry': 20.0, 'brokerage_exit': 20.0, 'exchange_entry': np.float64(1.4644012653488616), 'exchange_exit': np.float64(1.4623182264243988), 'sebi_entry': np.float64(0.04930643991073608), 'sebi_exit': np.float64(0.04923630392001343), 'ipft_entry': np.float64(0.04930643991073608), 'ipft_exit': np.float64(0.04923630392001343), 'stamp_buy': np.float64(1.4791931973220824), 'stt_sell': np.float64(12.309075980003358), 'dp_sell': 16.5, 'gst': np.float64(10.732284896298257), 'fees_total': np.float64(84.14435905305845)}",Time,10,1413_rsi_enabled=False_rsi_buy_below=40_rsi_sell_above=70_macd_enabled=True_macd_fast=12_macd_slow=26_macd_signal=9_adx_enabled=False_adx_length=14_adx_min_adx=20_sma_enabled=False_sma_length=50_bb_enabled=False_bb_length=20_bb_stddev=2.0_combination_mode=all
INDIGO.NS,2017-01-11,2017-01-25,59,837.001708984375,894.7409057617188,837.4202098388671,894.2935353088379,49407.792380493156,52763.31858322144,3355.5262027282806,3270.3613267343517,6.79149187012267,6.619120525663343,6.540722653468703,85.16487599392886,"{'brokerage_entry': 20.0, 'brokerage_exit': 20.0, 'exchange_entry': np.float64(1.4674114337006468), 'exchange_exit': np.float64(1.5670705619216767), 'sebi_entry': np.float64(0.04940779238049316), 'sebi_exit': np.float64(0.05276331858322143), 'ipft_entry': np.float64(0.04940779238049316), 'ipft_exit': np.float64(0.05276331858322143), 'stamp_buy': np.float64(1.4822337714147946), 'stt_sell': np.float64(13.19082964580536), 'dp_sell': 16.5, 'gst': np.float64(10.752988359158955), 'fees_total': np.float64(85.16487599392886)}",Time,10,1413_rsi_enabled=False_rsi_buy_below=40_rsi_sell_above=70_macd_enabled=True_macd_fast=12_macd_slow=26_macd_signal=9_adx_enabled=False_adx_length=14_adx_min_adx=20_sma_enabled=False_sma_length=50_bb_enabled=False_bb_length=20_bb_stddev=2.0_combination_mode=all
INDIGO.NS,2017-03-08,2017-03-23,58,847.3553466796875,943.3785400390625,847.7790243530274,942.906850769043,49171.183412475584,54688.597344604495,5517.413932128911,5431.711668331386,11.220828032235335,11.046534354821459,10.863423336662773,85.70226379752472,"{'brokerage_entry': 20.0, 'brokerage_exit': 20.0, 'exchange_entry': np.float64(1.4603841473505248), 'exchange_exit': np.float64(1.6242513411347534), 'sebi_entry': np.float64(0.04917118341247558), 'sebi_exit': np.float64(0.054688597344604496), 'ipft_entry': np.float64(0.04917118341247558), 'ipft_exit': np.float64(0.054688597344604496), 'stamp_buy': np.float64(1.4751355023742676), 'stt_sell': np.float64(13.672149336151124), 'dp_sell': 16.5, 'gst': np.float64(10.762623908999897), 'fees_total': np.float64(85.70226379752472)}",Time,10,1413_rsi_enabled=False_rsi_buy_below=40_rsi_sell_above=70_macd_enabled=True_macd_fast=12_macd_slow=26_macd_signal=9_adx_enabled=False_adx_length=14_adx_min_adx=20_sma_enabled=False_sma_length=50_bb_enabled=False_bb_length=20_bb_stddev=2.0_combination_mode=all
INDIGO.NS,2017-06-01,2017-06-15,45,1088.5693359375,1142.407958984375,1089.1136206054687,1141.836755004883,49010.11292724609,51382.65397521973,2372.5410479736383,2287.7997892532626,4.8409214063546395,4.668015747381416,4.575599578506525,84.74125872037595,"{'brokerage_entry': 20.0, 'brokerage_exit': 20.0, 'exchange_entry': np.float64(1.4556003539392088), 'exchange_exit': np.float64(1.526064823064026), 'sebi_entry': np.float64(0.04901011292724609), 'sebi_exit': np.float64(0.051382653975219725), 'ipft_entry': np.float64(0.04901011292724609), 'ipft_exit': np.float64(0.051382653975219725), 'stamp_buy': np.float64(1.4703033878173828), 'stt_sell': np.float64(12.845663493804933), 'dp_sell': 16.5, 'gst': np.float64(10.74284112794547), 'fees_total': np.float64(84.74125872037595)}",Time,10,1413_rsi_enabled=False_rsi_buy_below=40_rsi_sell_above=70_macd_enabled=True_macd_fast=12_macd_slow=26_macd_signal=9_adx_enabled=False_adx_length=14_adx_min_adx=20_sma_enabled=False_sma_length=50_bb_enabled=False_bb_length=20_bb_stddev=2.0_combination_mode=all
INDIGO.NS,2017-09-05,2017-09-07,40,1242.151123046875,1212.439453125,1242.7721986083984,1211.8332333984376,49710.88794433593,48473.32933593751,-1237.5586083984235,-1321.5109462023238,-2.489512176455563,-2.658393363808133,-2.6430218924046476,83.95233780390035,"{'brokerage_entry': 20.0, 'brokerage_exit': 20.0, 'exchange_entry': np.float64(1.4764133719467771), 'exchange_exit': np.float64(1.439657881277344), 'sebi_entry': np.float64(0.04971088794433593), 'sebi_exit': np.float64(0.04847332933593751), 'ipft_entry': np.float64(0.04971088794433593), 'ipft_exit': np.float64(0.04847332933593751), 'stamp_buy': np.float64(1.491326638330078), 'stt_sell': np.float64(12.118332333984377), 'dp_sell': 16.5, 'gst': np.float64(10.730239143801239), 'fees_total': np.float64(83.95233780390035)}",MACD_cross_down,2,1413_rsi_enabled=False_rsi_buy_below=40_rsi_sell_above=70_macd_enabled=True_macd_fast=12_macd_slow=26_macd_signal=9_adx_enabled=False_adx_length=14_adx_min_adx=20_sma_enabled=False_sma_length=50_bb_enabled=False_bb_length=20_bb_stddev=2.0_combination_mode=all
INDIGO.NS,2017-10-19,2017-11-03,43,1145.798583984375,1239.580322265625,1146.3714832763671,1238.9605321044924,49293.97378088379,53275.302880493175,3981.3290996093856,3896.02474831304,8.076705516391835,7.9036532246948195,7.79204949662608,85.30435129634527,"{'brokerage_entry': 20.0, 'brokerage_exit': 20.0, 'exchange_entry': np.float64(1.4640310212922485), 'exchange_exit': np.float64(1.5822764955506472), 'sebi_entry': np.float64(0.049293973780883786), 'sebi_exit': np.float64(0.053275302880493175), 'ipft_entry': np.float64(0.049293973780883786), 'ipft_exit': np.float64(0.053275302880493175), 'stamp_buy': np.float64(1.4788192134265137), 'stt_sell': np.float64(13.318825720123295), 'dp_sell': 16.5, 'gst': np.float64(10.755260292629817), 'fees_total': np.float64(85.30435129634527)}",Time,10,1413_rsi_enabled=False_rsi_buy_below=40_rsi_sell_above=70_macd_enabled=True_macd_fast=12_macd_slow=26_macd_signal=9_adx_enabled=False_adx_length=14_adx_min_adx=20_sma_enabled=False_sma_length=50_bb_enabled=False_bb_length=20_bb_stddev=2.0_combination_mode=all
INDIGO.NS,2018-01-08,2018-01-16,41,1211.4012451171875,1168.5889892578125,1212.006945739746,1168.0046947631836,49692.28477532959,47888.19248529053,-1804.0922900390578,-1887.8752020360512,-3.6305279545824467,-3.799131415614266,-3.775750404072102,83.78291199699328,"{'brokerage_entry': 20.0, 'brokerage_exit': 20.0, 'exchange_entry': np.float64(1.4758608578272887), 'exchange_exit': np.float64(1.4222793168131287), 'sebi_entry': np.float64(0.04969228477532958), 'sebi_exit': np.float64(0.047888192485290526), 'ipft_entry': np.float64(0.04969228477532958), 'ipft_exit': np.float64(0.047888192485290526), 'stamp_buy': np.float64(1.4907685432598876), 'stt_sell': np.float64(11.972048121322633), 'dp_sell': 16.5, 'gst': np.float64(10.726794203249097), 'fees_total': np.float64(83.78291199699328)}",MACD_cross_down,6,1413_rsi_enabled=False_rsi_buy_below=40_rsi_sell_above=70_macd_enabled=True_macd_fast=12_macd_slow=26_macd_signal=9_adx_enabled=False_adx_length=14_adx_min_adx=20_sma_enabled=False_sma_length=50_bb_enabled=False_bb_length=20_bb_stddev=2.0_combination_mode=all
INDIGO.NS,2018-02-08,2018-02-23,40,1241.7557373046875,1270.52783203125,1242.3766151733398,1269.8925681152346,49695.06460693359,50795.70272460938,1100.638117675786,1016.0193824136219,2.214783553218727,2.0445076195189493,2.0320387648272438,84.61873526216405,"{'brokerage_entry': 20.0, 'brokerage_exit': 20.0, 'exchange_entry': np.float64(1.4759434188259277), 'exchange_exit': np.float64(1.5086323709208986), 'sebi_entry': np.float64(0.04969506460693359), 'sebi_exit': np.float64(0.05079570272460938), 'ipft_entry': np.float64(0.04969506460693359), 'ipft_exit': np.float64(0.05079570272460938), 'stamp_buy': np.float64(1.4908519382080079), 'stt_sell': np.float64(12.698925681152344), 'dp_sell': 16.5, 'gst': np.float64(10.743400318393784), 'fees_total': np.float64(84.61873526216405)}",Time,10,1413_rsi_enabled=False_rsi_buy_below=40_rsi_sell_above=70_macd_enabled=True_macd_fast=12_macd_slow=26_macd_signal=9_adx_enabled=False_adx_length=14_adx_min_adx=20_sma_enabled=False_sma_length=50_bb_enabled=False_bb_length=20_bb_stddev=2.0_combination_mode=all
INDIGO.NS,2018-04-03,2018-04-17,36,1352.4447021484375,1472.230224609375,1353.1209244995116,1471.4941094970704,48712.35328198242,52973.78794189454,4261.43465991212,4176.256170529567,8.748160112987863,8.573299972502598,8.352512341059134,85.17848938255347,"{'brokerage_entry': 20.0, 'brokerage_exit': 20.0, 'exchange_entry': np.float64(1.4467568924748777), 'exchange_exit': np.float64(1.573321501874268), 'sebi_entry': np.float64(0.048712353281982416), 'sebi_exit': np.float64(0.052973787941894536), 'ipft_entry': np.float64(0.048712353281982416), 'ipft_exit': np.float64(0.052973787941894536), 'stamp_buy': np.float64(1.4613705984594725), 'stt_sell': np.float64(13.243446985473634), 'dp_sell': 16.5, 'gst': np.float64(10.750221121823444), 'fees_total': np.float64(85.17848938255347)}",Time,10,1413_rsi_enabled=False_rsi_buy_below=40_rsi_sell_above=70_macd_enabled=True_macd_fast=12_macd_slow=26_macd_signal=9_adx_enabled=False_adx_length=14_adx_min_adx=20_sma_enabled=False_sma_length=50_bb_enabled=False_bb_length=20_bb_stddev=2.0_combination_mode=all
INDIGO.NS,2018-08-10,2018-08-28,46,1065.75439453125,1018.9801635742188,1066.2872717285156,1018.4706734924317,49049.21449951172,46849.65098065186,-2199.563518859861,-2283.00460100216,-4.484401108771594,-4.654518169755577,-4.56600920200432,83.44108214229932,"{'brokerage_entry': 20.0, 'brokerage_exit': 20.0, 'exchange_entry': np.float64(1.456761670635498), 'exchange_exit': np.float64(1.3914346341253603), 'sebi_entry': np.float64(0.04904921449951172), 'sebi_exit': np.float64(0.04684965098065186), 'ipft_entry': np.float64(0.04904921449951172), 'ipft_exit': np.float64(0.04684965098065186), 'stamp_buy': np.float64(1.4714764349853515), 'stt_sell': np.float64(11.712412745162965), 'dp_sell': 16.5, 'gst': np.float64(10.717198926429814), 'fees_total': np.float64(83.44108214229932)}",Time,10,1413_rsi_enabled=False_rsi_buy_below=40_rsi_sell_above=70_macd_enabled=True_macd_fast=12_macd_slow=26_macd_signal=9_adx_enabled=False_adx_length=14_adx_min_adx=20_sma_enabled=False_sma_length=50_bb_enabled=False_bb_length=20_bb_stddev=2.0_combination_mode=all
INDIGO.NS,2018-11-01,2018-11-16,54,920.9534301757812,1044.357666015625,921.413906890869,1043.8354871826173,49756.35097210693,56367.11630786133,6610.765335754404,6524.541211731201,13.286274428485228,13.112981728480882,13.049082423462401,86.22412402320303,"{'brokerage_entry': 20.0, 'brokerage_exit': 20.0, 'exchange_entry': np.float64(1.4777636238715757), 'exchange_exit': np.float64(1.6741033543434816), 'sebi_entry': np.float64(0.04975635097210693), 'sebi_exit': np.float64(0.05636711630786133), 'ipft_entry': np.float64(0.04975635097210693), 'ipft_exit': np.float64(0.05636711630786133), 'stamp_buy': np.float64(1.4926905291632078), 'stt_sell': np.float64(14.091779076965333), 'dp_sell': 16.5, 'gst': np.float64(10.7755405042995), 'fees_total': np.float64(86.22412402320303)}",Time,10,1413_rsi_enabled=False_rsi_buy_below=40_rsi_sell_above=70_macd_enabled=True_macd_fast=12_macd_slow=26_macd_signal=9_adx_enabled=False_adx_length=14_adx_min_adx=20_sma_enabled=False_sma_length=50_bb_enabled=False_bb_length=20_bb_stddev=2.0_combination_mode=all
INDIGO.NS,2019-01-24,2019-02-04,42,1172.8870849609375,1114.2427307128905,1173.4735285034178,1113.6856093475342,49285.88819714355,46774.795592596434,-2511.0926045471133,-2594.5281260290158,-5.09495252373812,-5.264241390255368,-5.189056252058031,83.43552148190241,"{'brokerage_entry': 20.0, 'brokerage_exit': 20.0, 'exchange_entry': np.float64(1.4637908794551633), 'exchange_exit': np.float64(1.389211429100114), 'sebi_entry': np.float64(0.049285888197143544), 'sebi_exit': np.float64(0.04677479559259643), 'ipft_entry': np.float64(0.049285888197143544), 'ipft_exit': np.float64(0.04677479559259643), 'stamp_buy': np.float64(1.4785766459143064), 'stt_sell': np.float64(11.693698898149108), 'dp_sell': 16.5, 'gst': np.float64(10.718122261704254), 'fees_total': np.float64(83.43552148190241)}",HSL,7,1413_rsi_enabled=False_rsi_buy_below=40_rsi_sell_above=70_macd_enabled=True_macd_fast=12_macd_slow=26_macd_signal=9_adx_enabled=False_adx_length=14_adx_min_adx=20_sma_enabled=False_sma_length=50_bb_enabled=False_bb_length=20_bb_stddev=2.0_combination_mode=all
INDIGO.NS,2019-03-06,2019-03-20,40,1222.7960205078125,1416.8590087890625,1223.4074185180664,1416.150579284668,48936.29674072265,56646.023171386725,7709.726430664072,7623.477423710371,15.75461762362654,15.57837010859558,15.246954847420744,86.24900695370073,"{'brokerage_entry': 20.0, 'brokerage_exit': 20.0, 'exchange_entry': np.float64(1.453408013199463), 'exchange_exit': np.float64(1.6823868881901858), 'sebi_entry': np.float64(0.048936296740722654), 'sebi_exit': np.float64(0.05664602317138672), 'ipft_entry': np.float64(0.048936296740722654), 'ipft_exit': np.float64(0.05664602317138672), 'stamp_buy': np.float64(1.4680889022216796), 'stt_sell': np.float64(14.16150579284668), 'dp_sell': 16.5, 'gst': np.float64(10.772452717418496), 'fees_total': np.float64(86.24900695370073)}",Time,10,1413_rsi_enabled=False_rsi_buy_below=40_rsi_sell_above=70_macd_enabled=True_macd_fast=12_macd_slow=26_macd_signal=9_adx_enabled=False_adx_length=14_adx_min_adx=20_sma_enabled=False_sma_length=50_bb_enabled=False_bb_length=20_bb_stddev=2.0_combination_mode=all
INDIGO.NS,2019-07-25,2019-08-02,31,1577.13525390625,1498.2784912109373,1577.923821533203,1497.529351965332,48915.638467529294,46423.409910925286,-2492.228556604008,-2575.5381306794097,-5.09495252373814,-5.265265284003353,-5.15107626135882,83.30957407540166,"{'brokerage_entry': 20.0, 'brokerage_exit': 20.0, 'exchange_entry': np.float64(1.45279446248562), 'exchange_exit': np.float64(1.378775274354481), 'sebi_entry': np.float64(0.04891563846752929), 'sebi_exit': np.float64(0.046423409910925285), 'ipft_entry': np.float64(0.04891563846752929), 'ipft_exit': np.float64(0.046423409910925285), 'stamp_buy': np.float64(1.4674691540258789), 'stt_sell': np.float64(11.605852477731322), 'dp_sell': 16.5, 'gst': np.float64(10.714004610047459), 'fees_total': np.float64(83.30957407540166)}",HSL,6,1413_rsi_enabled=False_rsi_buy_below=40_rsi_sell_above=70_macd_enabled=True_macd_fast=12_macd_slow=26_macd_signal=9_adx_enabled=False_adx_length=14_adx_min_adx=20_sma_enabled=False_sma_length=50_bb_enabled=False_bb_length=20_bb_stddev=2.0_combination_mode=all
INDIGO.NS,2019-08-14,2019-08-29,31,1591.8143310546875,1653.455810546875,1592.6102382202148,1652.6290826416016,49370.91738482666,51231.50156188965,1860.5841770629922,1775.8620400678542,3.7685833596335248,3.596980032243914,3.5517240801357084,84.72213699513807,"{'brokerage_entry': 20.0, 'brokerage_exit': 20.0, 'exchange_entry': np.float64(1.4663162463293518), 'exchange_exit': np.float64(1.5215755963881226), 'sebi_entry': np.float64(0.04937091738482666), 'sebi_exit': np.float64(0.05123150156188965), 'ipft_entry': np.float64(0.04937091738482666), 'ipft_exit': np.float64(0.05123150156188965), 'stamp_buy': np.float64(1.4811275215447999), 'stt_sell': np.float64(12.807875390472413), 'dp_sell': 16.5, 'gst': np.float64(10.744037402509962), 'fees_total': np.float64(84.72213699513807)}",Time,10,1413_rsi_enabled=False_rsi_buy_below=40_rsi_sell_above=70_macd_enabled=True_macd_fast=12_macd_slow=26_macd_signal=9_adx_enabled=False_adx_length=14_adx_min_adx=20_sma_enabled=False_sma_length=50_bb_enabled=False_bb_length=20_bb_stddev=2.0_combination_mode=all
INDIGO.NS,2020-01-10,2020-01-24,35,1413.91064453125,1498.9669189453125,1414.6175998535155,1498.2174354858398,49511.61599487304,52437.61024200439,2925.994247131348,2840.9159833343842,5.909712677191422,5.737877720712172,5.681831966668768,85.07826379696391,"{'brokerage_entry': 20.0, 'brokerage_exit': 20.0, 'exchange_entry': np.float64(1.4704949950477293), 'exchange_exit': np.float64(1.5573970241875303), 'sebi_entry': np.float64(0.04951161599487304), 'sebi_exit': np.float64(0.052437610242004384), 'ipft_entry': np.float64(0.04951161599487304), 'ipft_exit': np.float64(0.052437610242004384), 'stamp_buy': np.float64(1.4853484798461913), 'stt_sell': np.float64(13.109402560501097), 'dp_sell': 16.5, 'gst': np.float64(10.751722284907622), 'fees_total': np.float64(85.07826379696391)}",Time,10,1413_rsi_enabled=False_rsi_buy_below=40_rsi_sell_above=70_macd_enabled=True_macd_fast=12_macd_slow=26_macd_signal=9_adx_enabled=False_adx_length=14_adx_min_adx=20_sma_enabled=False_sma_length=50_bb_enabled=False_bb_length=20_bb_stddev=2.0_combination_mode=all
INDIGO.NS,2020-06-04,2020-06-09,44,1114.167236328125,1087.1628545507108,1114.724319946289,1086.6192731234355,49047.87007763671,47811.248017431164,-1236.6220602055473,-1320.3394204836984,-2.5212553740827635,-2.6919403806806788,-2.640678840967397,83.717360278151,"{'brokerage_entry': 20.0, 'brokerage_exit': 20.0, 'exchange_entry': np.float64(1.4567217413058104), 'exchange_exit': np.float64(1.4199940661177055), 'sebi_entry': np.float64(0.04904787007763671), 'sebi_exit': np.float64(0.04781124801743116), 'ipft_entry': np.float64(0.04904787007763671), 'ipft_exit': np.float64(0.04781124801743116), 'stamp_buy': np.float64(1.4714361023291014), 'stt_sell': np.float64(11.952812004357792), 'dp_sell': 16.5, 'gst': np.float64(10.722678127850457), 'fees_total': np.float64(83.717360278151)}",TSL,3,1413_rsi_enabled=False_rsi_buy_below=40_rsi_sell_above=70_macd_enabled=True_macd_fast=12_macd_slow=26_macd_signal=9_adx_enabled=False_adx_length=14_adx_min_adx=20_sma_enabled=False_sma_length=50_bb_enabled=False_bb_length=20_bb_stddev=2.0_combination_mode=all
INDIGO.NS,2020-08-12,2020-08-13,48,1032.8046875,1059.309914096566,1033.3210898437499,1058.7802591395177,49599.41231249999,50821.452438696855,1222.0401261968655,1137.420437850933,2.4638197696727313,2.2932135378633944,2.274840875701866,84.61968834593249,"{'brokerage_entry': 20.0, 'brokerage_exit': 20.0, 'exchange_entry': np.float64(1.4731025456812497), 'exchange_exit': np.float64(1.5093971374292967), 'sebi_entry': np.float64(0.04959941231249999), 'sebi_exit': np.float64(0.05082145243869685), 'ipft_entry': np.float64(0.04959941231249999), 'ipft_exit': np.float64(0.05082145243869685), 'stamp_buy': np.float64(1.4879823693749998), 'stt_sell': np.float64(12.705363109674215), 'dp_sell': 16.5, 'gst': np.float64(10.74300145427033), 'fees_total': np.float64(84.61968834593249)}",TSL,1,1413_rsi_enabled=False_rsi_buy_below=40_rsi_sell_above=70_macd_enabled=True_macd_fast=12_macd_slow=26_macd_signal=9_adx_enabled=False_adx_length=14_adx_min_adx=20_sma_enabled=False_sma_length=50_bb_enabled=False_bb_length=20_bb_stddev=2.0_combination_mode=all
INDIGO.NS,2021-01-04,2021-01-11,28,1742.006103515625,1699.777587890625,1742.8771065673827,1698.9276990966798,48800.558983886716,47569.97557470704,-1230.5834091796787,-1314.2147560585709,-2.5216584293347966,-2.6930321771365504,-2.6284295121171417,83.63134687889213,"{'brokerage_entry': 20.0, 'brokerage_exit': 20.0, 'exchange_entry': np.float64(1.4493766018214356), 'exchange_exit': np.float64(1.412828274568799), 'sebi_entry': np.float64(0.048800558983886716), 'sebi_exit': np.float64(0.04756997557470703), 'ipft_entry': np.float64(0.048800558983886716), 'ipft_exit': np.float64(0.04756997557470703), 'stamp_buy': np.float64(1.4640167695166015), 'stt_sell': np.float64(11.89249389367676), 'dp_sell': 16.5, 'gst': np.float64(10.719890270191337), 'fees_total': np.float64(83.63134687889213)}",MACD_cross_down,5,1413_rsi_enabled=False_rsi_buy_below=40_rsi_sell_above=70_macd_enabled=True_macd_fast=12_macd_slow=26_macd_signal=9_adx_enabled=False_adx_length=14_adx_min_adx=20_sma_enabled=False_sma_length=50_bb_enabled=False_bb_length=20_bb_stddev=2.0_combination_mode=all
INDIGO.NS,2021-03-03,2021-03-09,28,1779.5926513671875,1690.613018798828,1780.482447692871,1689.7677122894288,49853.50853540038,47313.495944104005,-2540.0125912963776,-2623.641199508026,-5.0949525237381135,-5.262701215191323,-5.247282399016052,83.62860821164836,"{'brokerage_entry': 20.0, 'brokerage_exit': 20.0, 'exchange_entry': np.float64(1.4806492035013914), 'exchange_exit': np.float64(1.4052108295398889), 'sebi_entry': np.float64(0.04985350853540038), 'sebi_exit': np.float64(0.047313495944104), 'ipft_entry': np.float64(0.04985350853540038), 'ipft_exit': np.float64(0.047313495944104), 'stamp_buy': np.float64(1.4956052560620114), 'stt_sell': np.float64(11.828373986026001), 'dp_sell': 16.5, 'gst': np.float64(10.72443492756005), 'fees_total': np.float64(83.62860821164836)}",HSL,4,1413_rsi_enabled=False_rsi_buy_below=40_rsi_sell_above=70_macd_enabled=True_macd_fast=12_macd_slow=26_macd_signal=9_adx_enabled=False_adx_length=14_adx_min_adx=20_sma_enabled=False_sma_length=50_bb_enabled=False_bb_length=20_bb_stddev=2.0_combination_mode=all
INDIGO.NS,2021-05-18,2021-06-01,29,1711.80712890625,1742.7548828125,1712.663032470703,1741.8835053710939,49667.22794165039,50514.62165576172,847.3937141113347,762.857639593104,1.7061425596509276,1.5359376216633585,1.5257152791862079,84.53607451823072,"{'brokerage_entry': 20.0, 'brokerage_exit': 20.0, 'exchange_entry': np.float64(1.4751166698670166), 'exchange_exit': np.float64(1.500284263176123), 'sebi_entry': np.float64(0.049667227941650384), 'sebi_exit': np.float64(0.05051462165576172), 'ipft_entry': np.float64(0.049667227941650384), 'ipft_exit': np.float64(0.05051462165576172), 'stamp_buy': np.float64(1.4900168382495116), 'stt_sell': np.float64(12.62865541394043), 'dp_sell': 16.5, 'gst': np.float64(10.741637633802831), 'fees_total': np.float64(84.53607451823072)}",Time,10,1413_rsi_enabled=False_rsi_buy_below=40_rsi_sell_above=70_macd_enabled=True_macd_fast=12_macd_slow=26_macd_signal=9_adx_enabled=False_adx_length=14_adx_min_adx=20_sma_enabled=False_sma_length=50_bb_enabled=False_bb_length=20_bb_stddev=2.0_combination_mode=all
INDIGO.NS,2021-07-06,2021-07-20,28,1765.666259765625,1677.3829467773437,1766.5490928955078,1676.5442553039552,49463.37460107422,46943.239148510744,-2520.1354525634742,-2603.631349382551,-5.094952523738126,-5.263756002054108,-5.207262698765102,83.49589681907689,"{'brokerage_entry': 20.0, 'brokerage_exit': 20.0, 'exchange_entry': np.float64(1.4690622256519044), 'exchange_exit': np.float64(1.3942142027107691), 'sebi_entry': np.float64(0.049463374601074216), 'sebi_exit': np.float64(0.04694323914851074), 'ipft_entry': np.float64(0.049463374601074216), 'ipft_exit': np.float64(0.04694323914851074), 'stamp_buy': np.float64(1.4839012380322265), 'stt_sell': np.float64(11.735809787127685), 'dp_sell': 16.5, 'gst': np.float64(10.720096138055132), 'fees_total': np.float64(83.49589681907689)}",HSL,10,1413_rsi_enabled=False_rsi_buy_below=40_rsi_sell_above=70_macd_enabled=True_macd_fast=12_macd_slow=26_macd_signal=9_adx_enabled=False_adx_length=14_adx_min_adx=20_sma_enabled=False_sma_length=50_bb_enabled=False_bb_length=20_bb_stddev=2.0_combination_mode=all
INDIGO.NS,2021-08-27,2021-09-13,28,1773.852294921875,1894.4984130859375,1774.7392210693358,1893.5511638793946,49692.6981899414,53019.43258862305,3326.7343986816486,3241.4767096248916,6.6946141382096105,6.523044285570749,6.4829534192497835,85.257689056757,"{'brokerage_entry': 20.0, 'brokerage_exit': 20.0, 'exchange_entry': np.float64(1.4758731362412596), 'exchange_exit': np.float64(1.5746771478821047), 'sebi_entry': np.float64(0.0496926981899414), 'sebi_exit': np.float64(0.05301943258862305), 'ipft_entry': np.float64(0.0496926981899414), 'ipft_exit': np.float64(0.05301943258862305), 'stamp_buy': np.float64(1.4907809456982422), 'stt_sell': np.float64(13.254858147155764), 'dp_sell': 16.5, 'gst': np.float64(10.756075418222489), 'fees_total': np.float64(85.257689056757)}",Time,10,1413_rsi_enabled=False_rsi_buy_below=40_rsi_sell_above=70_macd_enabled=True_macd_fast=12_macd_slow=26_macd_signal=9_adx_enabled=False_adx_length=14_adx_min_adx=20_sma_enabled=False_sma_length=50_bb_enabled=False_bb_length=20_bb_stddev=2.0_combination_mode=all
INDIGO.NS,2021-10-29,2021-11-15,23,2171.5302734375,2342.69091796875,2172.6160385742187,2341.5195725097656,49970.16888720703,53854.95016772461,3884.781280517578,3799.264755505662,7.774200822267241,7.60306566920233,7.598529511011323,85.51652501191613,"{'brokerage_entry': 20.0, 'brokerage_exit': 20.0, 'exchange_entry': np.float64(1.4841140159500488), 'exchange_exit': np.float64(1.5994920199814209), 'sebi_entry': np.float64(0.049970168887207025), 'sebi_exit': np.float64(0.053854950167724604), 'ipft_entry': np.float64(0.049970168887207025), 'ipft_exit': np.float64(0.053854950167724604), 'stamp_buy': np.float64(1.499105066616211), 'stt_sell': np.float64(13.463737541931152), 'dp_sell': 16.5, 'gst': np.float64(10.762426129327439), 'fees_total': np.float64(85.51652501191613)}",Time,10,1413_rsi_enabled=False_rsi_buy_below=40_rsi_sell_above=70_macd_enabled=True_macd_fast=12_macd_slow=26_macd_signal=9_adx_enabled=False_adx_length=14_adx_min_adx=20_sma_enabled=False_sma_length=50_bb_enabled=False_bb_length=20_bb_stddev=2.0_combination_mode=all
INDIGO.NS,2022-01-12,2022-01-24,23,2085.475830078125,1981.2020385742187,2086.5185679931637,1980.2114375549318,47989.92706384277,45544.863063763434,-2445.0640000793355,-2528.058676016705,-5.09495252373811,-5.267894390949032,-5.05611735203341,82.99467593736938,"{'brokerage_entry': 20.0, 'brokerage_exit': 20.0, 'exchange_entry': np.float64(1.4253008337961304), 'exchange_exit': np.float64(1.352682432993774), 'sebi_entry': np.float64(0.047989927063842766), 'sebi_exit': np.float64(0.04554486306376343), 'ipft_entry': np.float64(0.047989927063842766), 'ipft_exit': np.float64(0.04554486306376343), 'stamp_buy': np.float64(1.4396978119152832), 'stt_sell': np.float64(11.38621576594086), 'dp_sell': 16.5, 'gst': np.float64(10.70370951246812), 'fees_total': np.float64(82.99467593736938)}",HSL,8,1413_rsi_enabled=False_rsi_buy_below=40_rsi_sell_above=70_macd_enabled=True_macd_fast=12_macd_slow=26_macd_signal=9_adx_enabled=False_adx_length=14_adx_min_adx=20_sma_enabled=False_sma_length=50_bb_enabled=False_bb_length=20_bb_stddev=2.0_combination_mode=all
INDIGO.NS,2022-02-07,2022-02-21,23,2166.43896484375,2058.117016601562,2167.5221843261716,2057.0879580932615,49853.01023950195,47313.023036145016,-2539.9872033569336,-2623.6156420638636,-5.094952523738131,-5.262702551881198,-5.247231284127727,83.62843870693018,"{'brokerage_entry': 20.0, 'brokerage_exit': 20.0, 'exchange_entry': np.float64(1.480634404113208), 'exchange_exit': np.float64(1.405196784173507), 'sebi_entry': np.float64(0.04985301023950195), 'sebi_exit': np.float64(0.04731302303614501), 'ipft_entry': np.float64(0.04985301023950195), 'ipft_exit': np.float64(0.04731302303614501), 'stamp_buy': np.float64(1.4955903071850585), 'stt_sell': np.float64(11.828255759036255), 'dp_sell': 16.5, 'gst': np.float64(10.724429385870842), 'fees_total': np.float64(83.62843870693018)}",HSL,10,1413_rsi_enabled=False_rsi_buy_below=40_rsi_sell_above=70_macd_enabled=True_macd_fast=12_macd_slow=26_macd_signal=9_adx_enabled=False_adx_length=14_adx_min_adx=20_sma_enabled=False_sma_length=50_bb_enabled=False_bb_length=20_bb_stddev=2.0_combination_mode=all
INDIGO.NS,2022-03-25,2022-04-08,25,1937.2762451171875,1996.775634765625,1938.244883239746,1995.7772469482422,48456.12208099365,49894.431173706056,1438.3090927124067,1354.032900461505,2.96827115118353,2.7943484585874625,2.70806580092301,84.27619225090163,"{'brokerage_entry': 20.0, 'brokerage_exit': 20.0, 'exchange_entry': np.float64(1.4391468258055113), 'exchange_exit': np.float64(1.4818646058590699), 'sebi_entry': np.float64(0.04845612208099365), 'sebi_exit': np.float64(0.04989443117370605), 'ipft_entry': np.float64(0.04845612208099365), 'ipft_exit': np.float64(0.04989443117370605), 'stamp_buy': np.float64(1.4536836624298095), 'stt_sell': np.float64(12.473607793426515), 'dp_sell': 16.5, 'gst': np.float64(10.731188256871315), 'fees_total': np.float64(84.27619225090163)}",Time,10,1413_rsi_enabled=False_rsi_buy_below=40_rsi_sell_above=70_macd_enabled=True_macd_fast=12_macd_slow=26_macd_signal=9_adx_enabled=False_adx_length=14_adx_min_adx=20_sma_enabled=False_sma_length=50_bb_enabled=False_bb_length=20_bb_stddev=2.0_combination_mode=all
INDIGO.NS,2022-05-31,2022-06-13,27,1835.4483642578125,1743.6759460449218,1836.3660884399412,1742.8041080718995,49581.88438787841,47055.71091794129,-2526.1734699371227,-2609.7096800882537,-5.09495252373811,-5.263433837392162,-5.2194193601765075,83.53621015113116,"{'brokerage_entry': 20.0, 'brokerage_exit': 20.0, 'exchange_entry': np.float64(1.4725819663199888), 'exchange_exit': np.float64(1.3975546142628563), 'sebi_entry': np.float64(0.04958188438787841), 'sebi_exit': np.float64(0.047055710917941286), 'ipft_entry': np.float64(0.04958188438787841), 'ipft_exit': np.float64(0.047055710917941286), 'stamp_buy': np.float64(1.4874565316363524), 'stt_sell': np.float64(11.763927729485323), 'dp_sell': 16.5, 'gst': np.float64(10.721414118815005), 'fees_total': np.float64(83.53621015113116)}",HSL,9,1413_rsi_enabled=False_rsi_buy_below=40_rsi_sell_above=70_macd_enabled=True_macd_fast=12_macd_slow=26_macd_signal=9_adx_enabled=False_adx_length=14_adx_min_adx=20_sma_enabled=False_sma_length=50_bb_enabled=False_bb_length=20_bb_stddev=2.0_combination_mode=all
INDIGO.NS,2022-07-18,2022-08-01,27,1798.1114501953125,1888.2091064453125,1799.01050592041,1887.26500189209,48573.28365985107,50956.155051086425,2382.871391235356,2298.2821557783677,4.905724323523451,4.731576666450585,4.596564311556736,84.58923545698846,"{'brokerage_entry': 20.0, 'brokerage_exit': 20.0, 'exchange_entry': np.float64(1.4426265246975767), 'exchange_exit': np.float64(1.513397805017267), 'sebi_entry': np.float64(0.048573283659851064), 'sebi_exit': np.float64(0.05095615505108642), 'ipft_entry': np.float64(0.048573283659851064), 'ipft_exit': np.float64(0.05095615505108642), 'stamp_buy': np.float64(1.4571985097955322), 'stt_sell': np.float64(12.739038762771607), 'dp_sell': 16.5, 'gst': np.float64(10.737914977284609), 'fees_total': np.float64(84.58923545698846)}",Time,10,1413_rsi_enabled=False_rsi_buy_below=40_rsi_sell_above=70_macd_enabled=True_macd_fast=12_macd_slow=26_macd_signal=9_adx_enabled=False_adx_length=14_adx_min_adx=20_sma_enabled=False_sma_length=50_bb_enabled=False_bb_length=20_bb_stddev=2.0_combination_mode=all
INDIGO.NS,2022-11-23,2022-12-07,26,1890.15576171875,1969.8211669921875,1891.1008395996093,1968.8362564086915,49168.62182958984,51189.74266662598,2021.1208370361346,1936.424337732245,4.110590782961131,3.938333566565208,3.87284867546449,84.69649930388965,"{'brokerage_entry': 20.0, 'brokerage_exit': 20.0, 'exchange_entry': np.float64(1.4603080683388183), 'exchange_exit': np.float64(1.5203353571987916), 'sebi_entry': np.float64(0.049168621829589844), 'sebi_exit': np.float64(0.05118974266662597), 'ipft_entry': np.float64(0.049168621829589844), 'ipft_exit': np.float64(0.05118974266662597), 'stamp_buy': np.float64(1.4750586548876954), 'stt_sell': np.float64(12.797435666656495), 'dp_sell': 16.5, 'gst': np.float64(10.742644827815408), 'fees_total': np.float64(84.69649930388965)}",Time,10,1413_rsi_enabled=False_rsi_buy_below=40_rsi_sell_above=70_macd_enabled=True_macd_fast=12_macd_slow=26_macd_signal=9_adx_enabled=False_adx_length=14_adx_min_adx=20_sma_enabled=False_sma_length=50_bb_enabled=False_bb_length=20_bb_stddev=2.0_combination_mode=all
INDIGO.NS,2023-04-18,2023-05-03,25,1956.693359375,2160.44921875,1957.6717060546873,2159.368994140625,48941.792651367185,53984.224853515625,5042.43220214844,4956.947841544733,10.302916850773713,10.128251486117685,9.913895683089466,85.48436060370757,"{'brokerage_entry': 20.0, 'brokerage_exit': 20.0, 'exchange_entry': np.float64(1.4535712417456055), 'exchange_exit': np.float64(1.6033314781494141), 'sebi_entry': np.float64(0.04894179265136718), 'sebi_exit': np.float64(0.053984224853515624), 'ipft_entry': np.float64(0.04894179265136718), 'ipft_exit': np.float64(0.053984224853515624), 'stamp_buy': np.float64(1.4682537795410155), 'stt_sell': np.float64(13.496056213378907), 'dp_sell': 16.5, 'gst': np.float64(10.757295855882862), 'fees_total': np.float64(85.48436060370757)}",Time,10,1413_rsi_enabled=False_rsi_buy_below=40_rsi_sell_above=70_macd_enabled=True_macd_fast=12_macd_slow=26_macd_signal=9_adx_enabled=False_adx_length=14_adx_min_adx=20_sma_enabled=False_sma_length=50_bb_enabled=False_bb_length=20_bb_stddev=2.0_combination_mode=all
INDIGO.NS,2023-10-06,2023-10-20,19,2531.222412109375,2434.935302734375,2532.4880233154295,2433.717835083008,48117.27244299316,46240.63886657715,-1876.6335764160103,-1959.8368063363903,-3.9001245938022526,-4.073042188038199,-3.9196736126727805,83.20322992037987,"{'brokerage_entry': 20.0, 'brokerage_exit': 20.0, 'exchange_entry': np.float64(1.429082991556897), 'exchange_exit': np.float64(1.3733469743373414), 'sebi_entry': np.float64(0.04811727244299316), 'sebi_exit': np.float64(0.04624063886657715), 'ipft_entry': np.float64(0.04811727244299316), 'ipft_exit': np.float64(0.04624063886657715), 'stamp_buy': np.float64(1.4435181732897948), 'stt_sell': np.float64(11.560159716644288), 'dp_sell': 16.5, 'gst': np.float64(10.708406241932408), 'fees_total': np.float64(83.20322992037987)}",Time,10,1413_rsi_enabled=False_rsi_buy_below=40_rsi_sell_above=70_macd_enabled=True_macd_fast=12_macd_slow=26_macd_signal=9_adx_enabled=False_adx_length=14_adx_min_adx=20_sma_enabled=False_sma_length=50_bb_enabled=False_bb_length=20_bb_stddev=2.0_combination_mode=all
INDIGO.NS,2023-11-17,2023-12-04,19,2602.152587890625,2815.4921875,2603.4536641845702,2814.0844414062503,49465.61961950683,53467.604386718755,4001.9847672119213,3916.6135773494793,8.09043694993711,7.91785002892182,7.8332271546989585,85.37118986244175,"{'brokerage_entry': 20.0, 'brokerage_exit': 20.0, 'exchange_entry': np.float64(1.469128902699353), 'exchange_exit': np.float64(1.5879878502855471), 'sebi_entry': np.float64(0.04946561961950683), 'sebi_exit': np.float64(0.05346760438671875), 'ipft_entry': np.float64(0.04946561961950683), 'ipft_exit': np.float64(0.05346760438671875), 'stamp_buy': np.float64(1.483968588585205), 'stt_sell': np.float64(13.366901096679689), 'dp_sell': 16.5, 'gst': np.float64(10.757336976179522), 'fees_total': np.float64(85.37118986244175)}",Time,10,1413_rsi_enabled=False_rsi_buy_below=40_rsi_sell_above=70_macd_enabled=True_macd_fast=12_macd_slow=26_macd_signal=9_adx_enabled=False_adx_length=14_adx_min_adx=20_sma_enabled=False_sma_length=50_bb_enabled=False_bb_length=20_bb_stddev=2.0_combination_mode=all
INDIGO.NS,2024-02-02,2024-02-13,16,3121.824462890625,3036.31884765625,3123.38537512207,3034.800688232422,49974.16600195312,48556.81101171875,-1417.3549902343657,-1501.3490676935273,-2.8361753754509316,-3.004250371351571,-3.0026981353870545,83.9940774591617,"{'brokerage_entry': 20.0, 'brokerage_exit': 20.0, 'exchange_entry': np.float64(1.4842327302580076), 'exchange_exit': np.float64(1.442137287048047), 'sebi_entry': np.float64(0.04997416600195312), 'sebi_exit': np.float64(0.04855681101171875), 'ipft_entry': np.float64(0.04997416600195312), 'ipft_exit': np.float64(0.04855681101171875), 'stamp_buy': np.float64(1.4992249800585935), 'stt_sell': np.float64(12.13920275292969), 'dp_sell': 16.5, 'gst': np.float64(10.732217754840011), 'fees_total': np.float64(83.9940774591617)}",MACD_cross_down,7,1413_rsi_enabled=False_rsi_buy_below=40_rsi_sell_above=70_macd_enabled=True_macd_fast=12_macd_slow=26_macd_signal=9_adx_enabled=False_adx_length=14_adx_min_adx=20_sma_enabled=False_sma_length=50_bb_enabled=False_bb_length=20_bb_stddev=2.0_combination_mode=all
INDIGO.NS,2024-06-10,2024-06-12,10,4558.89599609375,4330.951196289062,4561.175444091797,4328.7857206909175,45611.75444091797,43287.857206909175,-2323.897234008793,-2406.0829298170465,-5.094952523738139,-5.275137865906266,-4.812165859634093,82.18569580825346,"{'brokerage_entry': 20.0, 'brokerage_exit': 20.0, 'exchange_entry': np.float64(1.3546691068952637), 'exchange_exit': np.float64(1.2856493590452025), 'sebi_entry': np.float64(0.045611754440917966), 'sebi_exit': np.float64(0.043287857206909176), 'ipft_entry': np.float64(0.045611754440917966), 'ipft_exit': np.float64(0.043287857206909176), 'stamp_buy': np.float64(1.368352633227539), 'stt_sell': np.float64(10.821964301727293), 'dp_sell': 16.5, 'gst': np.float64(10.6772611840625), 'fees_total': np.float64(82.18569580825346)}",HSL,2,1413_rsi_enabled=False_rsi_buy_below=40_rsi_sell_above=70_macd_enabled=True_macd_fast=12_macd_slow=26_macd_signal=9_adx_enabled=False_adx_length=14_adx_min_adx=20_sma_enabled=False_sma_length=50_bb_enabled=False_bb_length=20_bb_stddev=2.0_combination_mode=all
INDIGO.NS,2024-08-22,2024-09-05,11,4475.58642578125,4820.40380859375,4477.82421899414,4817.993606689453,49256.06640893554,52997.92967358399,3741.8632646484475,3656.6411872603207,7.5967561712756595,7.423737731921219,7.313282374520641,85.22207738812682,"{'brokerage_entry': 20.0, 'brokerage_exit': 20.0, 'exchange_entry': np.float64(1.4629051723453856), 'exchange_exit': np.float64(1.5740385113054445), 'sebi_entry': np.float64(0.04925606640893554), 'sebi_exit': np.float64(0.052997929673583986), 'ipft_entry': np.float64(0.04925606640893554), 'ipft_exit': np.float64(0.052997929673583986), 'stamp_buy': np.float64(1.4776819922680662), 'stt_sell': np.float64(13.249482418395997), 'dp_sell': 16.5, 'gst': np.float64(10.753461301646858), 'fees_total': np.float64(85.22207738812682)}",Time,10,1413_rsi_enabled=False_rsi_buy_below=40_rsi_sell_above=70_macd_enabled=True_macd_fast=12_macd_slow=26_macd_signal=9_adx_enabled=False_adx_length=14_adx_min_adx=20_sma_enabled=False_sma_length=50_bb_enabled=False_bb_length=20_bb_stddev=2.0_combination_mode=all
INDIGO.NS,2024-11-27,2024-12-11,11,4260.69970703125,4458.01611328125,4262.830056884765,4455.78710522461,46891.13062573242,49013.65815747071,2122.527531738291,2038.609968750927,4.52650107475445,4.347538524976833,4.077219937501854,83.91756298736414,"{'brokerage_entry': 20.0, 'brokerage_exit': 20.0, 'exchange_entry': np.float64(1.3926665795842528), 'exchange_exit': np.float64(1.4557056472768801), 'sebi_entry': np.float64(0.04689113062573241), 'sebi_exit': np.float64(0.049013658157470705), 'ipft_entry': np.float64(0.04689113062573241), 'ipft_exit': np.float64(0.049013658157470705), 'stamp_buy': np.float64(1.4067339187719725), 'stt_sell': np.float64(12.253414539367677), 'dp_sell': 16.5, 'gst': np.float64(10.717232724796956), 'fees_total': np.float64(83.91756298736414)}",Time,10,1413_rsi_enabled=False_rsi_buy_below=40_rsi_sell_above=70_macd_enabled=True_macd_fast=12_macd_slow=26_macd_signal=9_adx_enabled=False_adx_length=14_adx_min_adx=20_sma_enabled=False_sma_length=50_bb_enabled=False_bb_length=20_bb_stddev=2.0_combination_mode=all
KOTAKBANK.NS,2015-01-02,2015-01-16,79,631.2235107421875,692.6803588867188,631.5391224975585,692.3340187072754,49891.590677307126,54694.387477874756,4802.79680056763,4717.044312878969,9.62646557339001,9.454587935245943,9.434088625757939,85.75248768866064,"{'brokerage_entry': 20.0, 'brokerage_exit': 20.0, 'exchange_entry': np.float64(1.4817802431160216), 'exchange_exit': np.float64(1.6244233080928803), 'sebi_entry': np.float64(0.04989159067730713), 'sebi_exit': np.float64(0.05469438747787475), 'ipft_entry': np.float64(0.04989159067730713), 'ipft_exit': np.float64(0.05469438747787475), 'stamp_buy': np.float64(1.4967477203192139), 'stt_sell': np.float64(13.673596869468689), 'dp_sell': 16.5, 'gst': np.float64(10.766767591353466), 'fees_total': np.float64(85.75248768866064)}",Time,10,1413_rsi_enabled=False_rsi_buy_below=40_rsi_sell_above=70_macd_enabled=True_macd_fast=12_macd_slow=26_macd_signal=9_adx_enabled=False_adx_length=14_adx_min_adx=20_sma_enabled=False_sma_length=50_bb_enabled=False_bb_length=20_bb_stddev=2.0_combination_mode=all
KOTAKBANK.NS,2015-03-02,2015-03-10,71,697.3218383789062,662.4557464599609,697.6704992980957,662.1245185867309,49534.605450164796,47010.8408196579,-2523.7646305068993,-2607.2847578384876,-5.094952523738136,-5.263562178690601,-5.214569515676976,83.52012733158841,"{'brokerage_entry': 20.0, 'brokerage_exit': 20.0, 'exchange_entry': np.float64(1.4711777818698943), 'exchange_exit': np.float64(1.3962219723438396), 'sebi_entry': np.float64(0.0495346054501648), 'sebi_exit': np.float64(0.047010840819657895), 'ipft_entry': np.float64(0.0495346054501648), 'ipft_exit': np.float64(0.047010840819657895), 'stamp_buy': np.float64(1.486038163504944), 'stt_sell': np.float64(11.752710204914475), 'dp_sell': 16.5, 'gst': np.float64(10.720888316415607), 'fees_total': np.float64(83.52012733158841)}",HSL,5,1413_rsi_enabled=False_rsi_buy_below=40_rsi_sell_above=70_macd_enabled=True_macd_fast=12_macd_slow=26_macd_signal=9_adx_enabled=False_adx_length=14_adx_min_adx=20_sma_enabled=False_sma_length=50_bb_enabled=False_bb_length=20_bb_stddev=2.0_combination_mode=all
KOTAKBANK.NS,2015-04-09,2015-04-21,70,710.1790771484375,674.6701232910156,710.5341666870116,674.3327882293701,49737.391668090815,47203.29517605591,-2534.096492034907,-2617.6856009110556,-5.0949525237381215,-5.263013425351053,-5.235371201822112,83.58910887614884,"{'brokerage_entry': 20.0, 'brokerage_exit': 20.0, 'exchange_entry': np.float64(1.4772005325422972), 'exchange_exit': np.float64(1.4019378667288604), 'sebi_entry': np.float64(0.04973739166809081), 'sebi_exit': np.float64(0.047203295176055905), 'ipft_entry': np.float64(0.04973739166809081), 'ipft_exit': np.float64(0.047203295176055905), 'stamp_buy': np.float64(1.4921217500427244), 'stt_sell': np.float64(11.800823794013978), 'dp_sell': 16.5, 'gst': np.float64(10.7231435591327), 'fees_total': np.float64(83.58910887614884)}",HSL,7,1413_rsi_enabled=False_rsi_buy_below=40_rsi_sell_above=70_macd_enabled=True_macd_fast=12_macd_slow=26_macd_signal=9_adx_enabled=False_adx_length=14_adx_min_adx=20_sma_enabled=False_sma_length=50_bb_enabled=False_bb_length=20_bb_stddev=2.0_combination_mode=all
KOTAKBANK.NS,2015-06-25,2015-07-09,71,698.7506103515625,700.6383056640625,699.0999856567382,700.2879865112305,49636.09898162841,49720.44704229737,84.34806066895544,0.04233497836128208,0.1699328964191461,8.529070420492017e-05,8.466995672256417e-05,84.30572569059416,"{'brokerage_entry': 20.0, 'brokerage_exit': 20.0, 'exchange_entry': np.float64(1.4741921397543638), 'exchange_exit': np.float64(1.476697277156232), 'sebi_entry': np.float64(0.04963609898162841), 'sebi_exit': np.float64(0.04972044704229737), 'ipft_entry': np.float64(0.04963609898162841), 'ipft_exit': np.float64(0.04972044704229737), 'stamp_buy': np.float64(1.4890829694488523), 'stt_sell': np.float64(12.430111760574341), 'dp_sell': 16.5, 'gst': np.float64(10.73692845161252), 'fees_total': np.float64(84.30572569059416)}",Time,10,1413_rsi_enabled=False_rsi_buy_below=40_rsi_sell_above=70_macd_enabled=True_macd_fast=12_macd_slow=26_macd_signal=9_adx_enabled=False_adx_length=14_adx_min_adx=20_sma_enabled=False_sma_length=50_bb_enabled=False_bb_length=20_bb_stddev=2.0_combination_mode=all
KOTAKBANK.NS,2015-08-19,2015-08-20,70,707.7918090820312,692.9385986328125,708.1457049865722,692.5921293334961,49570.19934906006,48481.44905334473,-1088.7502957153265,-1172.695483919275,-2.196380708595983,-2.3657267860907067,-2.34539096783855,83.94518820394835,"{'brokerage_entry': 20.0, 'brokerage_exit': 20.0, 'exchange_entry': np.float64(1.4722349206670837), 'exchange_exit': np.float64(1.4398990368843385), 'sebi_entry': np.float64(0.049570199349060054), 'sebi_exit': np.float64(0.04848144905334473), 'ipft_entry': np.float64(0.049570199349060054), 'ipft_exit': np.float64(0.04848144905334473), 'stamp_buy': np.float64(1.4871059804718019), 'stt_sell': np.float64(12.120362263336183), 'dp_sell': 16.5, 'gst': np.float64(10.729482705784124), 'fees_total': np.float64(83.94518820394835)}",MACD_cross_down,1,1413_rsi_enabled=False_rsi_buy_below=40_rsi_sell_above=70_macd_enabled=True_macd_fast=12_macd_slow=26_macd_signal=9_adx_enabled=False_adx_length=14_adx_min_adx=20_sma_enabled=False_sma_length=50_bb_enabled=False_bb_length=20_bb_stddev=2.0_combination_mode=all
KOTAKBANK.NS,2015-10-30,2015-11-05,73,683.2018432617188,649.0417510986327,683.5434441833496,648.7172302230834,49898.67142538452,47356.357806285094,-2542.3136190994264,-2625.957590317199,-5.094952523738131,-5.262580175594251,-5.2519151806343976,83.64397121777264,"{'brokerage_entry': 20.0, 'brokerage_exit': 20.0, 'exchange_entry': np.float64(1.4819905413339203), 'exchange_exit': np.float64(1.4064838268466673), 'sebi_entry': np.float64(0.04989867142538452), 'sebi_exit': np.float64(0.04735635780628509), 'ipft_entry': np.float64(0.04989867142538452), 'ipft_exit': np.float64(0.04735635780628509), 'stamp_buy': np.float64(1.4969601427615356), 'stt_sell': np.float64(11.839089451571274), 'dp_sell': 16.5, 'gst': np.float64(10.724937196795906), 'fees_total': np.float64(83.64397121777264)}",HSL,4,1413_rsi_enabled=False_rsi_buy_below=40_rsi_sell_above=70_macd_enabled=True_macd_fast=12_macd_slow=26_macd_signal=9_adx_enabled=False_adx_length=14_adx_min_adx=20_sma_enabled=False_sma_length=50_bb_enabled=False_bb_length=20_bb_stddev=2.0_combination_mode=all
KOTAKBANK.NS,2016-03-28,2016-04-08,75,665.2684936523438,661.046142578125,665.6011278991699,660.715619506836,49920.08459243774,49553.6714630127,-366.4131294250401,-450.69006514757655,-0.7339994160998418,-0.9028231198467367,-0.9013801302951531,84.27693572253646,"{'brokerage_entry': 20.0, 'brokerage_exit': 20.0, 'exchange_entry': np.float64(1.482626512395401), 'exchange_exit': np.float64(1.4717440424514774), 'sebi_entry': np.float64(0.04992008459243774), 'sebi_exit': np.float64(0.0495536714630127), 'ipft_entry': np.float64(0.04992008459243774), 'ipft_exit': np.float64(0.0495536714630127), 'stamp_buy': np.float64(1.4976025377731323), 'stt_sell': np.float64(12.388417865753176), 'dp_sell': 16.5, 'gst': np.float64(10.737597252052398), 'fees_total': np.float64(84.27693572253646)}",MACD_cross_down,9,1413_rsi_enabled=False_rsi_buy_below=40_rsi_sell_above=70_macd_enabled=True_macd_fast=12_macd_slow=26_macd_signal=9_adx_enabled=False_adx_length=14_adx_min_adx=20_sma_enabled=False_sma_length=50_bb_enabled=False_bb_length=20_bb_stddev=2.0_combination_mode=all
KOTAKBANK.NS,2016-10-28,2016-11-09,61,814.575439453125,773.8466674804687,814.9827271728515,773.4597441467284,49713.94635754394,47181.04439295043,-2532.901964593504,-2616.483098106481,-5.094952523738129,-5.26307664108713,-5.232966196212962,83.58113351297692,"{'brokerage_entry': 20.0, 'brokerage_exit': 20.0, 'exchange_entry': np.float64(1.476504206819055), 'exchange_exit': np.float64(1.4012770184706278), 'sebi_entry': np.float64(0.049713946357543934), 'sebi_exit': np.float64(0.04718104439295043), 'ipft_entry': np.float64(0.049713946357543934), 'ipft_exit': np.float64(0.04718104439295043), 'stamp_buy': np.float64(1.491418390726318), 'stt_sell': np.float64(11.795261098237608), 'dp_sell': 16.5, 'gst': np.float64(10.72288281722232), 'fees_total': np.float64(83.58113351297692)}",HSL,7,1413_rsi_enabled=False_rsi_buy_below=40_rsi_sell_above=70_macd_enabled=True_macd_fast=12_macd_slow=26_macd_signal=9_adx_enabled=False_adx_length=14_adx_min_adx=20_sma_enabled=False_sma_length=50_bb_enabled=False_bb_length=20_bb_stddev=2.0_combination_mode=all
KOTAKBANK.NS,2017-01-24,2017-02-08,67,739.0183715820312,763.1270751953125,739.3878807678223,762.7455116577149,49538.98801144409,51103.9492810669,1564.9612696228141,1480.2644629498404,3.1590497352535536,2.9880797375349735,2.960528925899681,84.6968066729737,"{'brokerage_entry': 20.0, 'brokerage_exit': 20.0, 'exchange_entry': np.float64(1.4713079439398895), 'exchange_exit': np.float64(1.517787293647687), 'sebi_entry': np.float64(0.04953898801144409), 'sebi_exit': np.float64(0.0511039492810669), 'ipft_entry': np.float64(0.04953898801144409), 'ipft_exit': np.float64(0.0511039492810669), 'stamp_buy': np.float64(1.4861696403433227), 'stt_sell': np.float64(12.775987320266726), 'dp_sell': 16.5, 'gst': np.float64(10.744268600191065), 'fees_total': np.float64(84.6968066729737)}",Time,10,1413_rsi_enabled=False_rsi_buy_below=40_rsi_sell_above=70_macd_enabled=True_macd_fast=12_macd_slow=26_macd_signal=9_adx_enabled=False_adx_length=14_adx_min_adx=20_sma_enabled=False_sma_length=50_bb_enabled=False_bb_length=20_bb_stddev=2.0_combination_mode=all
KOTAKBANK.NS,2017-07-28,2017-08-07,49,1007.42919921875,992.7063598632812,1007.9329138183593,992.2100066833497,49388.71277709961,48618.29032748413,-770.4224496154784,-854.3947335387925,-1.5599160340390674,-1.729939262427903,-1.7087894670775852,83.97228392331408,"{'brokerage_entry': 20.0, 'brokerage_exit': 20.0, 'exchange_entry': np.float64(1.4668447694798583), 'exchange_exit': np.float64(1.4439632227262786), 'sebi_entry': np.float64(0.04938871277709961), 'sebi_exit': np.float64(0.048618290327484125), 'ipft_entry': np.float64(0.04938871277709961), 'ipft_exit': np.float64(0.048618290327484125), 'stamp_buy': np.float64(1.4816613833129884), 'stt_sell': np.float64(12.154572581871033), 'dp_sell': 16.5, 'gst': np.float64(10.729227959714756), 'fees_total': np.float64(83.97228392331408)}",MACD_cross_down,6,1413_rsi_enabled=False_rsi_buy_below=40_rsi_sell_above=70_macd_enabled=True_macd_fast=12_macd_slow=26_macd_signal=9_adx_enabled=False_adx_length=14_adx_min_adx=20_sma_enabled=False_sma_length=50_bb_enabled=False_bb_length=20_bb_stddev=2.0_combination_mode=all
KOTAKBANK.NS,2017-09-06,2017-09-20,50,990.9653930664062,1017.8745727539062,991.4608757629394,1017.3656354675294,49573.04378814697,50868.28177337647,1295.237985229498,1210.606615248555,2.6127868822515037,2.4420663383554713,2.42121323049711,84.63136998094286,"{'brokerage_entry': 20.0, 'brokerage_exit': 20.0, 'exchange_entry': np.float64(1.472319400507965), 'exchange_exit': np.float64(1.5107879686692811), 'sebi_entry': np.float64(0.04957304378814697), 'sebi_exit': np.float64(0.05086828177337647), 'ipft_entry': np.float64(0.04957304378814697), 'ipft_exit': np.float64(0.05086828177337647), 'stamp_buy': np.float64(1.487191313644409), 'stt_sell': np.float64(12.717070443344117), 'dp_sell': 16.5, 'gst': np.float64(10.743118203654051), 'fees_total': np.float64(84.63136998094286)}",Time,10,1413_rsi_enabled=False_rsi_buy_below=40_rsi_sell_above=70_macd_enabled=True_macd_fast=12_macd_slow=26_macd_signal=9_adx_enabled=False_adx_length=14_adx_min_adx=20_sma_enabled=False_sma_length=50_bb_enabled=False_bb_length=20_bb_stddev=2.0_combination_mode=all
KOTAKBANK.NS,2018-01-18,2018-02-02,48,1041.0533447265625,1080.2979736328125,1041.5738713989258,1079.7578246459962,49995.54582714844,51828.375583007815,1832.8297558593767,1747.893969984542,3.6659860904331176,3.496099384588388,3.495787939969084,84.93578587483472,"{'brokerage_entry': 20.0, 'brokerage_exit': 20.0, 'exchange_entry': np.float64(1.4848677110663087), 'exchange_exit': np.float64(1.5393027548153322), 'sebi_entry': np.float64(0.049995545827148435), 'sebi_exit': np.float64(0.05182837558300781), 'ipft_entry': np.float64(0.049995545827148435), 'ipft_exit': np.float64(0.05182837558300781), 'stamp_buy': np.float64(1.4998663748144532), 'stt_sell': np.float64(12.957093895751955), 'dp_sell': 16.5, 'gst': np.float64(10.751007295566351), 'fees_total': np.float64(84.93578587483472)}",Time,10,1413_rsi_enabled=False_rsi_buy_below=40_rsi_sell_above=70_macd_enabled=True_macd_fast=12_macd_slow=26_macd_signal=9_adx_enabled=False_adx_length=14_adx_min_adx=20_sma_enabled=False_sma_length=50_bb_enabled=False_bb_length=20_bb_stddev=2.0_combination_mode=all
KOTAKBANK.NS,2018-04-03,2018-04-17,45,1097.557861328125,1158.787353515625,1098.106640258789,1158.2079598388673,49414.7988116455,52119.35819274903,2704.5593811035287,2619.5791109140855,5.473176955374247,5.301203635168365,5.239158221828171,84.980270189443,"{'brokerage_entry': 20.0, 'brokerage_exit': 20.0, 'exchange_entry': np.float64(1.4676195247058714), 'exchange_exit': np.float64(1.5479449383246462), 'sebi_entry': np.float64(0.0494147988116455), 'sebi_exit': np.float64(0.05211935819274903), 'ipft_entry': np.float64(0.0494147988116455), 'ipft_exit': np.float64(0.05211935819274903), 'stamp_buy': np.float64(1.482443964349365), 'stt_sell': np.float64(13.029839548187258), 'dp_sell': 16.5, 'gst': np.float64(10.749353899867076), 'fees_total': np.float64(84.980270189443)}",Time,10,1413_rsi_enabled=False_rsi_buy_below=40_rsi_sell_above=70_macd_enabled=True_macd_fast=12_macd_slow=26_macd_signal=9_adx_enabled=False_adx_length=14_adx_min_adx=20_sma_enabled=False_sma_length=50_bb_enabled=False_bb_length=20_bb_stddev=2.0_combination_mode=all
KOTAKBANK.NS,2018-11-29,2018-12-07,41,1207.2529296875,1205.6653545323536,1207.8565561523437,1205.0625218550874,49522.11880224609,49407.563396058584,-114.5554061875082,-198.7635242929,-0.23132169817886003,-0.4013631264175333,-0.3975270485858,84.2081181053918,"{'brokerage_entry': 20.0, 'brokerage_exit': 20.0, 'exchange_entry': np.float64(1.470806928426709), 'exchange_exit': np.float64(1.46740463286294), 'sebi_entry': np.float64(0.04952211880224609), 'sebi_exit': np.float64(0.04940756339605858), 'ipft_entry': np.float64(0.04952211880224609), 'ipft_exit': np.float64(0.04940756339605858), 'stamp_buy': np.float64(1.4856635640673828), 'stt_sell': np.float64(12.351890849014646), 'dp_sell': 16.5, 'gst': np.float64(10.734492766623525), 'fees_total': np.float64(84.2081181053918)}",TSL,6,1413_rsi_enabled=False_rsi_buy_below=40_rsi_sell_above=70_macd_enabled=True_macd_fast=12_macd_slow=26_macd_signal=9_adx_enabled=False_adx_length=14_adx_min_adx=20_sma_enabled=False_sma_length=50_bb_enabled=False_bb_length=20_bb_stddev=2.0_combination_mode=all
KOTAKBANK.NS,2019-01-21,2019-01-30,39,1261.646240234375,1216.4593505859375,1262.2770633544922,1215.8511209106446,49228.805470825195,47418.19371551514,-1810.6117553100557,-1894.2283455546235,-3.6779518373304647,-3.847804811508605,-3.7884566911092468,83.6165902445678,"{'brokerage_entry': 20.0, 'brokerage_exit': 20.0, 'exchange_entry': np.float64(1.4620955224835084), 'exchange_exit': np.float64(1.4083203533507997), 'sebi_entry': np.float64(0.04922880547082519), 'sebi_exit': np.float64(0.04741819371551514), 'ipft_entry': np.float64(0.04922880547082519), 'ipft_exit': np.float64(0.04741819371551514), 'stamp_buy': np.float64(1.476864164124756), 'stt_sell': np.float64(11.854548428878784), 'dp_sell': 16.5, 'gst': np.float64(10.721467777357258), 'fees_total': np.float64(83.6165902445678)}",MACD_cross_down,7,1413_rsi_enabled=False_rsi_buy_below=40_rsi_sell_above=70_macd_enabled=True_macd_fast=12_macd_slow=26_macd_signal=9_adx_enabled=False_adx_length=14_adx_min_adx=20_sma_enabled=False_sma_length=50_bb_enabled=False_bb_length=20_bb_stddev=2.0_combination_mode=all
KOTAKBANK.NS,2019-03-15,2019-04-02,37,1318.9259033203125,1333.15869140625,1319.5853662719726,1332.492112060547,48824.65855206299,49302.20814624024,477.5495941772533,393.4187688084146,0.9780910063467825,0.8057788430591931,0.7868375376168292,84.13082536883869,"{'brokerage_entry': 20.0, 'brokerage_exit': 20.0, 'exchange_entry': np.float64(1.4500923589962709), 'exchange_exit': np.float64(1.4642755819433353), 'sebi_entry': np.float64(0.048824658552062986), 'sebi_exit': np.float64(0.04930220814624024), 'ipft_entry': np.float64(0.048824658552062986), 'ipft_exit': np.float64(0.04930220814624024), 'stamp_buy': np.float64(1.4647397565618896), 'stt_sell': np.float64(12.32555203656006), 'dp_sell': 16.5, 'gst': np.float64(10.729911901380516), 'fees_total': np.float64(84.13082536883869)}",Time,10,1413_rsi_enabled=False_rsi_buy_below=40_rsi_sell_above=70_macd_enabled=True_macd_fast=12_macd_slow=26_macd_signal=9_adx_enabled=False_adx_length=14_adx_min_adx=20_sma_enabled=False_sma_length=50_bb_enabled=False_bb_length=20_bb_stddev=2.0_combination_mode=all
KOTAKBANK.NS,2019-07-15,2019-07-22,33,1501.82568359375,1448.2496337890625,1502.576596435547,1447.5255089721682,49585.027682373046,47768.34179608155,-1816.685886291496,-1900.4271227096986,-3.6637791107603004,-3.8326632282697712,-3.8008542454193974,83.74123641820266,"{'brokerage_entry': 20.0, 'brokerage_exit': 20.0, 'exchange_entry': np.float64(1.4726753221664795), 'exchange_exit': np.float64(1.418719751343622), 'sebi_entry': np.float64(0.049585027682373044), 'sebi_exit': np.float64(0.04776834179608155), 'ipft_entry': np.float64(0.049585027682373044), 'ipft_exit': np.float64(0.04776834179608155), 'stamp_buy': np.float64(1.4875508304711913), 'stt_sell': np.float64(11.942085449020388), 'dp_sell': 16.5, 'gst': np.float64(10.725498326244063), 'fees_total': np.float64(83.74123641820266)}",MACD_cross_down,5,1413_rsi_enabled=False_rsi_buy_below=40_rsi_sell_above=70_macd_enabled=True_macd_fast=12_macd_slow=26_macd_signal=9_adx_enabled=False_adx_length=14_adx_min_adx=20_sma_enabled=False_sma_length=50_bb_enabled=False_bb_length=20_bb_stddev=2.0_combination_mode=all
KOTAKBANK.NS,2019-08-09,2019-08-19,32,1525.7259521484375,1490.1246337890625,1526.4888151245116,1489.379571472168,48847.64208398437,47660.146287109375,-1187.495796874995,-1271.156233041101,-2.4310196894116576,-2.6022878051218643,-2.5423124660822016,83.660436166106,"{'brokerage_entry': 20.0, 'brokerage_exit': 20.0, 'exchange_entry': np.float64(1.4507749698943357), 'exchange_exit': np.float64(1.4155063447271485), 'sebi_entry': np.float64(0.048847642083984365), 'sebi_exit': np.float64(0.04766014628710937), 'ipft_entry': np.float64(0.048847642083984365), 'ipft_exit': np.float64(0.04766014628710937), 'stamp_buy': np.float64(1.465429262519531), 'stt_sell': np.float64(11.915036571777344), 'dp_sell': 16.5, 'gst': np.float64(10.72067344044546), 'fees_total': np.float64(83.660436166106)}",MACD_cross_down,4,1413_rsi_enabled=False_rsi_buy_below=40_rsi_sell_above=70_macd_enabled=True_macd_fast=12_macd_slow=26_macd_signal=9_adx_enabled=False_adx_length=14_adx_min_adx=20_sma_enabled=False_sma_length=50_bb_enabled=False_bb_length=20_bb_stddev=2.0_combination_mode=all
KOTAKBANK.NS,2019-09-20,2019-10-07,32,1532.4478759765625,1549.1778564453125,1533.2140999145506,1548.40326751709,49062.85119726562,49548.90456054688,486.0533632812585,401.83558026932707,0.9906749229208012,0.8190220716151985,0.8036711605386542,84.21778301193142,"{'brokerage_entry': 20.0, 'brokerage_exit': 20.0, 'exchange_entry': np.float64(1.4571666805587888), 'exchange_exit': np.float64(1.4716024654482422), 'sebi_entry': np.float64(0.04906285119726562), 'sebi_exit': np.float64(0.04954890456054688), 'ipft_entry': np.float64(0.04906285119726562), 'ipft_exit': np.float64(0.04954890456054688), 'stamp_buy': np.float64(1.4718855359179686), 'stt_sell': np.float64(12.38722614013672), 'dp_sell': 16.5, 'gst': np.float64(10.732678678354075), 'fees_total': np.float64(84.21778301193142)}",Time,10,1413_rsi_enabled=False_rsi_buy_below=40_rsi_sell_above=70_macd_enabled=True_macd_fast=12_macd_slow=26_macd_signal=9_adx_enabled=False_adx_length=14_adx_min_adx=20_sma_enabled=False_sma_length=50_bb_enabled=False_bb_length=20_bb_stddev=2.0_combination_mode=all
KOTAKBANK.NS,2020-02-12,2020-02-25,29,1707.765380859375,1668.828125,1708.6192635498046,1667.9937109375,49549.95864294433,48371.8176171875,-1178.1410257568277,-1262.0533408831993,-2.377683166693398,-2.5470320772162935,-2.5241066817663986,83.9123151263717,"{'brokerage_entry': 20.0, 'brokerage_exit': 20.0, 'exchange_entry': np.float64(1.4716337716954466), 'exchange_exit': np.float64(1.4366429832304688), 'sebi_entry': np.float64(0.04954995864294433), 'sebi_exit': np.float64(0.0483718176171875), 'ipft_entry': np.float64(0.04954995864294433), 'ipft_exit': np.float64(0.0483718176171875), 'stamp_buy': np.float64(1.4864987592883299), 'stt_sell': np.float64(12.092954404296876), 'dp_sell': 16.5, 'gst': np.float64(10.728741655340311), 'fees_total': np.float64(83.9123151263717)}",MACD_cross_down,8,1413_rsi_enabled=False_rsi_buy_below=40_rsi_sell_above=70_macd_enabled=True_macd_fast=12_macd_slow=26_macd_signal=9_adx_enabled=False_adx_length=14_adx_min_adx=20_sma_enabled=False_sma_length=50_bb_enabled=False_bb_length=20_bb_stddev=2.0_combination_mode=all
KOTAKBANK.NS,2020-06-02,2020-06-12,37,1337.3131103515625,1270.4474548339842,1337.9817669067381,1269.8122311065674,49505.32537554931,46983.05255094299,-2522.27282460632,-2605.7829917700406,-5.094952523738124,-5.263641783994894,-5.211565983540082,83.5101671637206,"{'brokerage_entry': 20.0, 'brokerage_exit': 20.0, 'exchange_entry': np.float64(1.4703081636538147), 'exchange_exit': np.float64(1.3953966607630068), 'sebi_entry': np.float64(0.04950532537554931), 'sebi_exit': np.float64(0.04698305255094299), 'ipft_entry': np.float64(0.04950532537554931), 'ipft_exit': np.float64(0.04698305255094299), 'stamp_buy': np.float64(1.4851597612664795), 'stt_sell': np.float64(11.745763137735748), 'dp_sell': 16.5, 'gst': np.float64(10.720562684448563), 'fees_total': np.float64(83.5101671637206)}",HSL,8,1413_rsi_enabled=False_rsi_buy_below=40_rsi_sell_above=70_macd_enabled=True_macd_fast=12_macd_slow=26_macd_signal=9_adx_enabled=False_adx_length=14_adx_min_adx=20_sma_enabled=False_sma_length=50_bb_enabled=False_bb_length=20_bb_stddev=2.0_combination_mode=all
KOTAKBANK.NS,2020-08-24,2020-09-07,36,1381.478515625,1363.0555419921875,1382.1692548828123,1362.3740142211914,49758.09317578124,49045.46451196289,-712.6286638183519,-796.7486186204839,-1.4321864411098648,-1.601244275591102,-1.593497237240968,84.11995480213193,"{'brokerage_entry': 20.0, 'brokerage_exit': 20.0, 'exchange_entry': np.float64(1.4778153673207028), 'exchange_exit': np.float64(1.4566502960052978), 'sebi_entry': np.float64(0.04975809317578124), 'sebi_exit': np.float64(0.049045464511962886), 'ipft_entry': np.float64(0.04975809317578124), 'ipft_exit': np.float64(0.049045464511962886), 'stamp_buy': np.float64(1.4927427952734373), 'stt_sell': np.float64(12.261366127990723), 'dp_sell': 16.5, 'gst': np.float64(10.733773100166268), 'fees_total': np.float64(84.11995480213193)}",Time,10,1413_rsi_enabled=False_rsi_buy_below=40_rsi_sell_above=70_macd_enabled=True_macd_fast=12_macd_slow=26_macd_signal=9_adx_enabled=False_adx_length=14_adx_min_adx=20_sma_enabled=False_sma_length=50_bb_enabled=False_bb_length=20_bb_stddev=2.0_combination_mode=all
KOTAKBANK.NS,2020-10-19,2020-11-02,36,1370.9722900390625,1574.1236572265625,1371.657776184082,1573.3365953979494,49379.67994262695,56640.11743432618,7260.437491699231,7174.160295401688,14.703289896036095,14.528567831418046,14.348320590803375,86.27719629754266,"{'brokerage_entry': 20.0, 'brokerage_exit': 20.0, 'exchange_entry': np.float64(1.4665764942960204), 'exchange_exit': np.float64(1.6822114877994876), 'sebi_entry': np.float64(0.049379679942626944), 'sebi_exit': np.float64(0.056640117434326176), 'ipft_entry': np.float64(0.049379679942626944), 'ipft_exit': np.float64(0.056640117434326176), 'stamp_buy': np.float64(1.4813903982788086), 'stt_sell': np.float64(14.160029358581545), 'dp_sell': 16.5, 'gst': np.float64(10.774948963832893), 'fees_total': np.float64(86.27719629754266)}",Time,10,1413_rsi_enabled=False_rsi_buy_below=40_rsi_sell_above=70_macd_enabled=True_macd_fast=12_macd_slow=26_macd_signal=9_adx_enabled=False_adx_length=14_adx_min_adx=20_sma_enabled=False_sma_length=50_bb_enabled=False_bb_length=20_bb_stddev=2.0_combination_mode=all
KOTAKBANK.NS,2021-02-05,2021-02-19,25,1974.451171875,1930.68408203125,1975.4383974609375,1929.7187399902346,49385.95993652344,48242.968499755865,-1142.9914367675738,-1226.8556653876958,-2.3144056291234976,-2.4842195372219007,-2.4537113307753917,83.86422862012213,"{'brokerage_entry': 20.0, 'brokerage_exit': 20.0, 'exchange_entry': np.float64(1.4667630101147462), 'exchange_exit': np.float64(1.4328161644427493), 'sebi_entry': np.float64(0.049385959936523435), 'sebi_exit': np.float64(0.048242968499755866), 'ipft_entry': np.float64(0.049385959936523435), 'ipft_exit': np.float64(0.048242968499755866), 'stamp_buy': np.float64(1.4815787980957031), 'stt_sell': np.float64(12.060742124938967), 'dp_sell': 16.5, 'gst': np.float64(10.72707066565741), 'fees_total': np.float64(83.86422862012213)}",Time,10,1413_rsi_enabled=False_rsi_buy_below=40_rsi_sell_above=70_macd_enabled=True_macd_fast=12_macd_slow=26_macd_signal=9_adx_enabled=False_adx_length=14_adx_min_adx=20_sma_enabled=False_sma_length=50_bb_enabled=False_bb_length=20_bb_stddev=2.0_combination_mode=all
KOTAKBANK.NS,2021-08-05,2021-08-20,28,1764.37890625,1697.3050537109375,1765.261095703125,1696.456401184082,49427.3106796875,47500.7792331543,-1926.5314465331976,-2010.1851527931565,-3.897706389526305,-4.066952308654042,-4.0203703055863125,83.65370625995897,"{'brokerage_entry': 20.0, 'brokerage_exit': 20.0, 'exchange_entry': np.float64(1.4679911271867188), 'exchange_exit': np.float64(1.4107731432246828), 'sebi_entry': np.float64(0.049427310679687496), 'sebi_exit': np.float64(0.0475007792331543), 'ipft_entry': np.float64(0.049427310679687496), 'ipft_exit': np.float64(0.0475007792331543), 'stamp_buy': np.float64(1.482819320390625), 'stt_sell': np.float64(11.875194808288576), 'dp_sell': 16.5, 'gst': np.float64(10.723071681042676), 'fees_total': np.float64(83.65370625995897)}",Time,10,1413_rsi_enabled=False_rsi_buy_below=40_rsi_sell_above=70_macd_enabled=True_macd_fast=12_macd_slow=26_macd_signal=9_adx_enabled=False_adx_length=14_adx_min_adx=20_sma_enabled=False_sma_length=50_bb_enabled=False_bb_length=20_bb_stddev=2.0_combination_mode=all
KOTAKBANK.NS,2021-09-02,2021-09-17,28,1769.887939453125,2000.589111328125,1770.7728834228515,1999.588816772461,49581.64073583984,55988.48686962891,6406.846133789069,6320.742606656377,12.921811458243882,12.74815135774129,12.641485213312754,86.10352713269258,"{'brokerage_entry': 20.0, 'brokerage_exit': 20.0, 'exchange_entry': np.float64(1.4725747298544434), 'exchange_exit': np.float64(1.6628580600279788), 'sebi_entry': np.float64(0.049581640735839844), 'sebi_exit': np.float64(0.05598848686962891), 'ipft_entry': np.float64(0.049581640735839844), 'ipft_exit': np.float64(0.05598848686962891), 'stamp_buy': np.float64(1.4874492220751954), 'stt_sell': np.float64(13.997121717407229), 'dp_sell': 16.5, 'gst': np.float64(10.772383148116804), 'fees_total': np.float64(86.10352713269258)}",Time,10,1413_rsi_enabled=False_rsi_buy_below=40_rsi_sell_above=70_macd_enabled=True_macd_fast=12_macd_slow=26_macd_signal=9_adx_enabled=False_adx_length=14_adx_min_adx=20_sma_enabled=False_sma_length=50_bb_enabled=False_bb_length=20_bb_stddev=2.0_combination_mode=all
KOTAKBANK.NS,2022-01-05,2022-01-19,26,1915.1036376953125,1898.6640625,1916.06118951416,1897.71473046875,49817.59092736816,49340.582992187505,-477.0079351806562,-561.2167193101591,-0.9575090370710873,-1.126543272894083,-1.122433438620318,84.20878412950282,"{'brokerage_entry': 20.0, 'brokerage_exit': 20.0, 'exchange_entry': np.float64(1.4795824505428343), 'exchange_exit': np.float64(1.465415314867969), 'sebi_entry': np.float64(0.049817590927368156), 'sebi_exit': np.float64(0.0493405829921875), 'ipft_entry': np.float64(0.049817590927368156), 'ipft_exit': np.float64(0.0493405829921875), 'stamp_buy': np.float64(1.494527727821045), 'stt_sell': np.float64(12.335145748046877), 'dp_sell': 16.5, 'gst': np.float64(10.735796540384984), 'fees_total': np.float64(84.20878412950282)}",Time,10,1413_rsi_enabled=False_rsi_buy_below=40_rsi_sell_above=70_macd_enabled=True_macd_fast=12_macd_slow=26_macd_signal=9_adx_enabled=False_adx_length=14_adx_min_adx=20_sma_enabled=False_sma_length=50_bb_enabled=False_bb_length=20_bb_stddev=2.0_combination_mode=all
KOTAKBANK.NS,2022-02-02,2022-02-07,25,1935.4786376953125,1838.7047058105468,1936.4463770141601,1837.7853534576416,48411.159425354,45944.63383644104,-2466.525588912962,-2549.6635549575835,-5.094952523738128,-5.266685584940293,-5.099327109915167,83.13796604462159,"{'brokerage_entry': 20.0, 'brokerage_exit': 20.0, 'exchange_entry': np.float64(1.4378114349330138), 'exchange_exit': np.float64(1.364555624942299), 'sebi_entry': np.float64(0.048411159425354), 'sebi_exit': np.float64(0.04594463383644104), 'ipft_entry': np.float64(0.048411159425354), 'ipft_exit': np.float64(0.04594463383644104), 'stamp_buy': np.float64(1.4523347827606201), 'stt_sell': np.float64(11.48615845911026), 'dp_sell': 16.5, 'gst': np.float64(10.708394156351803), 'fees_total': np.float64(83.13796604462159)}",HSL,3,1413_rsi_enabled=False_rsi_buy_below=40_rsi_sell_above=70_macd_enabled=True_macd_fast=12_macd_slow=26_macd_signal=9_adx_enabled=False_adx_length=14_adx_min_adx=20_sma_enabled=False_sma_length=50_bb_enabled=False_bb_length=20_bb_stddev=2.0_combination_mode=all
KOTAKBANK.NS,2022-05-23,2022-06-03,27,1847.50244140625,1851.83642578125,1848.426192626953,1850.9105075683594,49907.50720092773,49974.58370434571,67.07650341797853,-17.32055721653839,0.13440163049604617,-0.03470531426626016,-0.034641114433076776,84.39706063451692,"{'brokerage_entry': 20.0, 'brokerage_exit': 20.0, 'exchange_entry': np.float64(1.4822529638675535), 'exchange_exit': np.float64(1.4842451360190676), 'sebi_entry': np.float64(0.04990750720092772), 'sebi_exit': np.float64(0.0499745837043457), 'ipft_entry': np.float64(0.04990750720092772), 'ipft_exit': np.float64(0.0499745837043457), 'stamp_buy': np.float64(1.4972252160278319), 'stt_sell': np.float64(12.493645926086426), 'dp_sell': 16.5, 'gst': np.float64(10.73992721070549), 'fees_total': np.float64(84.39706063451692)}",MACD_cross_down,9,1413_rsi_enabled=False_rsi_buy_below=40_rsi_sell_above=70_macd_enabled=True_macd_fast=12_macd_slow=26_macd_signal=9_adx_enabled=False_adx_length=14_adx_min_adx=20_sma_enabled=False_sma_length=50_bb_enabled=False_bb_length=20_bb_stddev=2.0_combination_mode=all
KOTAKBANK.NS,2022-07-14,2022-07-28,28,1763.561279296875,1821.796875,1764.4430599365232,1820.8859765625,49404.405678222654,50984.80734375,1580.4016655273444,1495.7481726187602,3.198908364206842,3.027560299704369,2.9914963452375205,84.6534929085841,"{'brokerage_entry': 20.0, 'brokerage_exit': 20.0, 'exchange_entry': np.float64(1.467310848643213), 'exchange_exit': np.float64(1.514248778109375), 'sebi_entry': np.float64(0.04940440567822265), 'sebi_exit': np.float64(0.050984807343749994), 'ipft_entry': np.float64(0.04940440567822265), 'ipft_exit': np.float64(0.050984807343749994), 'stamp_buy': np.float64(1.4821321703466797), 'stt_sell': np.float64(12.7462018359375), 'dp_sell': 16.5, 'gst': np.float64(10.742820849503378), 'fees_total': np.float64(84.6534929085841)}",Time,10,1413_rsi_enabled=False_rsi_buy_below=40_rsi_sell_above=70_macd_enabled=True_macd_fast=12_macd_slow=26_macd_signal=9_adx_enabled=False_adx_length=14_adx_min_adx=20_sma_enabled=False_sma_length=50_bb_enabled=False_bb_length=20_bb_stddev=2.0_combination_mode=all
KOTAKBANK.NS,2022-11-14,2022-11-25,26,1916.9046630859375,1922.4874267578125,1917.8631154174805,1921.5261830444338,49864.441000854495,49959.68075915528,95.23975830078416,10.849883782414764,0.19099734477952354,0.02175875947797918,0.02169976756482953,84.3898745183694,"{'brokerage_entry': 20.0, 'brokerage_exit': 20.0, 'exchange_entry': np.float64(1.4809738977253786), 'exchange_exit': np.float64(1.4838025185469117), 'sebi_entry': np.float64(0.04986444100085449), 'sebi_exit': np.float64(0.04995968075915528), 'ipft_entry': np.float64(0.04986444100085449), 'ipft_exit': np.float64(0.04995968075915528), 'stamp_buy': np.float64(1.495933230025635), 'stt_sell': np.float64(12.48992018978882), 'dp_sell': 16.5, 'gst': np.float64(10.739596438762616), 'fees_total': np.float64(84.3898745183694)}",MACD_cross_down,9,1413_rsi_enabled=False_rsi_buy_below=40_rsi_sell_above=70_macd_enabled=True_macd_fast=12_macd_slow=26_macd_signal=9_adx_enabled=False_adx_length=14_adx_min_adx=20_sma_enabled=False_sma_length=50_bb_enabled=False_bb_length=20_bb_stddev=2.0_combination_mode=all
KOTAKBANK.NS,2023-04-06,2023-04-24,28,1751.712646484375,1891.4329833984375,1752.588502807617,1890.4872669067383,49072.478078613276,52933.64347338867,3861.165394775395,3775.974168581915,7.8682910379823765,7.694688176400769,7.5519483371638305,85.19122619347975,"{'brokerage_entry': 20.0, 'brokerage_exit': 20.0, 'exchange_entry': np.float64(1.4574525989348144), 'exchange_exit': np.float64(1.5721292111596434), 'sebi_entry': np.float64(0.04907247807861327), 'sebi_exit': np.float64(0.05293364347338867), 'ipft_entry': np.float64(0.04907247807861327), 'ipft_exit': np.float64(0.05293364347338867), 'stamp_buy': np.float64(1.4721743423583984), 'stt_sell': np.float64(13.233410868347168), 'dp_sell': 16.5, 'gst': np.float64(10.752046929575723), 'fees_total': np.float64(85.19122619347975)}",Time,10,1413_rsi_enabled=False_rsi_buy_below=40_rsi_sell_above=70_macd_enabled=True_macd_fast=12_macd_slow=26_macd_signal=9_adx_enabled=False_adx_length=14_adx_min_adx=20_sma_enabled=False_sma_length=50_bb_enabled=False_bb_length=20_bb_stddev=2.0_combination_mode=all
KOTAKBANK.NS,2023-07-20,2023-07-25,25,1950.900146484375,1853.355139160156,1951.875596557617,1852.428461590576,48796.889913940424,46310.7115397644,-2486.1783741760228,-2569.4475536983596,-5.094952523738126,-5.26559696372025,-5.138895107396719,83.2691795223366,"{'brokerage_entry': 20.0, 'brokerage_exit': 20.0, 'exchange_entry': np.float64(1.4492676304440306), 'exchange_exit': np.float64(1.3754281327310027), 'sebi_entry': np.float64(0.04879688991394042), 'sebi_exit': np.float64(0.0463107115397644), 'ipft_entry': np.float64(0.04879688991394042), 'ipft_exit': np.float64(0.0463107115397644), 'stamp_buy': np.float64(1.4639066974182127), 'stt_sell': np.float64(11.577677884941101), 'dp_sell': 16.5, 'gst': np.float64(10.71268397389484), 'fees_total': np.float64(83.2691795223366)}",HSL,3,1413_rsi_enabled=False_rsi_buy_below=40_rsi_sell_above=70_macd_enabled=True_macd_fast=12_macd_slow=26_macd_signal=9_adx_enabled=False_adx_length=14_adx_min_adx=20_sma_enabled=False_sma_length=50_bb_enabled=False_bb_length=20_bb_stddev=2.0_combination_mode=all
KOTAKBANK.NS,2023-12-04,2023-12-18,27,1814.4671630859375,1842.80322265625,1815.3743966674804,1841.881821044922,49015.10871002197,49730.809168212894,715.7004581909277,631.4336128334206,1.4601629518462962,1.2882428080880974,1.2628672256668412,84.26684535750712,"{'brokerage_entry': 20.0, 'brokerage_exit': 20.0, 'exchange_entry': np.float64(1.4557487286876525), 'exchange_exit': np.float64(1.477005032295923), 'sebi_entry': np.float64(0.049015108710021967), 'sebi_exit': np.float64(0.04973080916821289), 'ipft_entry': np.float64(0.049015108710021967), 'ipft_exit': np.float64(0.04973080916821289), 'stamp_buy': np.float64(1.4704532613006591), 'stt_sell': np.float64(12.432702292053223), 'dp_sell': 16.5, 'gst': np.float64(10.733444207413207), 'fees_total': np.float64(84.26684535750712)}",Time,10,1413_rsi_enabled=False_rsi_buy_below=40_rsi_sell_above=70_macd_enabled=True_macd_fast=12_macd_slow=26_macd_signal=9_adx_enabled=False_adx_length=14_adx_min_adx=20_sma_enabled=False_sma_length=50_bb_enabled=False_bb_length=20_bb_stddev=2.0_combination_mode=all
KOTAKBANK.NS,2024-03-28,2024-04-15,28,1781.4912109375,1794.11279296875,1782.3819565429687,1793.2157365722658,49906.69478320312,50210.040624023444,303.34584082032234,218.88116321617767,0.607825948278222,0.4385807638975233,0.43776232643235535,84.46467760414467,"{'brokerage_entry': 20.0, 'brokerage_exit': 20.0, 'exchange_entry': np.float64(1.4822288350611328), 'exchange_exit': np.float64(1.4912382065334964), 'sebi_entry': np.float64(0.04990669478320312), 'sebi_exit': np.float64(0.05021004062402344), 'ipft_entry': np.float64(0.04990669478320312), 'ipft_exit': np.float64(0.05021004062402344), 'stamp_buy': np.float64(1.4972008434960937), 'stt_sell': np.float64(12.55251015600586), 'dp_sell': 16.5, 'gst': np.float64(10.741266092233635), 'fees_total': np.float64(84.46467760414467)}",Time,10,1413_rsi_enabled=False_rsi_buy_below=40_rsi_sell_above=70_macd_enabled=True_macd_fast=12_macd_slow=26_macd_signal=9_adx_enabled=False_adx_length=14_adx_min_adx=20_sma_enabled=False_sma_length=50_bb_enabled=False_bb_length=20_bb_stddev=2.0_combination_mode=all
KOTAKBANK.NS,2024-06-03,2024-06-04,29,1714.1927490234375,1628.4831115722654,1715.0498453979492,1627.6688700164793,49736.44551654052,47202.3972304779,-2534.0482860626216,-2617.6370730875324,-5.09495252373813,-5.2630159753113075,-5.2352741461750645,83.58878702491067,"{'brokerage_entry': 20.0, 'brokerage_exit': 20.0, 'exchange_entry': np.float64(1.4771724318412536), 'exchange_exit': np.float64(1.4019111977451937), 'sebi_entry': np.float64(0.04973644551654052), 'sebi_exit': np.float64(0.0472023972304779), 'ipft_entry': np.float64(0.04973644551654052), 'ipft_exit': np.float64(0.0472023972304779), 'stamp_buy': np.float64(1.4920933654962156), 'stt_sell': np.float64(11.800599307619475), 'dp_sell': 16.5, 'gst': np.float64(10.723133036714488), 'fees_total': np.float64(83.58878702491067)}",HSL,1,1413_rsi_enabled=False_rsi_buy_below=40_rsi_sell_above=70_macd_enabled=True_macd_fast=12_macd_slow=26_macd_signal=9_adx_enabled=False_adx_length=14_adx_min_adx=20_sma_enabled=False_sma_length=50_bb_enabled=False_bb_length=20_bb_stddev=2.0_combination_mode=all
KOTAKBANK.NS,2024-06-05,2024-06-20,29,1714.2425537109375,1762.284423828125,1715.099674987793,1761.403281616211,49737.89057464599,51080.695166870115,1342.8045922241217,1258.1010616969177,2.699761844963766,2.529462040230226,2.5162021233938354,84.70353052720405,"{'brokerage_entry': 20.0, 'brokerage_exit': 20.0, 'exchange_entry': np.float64(1.477215350066986), 'exchange_exit': np.float64(1.5170966464560425), 'sebi_entry': np.float64(0.04973789057464599), 'sebi_exit': np.float64(0.05108069516687011), 'ipft_entry': np.float64(0.04973789057464599), 'ipft_exit': np.float64(0.05108069516687011), 'stamp_buy': np.float64(1.4921367172393798), 'stt_sell': np.float64(12.770173791717529), 'dp_sell': 16.5, 'gst': np.float64(10.74527085024109), 'fees_total': np.float64(84.70353052720405)}",Time,10,1413_rsi_enabled=False_rsi_buy_below=40_rsi_sell_above=70_macd_enabled=True_macd_fast=12_macd_slow=26_macd_signal=9_adx_enabled=False_adx_length=14_adx_min_adx=20_sma_enabled=False_sma_length=50_bb_enabled=False_bb_length=20_bb_stddev=2.0_combination_mode=all
KOTAKBANK.NS,2024-08-21,2024-08-30,27,1810.862060546875,1778.749267578125,1811.7674915771483,1777.859892944336,48917.72227258301,48002.21710949707,-915.505163085938,-999.2686362840159,-1.871520423589004,-2.0427538116264206,-1.998537272568032,83.76347319807786,"{'brokerage_entry': 20.0, 'brokerage_exit': 20.0, 'exchange_entry': np.float64(1.4528563514957153), 'exchange_exit': np.float64(1.425665848152063), 'sebi_entry': np.float64(0.048917722272583), 'sebi_exit': np.float64(0.048002217109497064), 'ipft_entry': np.float64(0.048917722272583), 'ipft_exit': np.float64(0.048002217109497064), 'stamp_buy': np.float64(1.4675316681774901), 'stt_sell': np.float64(12.000554277374267), 'dp_sell': 16.5, 'gst': np.float64(10.72302517411415), 'fees_total': np.float64(83.76347319807786)}",MACD_cross_down,7,1413_rsi_enabled=False_rsi_buy_below=40_rsi_sell_above=70_macd_enabled=True_macd_fast=12_macd_slow=26_macd_signal=9_adx_enabled=False_adx_length=14_adx_min_adx=20_sma_enabled=False_sma_length=50_bb_enabled=False_bb_length=20_bb_stddev=2.0_combination_mode=all
KOTAKBANK.NS,2024-09-12,2024-09-26,27,1825.345458984375,1900.109375,1826.258131713867,1899.1593203125,49308.96955627441,51277.301648437504,1968.3320921630948,1883.6009676036138,3.991833757378998,3.8199966143156434,3.7672019352072277,84.73112455948106,"{'brokerage_entry': 20.0, 'brokerage_exit': 20.0, 'exchange_entry': np.float64(1.46447639582135), 'exchange_exit': np.float64(1.522935858958594), 'sebi_entry': np.float64(0.04930896955627441), 'sebi_exit': np.float64(0.0512773016484375), 'ipft_entry': np.float64(0.04930896955627441), 'ipft_exit': np.float64(0.0512773016484375), 'stamp_buy': np.float64(1.4792690866882323), 'stt_sell': np.float64(12.819325412109377), 'dp_sell': 16.5, 'gst': np.float64(10.743945263494087), 'fees_total': np.float64(84.73112455948106)}",Time,10,1413_rsi_enabled=False_rsi_buy_below=40_rsi_sell_above=70_macd_enabled=True_macd_fast=12_macd_slow=26_macd_signal=9_adx_enabled=False_adx_length=14_adx_min_adx=20_sma_enabled=False_sma_length=50_bb_enabled=False_bb_length=20_bb_stddev=2.0_combination_mode=all
KOTAKBANK.NS,2024-12-13,2024-12-20,27,1803.570556640625,1741.5421142578125,1804.4723419189452,1740.6713432006836,48720.75323181152,46998.12626641846,-1722.6269653930576,-1806.0885799631274,-3.5357149697519312,-3.7070210539845836,-3.6121771599262544,83.46161457006974,"{'brokerage_entry': 20.0, 'brokerage_exit': 20.0, 'exchange_entry': np.float64(1.4470063709848022), 'exchange_exit': np.float64(1.3958443501126283), 'sebi_entry': np.float64(0.04872075323181152), 'sebi_exit': np.float64(0.04699812626641846), 'ipft_entry': np.float64(0.04872075323181152), 'ipft_exit': np.float64(0.04699812626641846), 'stamp_buy': np.float64(1.4616225969543457), 'stt_sell': np.float64(11.749531566604615), 'dp_sell': 16.5, 'gst': np.float64(10.716171926416898), 'fees_total': np.float64(83.46161457006974)}",MACD_cross_down,5,1413_rsi_enabled=False_rsi_buy_below=40_rsi_sell_above=70_macd_enabled=True_macd_fast=12_macd_slow=26_macd_signal=9_adx_enabled=False_adx_length=14_adx_min_adx=20_sma_enabled=False_sma_length=50_bb_enabled=False_bb_length=20_bb_stddev=2.0_combination_mode=all
HDFCBANK.NS,2015-01-02,2015-01-06,241,207.33096313476562,202.38015747070312,207.434628616333,202.2789673919678,49991.74549653625,48749.23114146424,-1242.5143550720095,-1326.5649201943927,-2.4854390314458996,-2.6535679181002103,-2.6531298403887855,84.05056512238319,"{'brokerage_entry': 20.0, 'brokerage_exit': 20.0, 'exchange_entry': np.float64(1.4847548412471265), 'exchange_exit': np.float64(1.447852164901488), 'sebi_entry': np.float64(0.04999174549653625), 'sebi_exit': np.float64(0.04874923114146424), 'ipft_entry': np.float64(0.04999174549653625), 'ipft_exit': np.float64(0.04874923114146424), 'stamp_buy': np.float64(1.4997523648960875), 'stt_sell': np.float64(12.18730778536606), 'dp_sell': 16.5, 'gst': np.float64(10.733416012696429), 'fees_total': np.float64(84.05056512238319)}",MACD_cross_down,2,1413_rsi_enabled=False_rsi_buy_below=40_rsi_sell_above=70_macd_enabled=True_macd_fast=12_macd_slow=26_macd_signal=9_adx_enabled=False_adx_length=14_adx_min_adx=20_sma_enabled=False_sma_length=50_bb_enabled=False_bb_length=20_bb_stddev=2.0_combination_mode=all
HDFCBANK.NS,2015-01-08,2015-01-22,241,207.23426818847656,219.3480987548828,207.3378853225708,219.2384247055054,49968.430362739564,52836.4603540268,2868.029991287236,2782.8063035456958,5.739683977397592,5.569128914685256,5.565612607091391,85.22368774154025,"{'brokerage_entry': 20.0, 'brokerage_exit': 20.0, 'exchange_entry': np.float64(1.4840623817733651), 'exchange_exit': np.float64(1.569242872514596), 'sebi_entry': np.float64(0.04996843036273956), 'sebi_exit': np.float64(0.052836460354026796), 'ipft_entry': np.float64(0.04996843036273956), 'ipft_exit': np.float64(0.052836460354026796), 'stamp_buy': np.float64(1.499052910882187), 'stt_sell': np.float64(13.2091150885067), 'dp_sell': 16.5, 'gst': np.float64(10.756604706429869), 'fees_total': np.float64(85.22368774154025)}",Time,10,1413_rsi_enabled=False_rsi_buy_below=40_rsi_sell_above=70_macd_enabled=True_macd_fast=12_macd_slow=26_macd_signal=9_adx_enabled=False_adx_length=14_adx_min_adx=20_sma_enabled=False_sma_length=50_bb_enabled=False_bb_length=20_bb_stddev=2.0_combination_mode=all
HDFCBANK.NS,2015-05-20,2015-06-03,227,219.94949340820312,215.97598266601562,220.05946815490722,215.86799467468262,49953.49927116394,49002.03479115295,-951.4644800109891,-1035.5851243940472,-1.9047003591202458,-2.073098260389232,-2.071170248788094,84.12064438305818,"{'brokerage_entry': 20.0, 'brokerage_exit': 20.0, 'exchange_entry': np.float64(1.483618928353569), 'exchange_exit': np.float64(1.4553604332972427), 'sebi_entry': np.float64(0.04995349927116394), 'sebi_exit': np.float64(0.04900203479115295), 'ipft_entry': np.float64(0.04995349927116394), 'ipft_exit': np.float64(0.04900203479115295), 'stamp_buy': np.float64(1.4986049781349182), 'stt_sell': np.float64(12.250508697788238), 'dp_sell': 16.5, 'gst': np.float64(10.73464027735958), 'fees_total': np.float64(84.12064438305818)}",Time,10,1413_rsi_enabled=False_rsi_buy_below=40_rsi_sell_above=70_macd_enabled=True_macd_fast=12_macd_slow=26_macd_signal=9_adx_enabled=False_adx_length=14_adx_min_adx=20_sma_enabled=False_sma_length=50_bb_enabled=False_bb_length=20_bb_stddev=2.0_combination_mode=all
HDFCBANK.NS,2015-06-19,2015-07-03,225,221.33485412597656,234.22642517089844,221.44552155303953,234.10931195831301,49825.242349433895,52674.59519062043,2849.3528411865336,2764.185326195372,5.718693390798745,5.547760925696286,5.528370652390744,85.1675149911614,"{'brokerage_entry': 20.0, 'brokerage_exit': 20.0, 'exchange_entry': np.float64(1.4798096977781867), 'exchange_exit': np.float64(1.5644354771614268), 'sebi_entry': np.float64(0.04982524234943389), 'sebi_exit': np.float64(0.05267459519062043), 'ipft_entry': np.float64(0.04982524234943389), 'ipft_exit': np.float64(0.05267459519062043), 'stamp_buy': np.float64(1.4947572704830168), 'stt_sell': np.float64(13.168648797655107), 'dp_sell': 16.5, 'gst': np.float64(10.754864073003551), 'fees_total': np.float64(85.1675149911614)}",Time,10,1413_rsi_enabled=False_rsi_buy_below=40_rsi_sell_above=70_macd_enabled=True_macd_fast=12_macd_slow=26_macd_signal=9_adx_enabled=False_adx_length=14_adx_min_adx=20_sma_enabled=False_sma_length=50_bb_enabled=False_bb_length=20_bb_stddev=2.0_combination_mode=all
HDFCBANK.NS,2015-09-30,2015-10-15,214,233.0381317138672,236.38497924804688,233.1546507797241,236.26678675842285,49895.09526686096,50561.09236630249,665.9970994415271,581.4323093373396,1.3347947245705836,1.165309548418704,1.1628646186746792,84.56479010418757,"{'brokerage_entry': 20.0, 'brokerage_exit': 20.0, 'exchange_entry': np.float64(1.4818843294257706), 'exchange_exit': np.float64(1.501664443279184), 'sebi_entry': np.float64(0.04989509526686096), 'sebi_exit': np.float64(0.05056109236630248), 'ipft_entry': np.float64(0.04989509526686096), 'ipft_exit': np.float64(0.05056109236630248), 'stamp_buy': np.float64(1.496852858005829), 'stt_sell': np.float64(12.640273091575622), 'dp_sell': 16.5, 'gst': np.float64(10.743203006634829), 'fees_total': np.float64(84.56479010418757)}",Time,10,1413_rsi_enabled=False_rsi_buy_below=40_rsi_sell_above=70_macd_enabled=True_macd_fast=12_macd_slow=26_macd_signal=9_adx_enabled=False_adx_length=14_adx_min_adx=20_sma_enabled=False_sma_length=50_bb_enabled=False_bb_length=20_bb_stddev=2.0_combination_mode=all
HDFCBANK.NS,2016-03-04,2016-03-21,224,222.517822265625,227.97964477539062,222.6290811767578,227.86565495300295,49868.91418359375,51041.90670947266,1172.9925258789153,1088.2913116097134,2.352151726345017,2.1823040052629574,2.1765826232194265,84.70121426920201,"{'brokerage_entry': 20.0, 'brokerage_exit': 20.0, 'exchange_entry': np.float64(1.4811067512527343), 'exchange_exit': np.float64(1.515944629271338), 'sebi_entry': np.float64(0.049868914183593745), 'sebi_exit': np.float64(0.05104190670947266), 'ipft_entry': np.float64(0.049868914183593745), 'ipft_exit': np.float64(0.05104190670947266), 'stamp_buy': np.float64(1.4960674255078126), 'stt_sell': np.float64(12.760476677368166), 'dp_sell': 16.5, 'gst': np.float64(10.745797144015835), 'fees_total': np.float64(84.70121426920201)}",Time,10,1413_rsi_enabled=False_rsi_buy_below=40_rsi_sell_above=70_macd_enabled=True_macd_fast=12_macd_slow=26_macd_signal=9_adx_enabled=False_adx_length=14_adx_min_adx=20_sma_enabled=False_sma_length=50_bb_enabled=False_bb_length=20_bb_stddev=2.0_combination_mode=all
HDFCBANK.NS,2017-01-11,2017-01-25,182,273.5111389160156,286.05621337890625,273.6478944854736,285.9131852722168,49803.9167963562,52036.19971954346,2232.28292318726,2147.3003243550897,4.482143306750084,4.311508938413841,4.29460064871018,84.98259883217031,"{'brokerage_entry': 20.0, 'brokerage_exit': 20.0, 'exchange_entry': np.float64(1.4791763288517792), 'exchange_exit': np.float64(1.5454751316704407), 'sebi_entry': np.float64(0.0498039167963562), 'sebi_exit': np.float64(0.05203619971954346), 'ipft_entry': np.float64(0.0498039167963562), 'ipft_exit': np.float64(0.05203619971954346), 'stamp_buy': np.float64(1.494117503890686), 'stt_sell': np.float64(13.009049929885865), 'dp_sell': 16.5, 'gst': np.float64(10.751099704839724), 'fees_total': np.float64(84.98259883217031)}",Time,10,1413_rsi_enabled=False_rsi_buy_below=40_rsi_sell_above=70_macd_enabled=True_macd_fast=12_macd_slow=26_macd_signal=9_adx_enabled=False_adx_length=14_adx_min_adx=20_sma_enabled=False_sma_length=50_bb_enabled=False_bb_length=20_bb_stddev=2.0_combination_mode=all
HDFCBANK.NS,2017-10-16,2017-10-25,119,417.1366882324219,403.1995544433594,417.3452565765381,402.99795466613773,49664.085532608035,47956.75660527039,-1707.328927337643,-1791.1296442759485,-3.4377536785946843,-3.6064887233249134,-3.582259288551897,83.80071693830531,"{'brokerage_entry': 20.0, 'brokerage_exit': 20.0, 'exchange_entry': np.float64(1.4750233403184587), 'exchange_exit': np.float64(1.4243156711765306), 'sebi_entry': np.float64(0.04966408553260803), 'sebi_exit': np.float64(0.04795675660527039), 'ipft_entry': np.float64(0.04966408553260803), 'ipft_exit': np.float64(0.04795675660527039), 'stamp_buy': np.float64(1.4899225659782411), 'stt_sell': np.float64(11.989189151317598), 'dp_sell': 16.5, 'gst': np.float64(10.727024525238734), 'fees_total': np.float64(83.80071693830531)}",MACD_cross_down,6,1413_rsi_enabled=False_rsi_buy_below=40_rsi_sell_above=70_macd_enabled=True_macd_fast=12_macd_slow=26_macd_signal=9_adx_enabled=False_adx_length=14_adx_min_adx=20_sma_enabled=False_sma_length=50_bb_enabled=False_bb_length=20_bb_stddev=2.0_combination_mode=all
HDFCBANK.NS,2017-11-20,2017-12-04,121,412.8690490722656,411.9593811035156,413.07548359680175,411.7534014129639,49982.13351521301,49822.16157096863,-159.97194424438203,-244.3302281045743,-0.32005825480757344,-0.4888351315179608,-0.4886604562091486,84.35828386019227,"{'brokerage_entry': 20.0, 'brokerage_exit': 20.0, 'exchange_entry': np.float64(1.4844693654018264), 'exchange_exit': np.float64(1.4797181986577683), 'sebi_entry': np.float64(0.04998213351521301), 'sebi_exit': np.float64(0.04982216157096863), 'ipft_entry': np.float64(0.04998213351521301), 'ipft_exit': np.float64(0.04982216157096863), 'stamp_buy': np.float64(1.4994640054563904), 'stt_sell': np.float64(12.455540392742158), 'dp_sell': 16.5, 'gst': np.float64(10.739483307761752), 'fees_total': np.float64(84.35828386019227)}",Time,10,1413_rsi_enabled=False_rsi_buy_below=40_rsi_sell_above=70_macd_enabled=True_macd_fast=12_macd_slow=26_macd_signal=9_adx_enabled=False_adx_length=14_adx_min_adx=20_sma_enabled=False_sma_length=50_bb_enabled=False_bb_length=20_bb_stddev=2.0_combination_mode=all
HDFCBANK.NS,2017-12-15,2018-01-01,118,420.7978515625,416.5414733886719,421.00825048828125,416.33320265197756,49678.97355761719,49127.31791293335,-551.6556446838367,-635.793791507546,-1.1104409072462658,-1.279804605403448,-1.271587583015092,84.13814682370926,"{'brokerage_entry': 20.0, 'brokerage_exit': 20.0, 'exchange_entry': np.float64(1.4754655146612305), 'exchange_exit': np.float64(1.4590813420141207), 'sebi_entry': np.float64(0.04967897355761718), 'sebi_exit': np.float64(0.04912731791293335), 'ipft_entry': np.float64(0.04967897355761718), 'ipft_exit': np.float64(0.04912731791293335), 'stamp_buy': np.float64(1.4903692067285157), 'stt_sell': np.float64(12.281829478233337), 'dp_sell': 16.5, 'gst': np.float64(10.733788699130962), 'fees_total': np.float64(84.13814682370926)}",Time,10,1413_rsi_enabled=False_rsi_buy_below=40_rsi_sell_above=70_macd_enabled=True_macd_fast=12_macd_slow=26_macd_signal=9_adx_enabled=False_adx_length=14_adx_min_adx=20_sma_enabled=False_sma_length=50_bb_enabled=False_bb_length=20_bb_stddev=2.0_combination_mode=all
HDFCBANK.NS,2018-04-02,2018-04-16,115,433.7691345214844,436.2173767089844,433.9860190887451,435.9992680206299,49908.392195205684,50139.915822372444,231.52362716675998,147.07898943560517,0.46389718639143157,0.2946979114461113,0.2941579788712103,84.44463773115481,"{'brokerage_entry': 20.0, 'brokerage_exit': 20.0, 'exchange_entry': np.float64(1.4822792481976088), 'exchange_exit': np.float64(1.4891554999244616), 'sebi_entry': np.float64(0.04990839219520568), 'sebi_exit': np.float64(0.05013991582237244), 'ipft_entry': np.float64(0.04990839219520568), 'ipft_exit': np.float64(0.05013991582237244), 'stamp_buy': np.float64(1.4972517658561706), 'stt_sell': np.float64(12.534978955593111), 'dp_sell': 16.5, 'gst': np.float64(10.7408756455483), 'fees_total': np.float64(84.44463773115481)}",Time,10,1413_rsi_enabled=False_rsi_buy_below=40_rsi_sell_above=70_macd_enabled=True_macd_fast=12_macd_slow=26_macd_signal=9_adx_enabled=False_adx_length=14_adx_min_adx=20_sma_enabled=False_sma_length=50_bb_enabled=False_bb_length=20_bb_stddev=2.0_combination_mode=all
HDFCBANK.NS,2018-11-26,2018-12-10,107,463.34869384765625,472.1531982421875,463.58036819458005,471.9171216430664,49603.099396820064,50495.13201580811,892.0326189880434,807.506468557966,1.798340486452001,1.6279355088237353,1.6150129371159319,84.52615043007741,"{'brokerage_entry': 20.0, 'brokerage_exit': 20.0, 'exchange_entry': np.float64(1.4732120520855558), 'exchange_exit': np.float64(1.4997054208695009), 'sebi_entry': np.float64(0.04960309939682006), 'sebi_exit': np.float64(0.0504951320158081), 'ipft_entry': np.float64(0.04960309939682006), 'ipft_exit': np.float64(0.0504951320158081), 'stamp_buy': np.float64(1.488092981904602), 'stt_sell': np.float64(12.623783003952028), 'dp_sell': 16.5, 'gst': np.float64(10.741160508440457), 'fees_total': np.float64(84.52615043007741)}",Time,10,1413_rsi_enabled=False_rsi_buy_below=40_rsi_sell_above=70_macd_enabled=True_macd_fast=12_macd_slow=26_macd_signal=9_adx_enabled=False_adx_length=14_adx_min_adx=20_sma_enabled=False_sma_length=50_bb_enabled=False_bb_length=20_bb_stddev=2.0_combination_mode=all
HDFCBANK.NS,2019-02-11,2019-02-18,103,483.658935546875,472.4131164550781,483.9007650146484,472.1769098968506,49841.778796508785,48634.22171937561,-1207.5570771331768,-1291.564479202213,-2.422780860336713,-2.591329022335539,-2.583128958404426,84.00740206903633,"{'brokerage_entry': 20.0, 'brokerage_exit': 20.0, 'exchange_entry': np.float64(1.480300830256311), 'exchange_exit': np.float64(1.4444363850654556), 'sebi_entry': np.float64(0.049841778796508786), 'sebi_exit': np.float64(0.048634221719375606), 'ipft_entry': np.float64(0.049841778796508786), 'ipft_exit': np.float64(0.048634221719375606), 'stamp_buy': np.float64(1.4952533638952636), 'stt_sell': np.float64(12.158555429843902), 'dp_sell': 16.5, 'gst': np.float64(10.731904058943636), 'fees_total': np.float64(84.00740206903633)}",MACD_cross_down,4,1413_rsi_enabled=False_rsi_buy_below=40_rsi_sell_above=70_macd_enabled=True_macd_fast=12_macd_slow=26_macd_signal=9_adx_enabled=False_adx_length=14_adx_min_adx=20_sma_enabled=False_sma_length=50_bb_enabled=False_bb_length=20_bb_stddev=2.0_combination_mode=all
HDFCBANK.NS,2019-02-25,2019-02-27,104,480.437744140625,472.9443664550781,480.6779630126953,472.7078942718506,49990.508153320305,49161.62100427246,-828.8871490478414,-913.0561540867781,-1.6580890646393394,-1.8264590375565808,-1.826112308173556,84.16900503893665,"{'brokerage_entry': 20.0, 'brokerage_exit': 20.0, 'exchange_entry': np.float64(1.4847180921536132), 'exchange_exit': np.float64(1.4601001438268921), 'sebi_entry': np.float64(0.049990508153320304), 'sebi_exit': np.float64(0.04916162100427246), 'ipft_entry': np.float64(0.049990508153320304), 'ipft_exit': np.float64(0.04916162100427246), 'stamp_buy': np.float64(1.4997152445996091), 'stt_sell': np.float64(12.290405251068115), 'dp_sell': 16.5, 'gst': np.float64(10.735762048973225), 'fees_total': np.float64(84.16900503893665)}",MACD_cross_down,2,1413_rsi_enabled=False_rsi_buy_below=40_rsi_sell_above=70_macd_enabled=True_macd_fast=12_macd_slow=26_macd_signal=9_adx_enabled=False_adx_length=14_adx_min_adx=20_sma_enabled=False_sma_length=50_bb_enabled=False_bb_length=20_bb_stddev=2.0_combination_mode=all
HDFCBANK.NS,2019-03-07,2019-03-22,103,480.6864318847656,514.5140991210938,480.92677510070797,514.2568420715332,49535.45783537292,52968.45473336792,3432.996897994999,3347.7644592230495,6.930382897447493,6.758319404958511,6.695528918446099,85.23243877194949,"{'brokerage_entry': 20.0, 'brokerage_exit': 20.0, 'exchange_entry': np.float64(1.471203097710576), 'exchange_exit': np.float64(1.5731631055810273), 'sebi_entry': np.float64(0.04953545783537292), 'sebi_exit': np.float64(0.05296845473336792), 'ipft_entry': np.float64(0.04953545783537292), 'ipft_exit': np.float64(0.05296845473336792), 'stamp_buy': np.float64(1.4860637350611878), 'stt_sell': np.float64(13.24211368334198), 'dp_sell': 16.5, 'gst': np.float64(10.754887325117235), 'fees_total': np.float64(85.23243877194949)}",Time,10,1413_rsi_enabled=False_rsi_buy_below=40_rsi_sell_above=70_macd_enabled=True_macd_fast=12_macd_slow=26_macd_signal=9_adx_enabled=False_adx_length=14_adx_min_adx=20_sma_enabled=False_sma_length=50_bb_enabled=False_bb_length=20_bb_stddev=2.0_combination_mode=all
HDFCBANK.NS,2019-09-20,2019-10-07,91,549.1128540039062,543.299560546875,549.3874104309082,543.0279107666016,49994.25434921264,49415.53987976075,-578.7144694518938,-662.9567048152394,-1.157561957839277,-1.3260657918496994,-1.3259134096304788,84.24223536334556,"{'brokerage_entry': 20.0, 'brokerage_exit': 20.0, 'exchange_entry': np.float64(1.4848293541716155), 'exchange_exit': np.float64(1.4676415344288942), 'sebi_entry': np.float64(0.04999425434921264), 'sebi_exit': np.float64(0.049415539879760745), 'ipft_entry': np.float64(0.04999425434921264), 'ipft_exit': np.float64(0.049415539879760745), 'stamp_buy': np.float64(1.4998276304763793), 'stt_sell': np.float64(12.353884969940188), 'dp_sell': 16.5, 'gst': np.float64(10.737232285870522), 'fees_total': np.float64(84.24223536334556)}",Time,10,1413_rsi_enabled=False_rsi_buy_below=40_rsi_sell_above=70_macd_enabled=True_macd_fast=12_macd_slow=26_macd_signal=9_adx_enabled=False_adx_length=14_adx_min_adx=20_sma_enabled=False_sma_length=50_bb_enabled=False_bb_length=20_bb_stddev=2.0_combination_mode=all
HDFCBANK.NS,2020-04-30,2020-05-04,108,458.57061767578125,435.64208679199214,458.7999029846191,435.42426574859616,49550.38952233886,47025.82070084839,-2524.568821490473,-2608.0943180709637,-5.094952523738121,-5.26351930471738,-5.216188636141927,83.52549658049078,"{'brokerage_entry': 20.0, 'brokerage_exit': 20.0, 'exchange_entry': np.float64(1.4716465688134641), 'exchange_exit': np.float64(1.3966668748151971), 'sebi_entry': np.float64(0.04955038952233886), 'sebi_exit': np.float64(0.04702582070084838), 'ipft_entry': np.float64(0.04955038952233886), 'ipft_exit': np.float64(0.04702582070084838), 'stamp_buy': np.float64(1.486511685670166), 'stt_sell': np.float64(11.756455175212098), 'dp_sell': 16.5, 'gst': np.float64(10.721063855533504), 'fees_total': np.float64(83.52549658049078)}",HSL,1,1413_rsi_enabled=False_rsi_buy_below=40_rsi_sell_above=70_macd_enabled=True_macd_fast=12_macd_slow=26_macd_signal=9_adx_enabled=False_adx_length=14_adx_min_adx=20_sma_enabled=False_sma_length=50_bb_enabled=False_bb_length=20_bb_stddev=2.0_combination_mode=all
HDFCBANK.NS,2020-06-01,2020-06-12,110,452.093505859375,429.48883056640625,452.3195526123047,429.2740861511231,49755.150787353516,47220.14947662354,-2535.0013107299746,-2618.5964607044257,-5.09495252373812,-5.262965580982634,-5.237192921408852,83.59514997445082,"{'brokerage_entry': 20.0, 'brokerage_exit': 20.0, 'exchange_entry': np.float64(1.4777279783843995), 'exchange_exit': np.float64(1.4024384394557192), 'sebi_entry': np.float64(0.049755150787353514), 'sebi_exit': np.float64(0.04722014947662354), 'ipft_entry': np.float64(0.049755150787353514), 'ipft_exit': np.float64(0.04722014947662354), 'stamp_buy': np.float64(1.4926545236206055), 'stt_sell': np.float64(11.805037369155885), 'dp_sell': 16.5, 'gst': np.float64(10.723341063306254), 'fees_total': np.float64(83.59514997445082)}",HSL,9,1413_rsi_enabled=False_rsi_buy_below=40_rsi_sell_above=70_macd_enabled=True_macd_fast=12_macd_slow=26_macd_signal=9_adx_enabled=False_adx_length=14_adx_min_adx=20_sma_enabled=False_sma_length=50_bb_enabled=False_bb_length=20_bb_stddev=2.0_combination_mode=all
HDFCBANK.NS,2020-08-24,2020-09-07,97,511.325927734375,508.3277282714844,511.58159069824217,508.07356440734867,49623.41429772949,49283.135747512824,-340.2785502166662,-424.45773499346865,-0.6857217606492578,-0.8553577801938744,-0.8489154699869373,84.17918477680243,"{'brokerage_entry': 20.0, 'brokerage_exit': 20.0, 'exchange_entry': np.float64(1.4738154046425658), 'exchange_exit': np.float64(1.4637091317011308), 'sebi_entry': np.float64(0.04962341429772949), 'sebi_exit': np.float64(0.04928313574751282), 'ipft_entry': np.float64(0.04962341429772949), 'ipft_exit': np.float64(0.04928313574751282), 'stamp_buy': np.float64(1.4887024289318846), 'stt_sell': np.float64(12.320783936878206), 'dp_sell': 16.5, 'gst': np.float64(10.734360774558152), 'fees_total': np.float64(84.17918477680243)}",Time,10,1413_rsi_enabled=False_rsi_buy_below=40_rsi_sell_above=70_macd_enabled=True_macd_fast=12_macd_slow=26_macd_signal=9_adx_enabled=False_adx_length=14_adx_min_adx=20_sma_enabled=False_sma_length=50_bb_enabled=False_bb_length=20_bb_stddev=2.0_combination_mode=all
HDFCBANK.NS,2020-10-06,2020-10-20,95,523.7079467773438,560.2589721679688,523.9698007507324,559.9788426818848,49777.13107131957,53197.99005477905,3420.8589834594823,3335.544284632805,6.872350635391484,6.700957272635321,6.67108856926561,85.31469882667717,"{'brokerage_entry': 20.0, 'brokerage_exit': 20.0, 'exchange_entry': np.float64(1.4783807928181913), 'exchange_exit': np.float64(1.5799803046269378), 'sebi_entry': np.float64(0.04977713107131957), 'sebi_exit': np.float64(0.05319799005477905), 'ipft_entry': np.float64(0.04977713107131957), 'ipft_exit': np.float64(0.05319799005477905), 'stamp_buy': np.float64(1.4933139321395872), 'stt_sell': np.float64(13.299497513694764), 'dp_sell': 16.5, 'gst': np.float64(10.757576041145516), 'fees_total': np.float64(85.31469882667717)}",Time,10,1413_rsi_enabled=False_rsi_buy_below=40_rsi_sell_above=70_macd_enabled=True_macd_fast=12_macd_slow=26_macd_signal=9_adx_enabled=False_adx_length=14_adx_min_adx=20_sma_enabled=False_sma_length=50_bb_enabled=False_bb_length=20_bb_stddev=2.0_combination_mode=all
HDFCBANK.NS,2021-02-02,2021-02-16,69,714.3366088867188,744.5936889648438,714.6937771911621,744.2213921203613,49313.87062619018,51351.27605630493,2037.405430114748,1952.6527145050807,4.131505810117243,3.9596419622110197,3.9053054290101614,84.75271560966736,"{'brokerage_entry': 20.0, 'brokerage_exit': 20.0, 'exchange_entry': np.float64(1.4646219575978485), 'exchange_exit': np.float64(1.5251328988722566), 'sebi_entry': np.float64(0.04931387062619018), 'sebi_exit': np.float64(0.05135127605630493), 'ipft_entry': np.float64(0.04931387062619018), 'ipft_exit': np.float64(0.05135127605630493), 'stamp_buy': np.float64(1.4794161187857056), 'stt_sell': np.float64(12.837819014076233), 'dp_sell': 16.5, 'gst': np.float64(10.744395326970317), 'fees_total': np.float64(84.75271560966736)}",Time,10,1413_rsi_enabled=False_rsi_buy_below=40_rsi_sell_above=70_macd_enabled=True_macd_fast=12_macd_slow=26_macd_signal=9_adx_enabled=False_adx_length=14_adx_min_adx=20_sma_enabled=False_sma_length=50_bb_enabled=False_bb_length=20_bb_stddev=2.0_combination_mode=all
HDFCBANK.NS,2021-05-21,2021-06-04,72,685.384033203125,687.0548095703125,685.7267252197265,686.7112821655273,49372.32421582031,49443.21231591797,70.88810009766166,-13.32016666729865,0.14357861661077542,-0.026979014820271492,-0.026640333334597303,84.20826676496031,"{'brokerage_entry': 20.0, 'brokerage_exit': 20.0, 'exchange_entry': np.float64(1.466358029209863), 'exchange_exit': np.float64(1.4684634057827637), 'sebi_entry': np.float64(0.0493723242158203), 'sebi_exit': np.float64(0.049443212315917966), 'ipft_entry': np.float64(0.0493723242158203), 'ipft_exit': np.float64(0.049443212315917966), 'stamp_buy': np.float64(1.4811697264746093), 'stt_sell': np.float64(12.360803078979492), 'dp_sell': 16.5, 'gst': np.float64(10.733841451450099), 'fees_total': np.float64(84.20826676496031)}",Time,10,1413_rsi_enabled=False_rsi_buy_below=40_rsi_sell_above=70_macd_enabled=True_macd_fast=12_macd_slow=26_macd_signal=9_adx_enabled=False_adx_length=14_adx_min_adx=20_sma_enabled=False_sma_length=50_bb_enabled=False_bb_length=20_bb_stddev=2.0_combination_mode=all
HDFCBANK.NS,2021-08-09,2021-08-24,72,691.3847045898438,716.6466674804688,691.7303969421387,716.2883441467286,49804.58857983399,51572.76077856446,1768.17219873047,1683.3227497483335,3.550219466016044,3.379854743805504,3.366645499496667,84.84944898213638,"{'brokerage_entry': 20.0, 'brokerage_exit': 20.0, 'exchange_entry': np.float64(1.4791962808210695), 'exchange_exit': np.float64(1.5317109951233645), 'sebi_entry': np.float64(0.04980458857983398), 'sebi_exit': np.float64(0.05157276077856446), 'ipft_entry': np.float64(0.04980458857983398), 'ipft_exit': np.float64(0.05157276077856446), 'stamp_buy': np.float64(1.4941376573950196), 'stt_sell': np.float64(12.893190194641114), 'dp_sell': 16.5, 'gst': np.float64(10.748459155439019), 'fees_total': np.float64(84.84944898213638)}",Time,10,1413_rsi_enabled=False_rsi_buy_below=40_rsi_sell_above=70_macd_enabled=True_macd_fast=12_macd_slow=26_macd_signal=9_adx_enabled=False_adx_length=14_adx_min_adx=20_sma_enabled=False_sma_length=50_bb_enabled=False_bb_length=20_bb_stddev=2.0_combination_mode=all
HDFCBANK.NS,2022-01-04,2022-01-18,71,702.7169799804688,703.0386962890625,703.0683384704589,702.687176940918,49917.85203140258,49890.78956280518,-27.062468597403495,-111.4361435965198,-0.05421400860834095,-0.2232390598986851,-0.2228722871930396,84.3736749991163,"{'brokerage_entry': 20.0, 'brokerage_exit': 20.0, 'exchange_entry': np.float64(1.4825602053326568), 'exchange_exit': np.float64(1.4817564500153138), 'sebi_entry': np.float64(0.04991785203140258), 'sebi_exit': np.float64(0.049890789562805175), 'ipft_entry': np.float64(0.04991785203140258), 'ipft_exit': np.float64(0.049890789562805175), 'stamp_buy': np.float64(1.4975355609420775), 'stt_sell': np.float64(12.472697390701295), 'dp_sell': 16.5, 'gst': np.float64(10.739508108936548), 'fees_total': np.float64(84.3736749991163)}",Time,10,1413_rsi_enabled=False_rsi_buy_below=40_rsi_sell_above=70_macd_enabled=True_macd_fast=12_macd_slow=26_macd_signal=9_adx_enabled=False_adx_length=14_adx_min_adx=20_sma_enabled=False_sma_length=50_bb_enabled=False_bb_length=20_bb_stddev=2.0_combination_mode=all
HDFCBANK.NS,2022-03-17,2022-03-28,73,680.420166015625,646.3991577148437,680.7603760986327,646.0759581359863,49695.50745520019,47163.544943927,-2531.9625112731883,-2615.5373724468677,-5.0949525237381215,-5.263126399916005,-5.231074744893736,83.57486117367952,"{'brokerage_entry': 20.0, 'brokerage_exit': 20.0, 'exchange_entry': np.float64(1.4759565714194456), 'exchange_exit': np.float64(1.400757284834632), 'sebi_entry': np.float64(0.04969550745520019), 'sebi_exit': np.float64(0.047163544943927), 'ipft_entry': np.float64(0.04969550745520019), 'ipft_exit': np.float64(0.047163544943927), 'stamp_buy': np.float64(1.4908652236560058), 'stt_sell': np.float64(11.79088623598175), 'dp_sell': 16.5, 'gst': np.float64(10.72267775298942), 'fees_total': np.float64(83.57486117367952)}",HSL,6,1413_rsi_enabled=False_rsi_buy_below=40_rsi_sell_above=70_macd_enabled=True_macd_fast=12_macd_slow=26_macd_signal=9_adx_enabled=False_adx_length=14_adx_min_adx=20_sma_enabled=False_sma_length=50_bb_enabled=False_bb_length=20_bb_stddev=2.0_combination_mode=all
HDFCBANK.NS,2022-05-27,2022-06-10,76,655.0209350585938,635.7521362304688,655.348445526123,635.4342601623536,49806.481859985346,48293.00377233887,-1513.4780876464793,-1597.3850424049263,-3.0387171129676025,-3.2071830467677933,-3.1947700848098526,83.906954758447,"{'brokerage_entry': 20.0, 'brokerage_exit': 20.0, 'exchange_entry': np.float64(1.4792525112415649), 'exchange_exit': np.float64(1.4343022120384643), 'sebi_entry': np.float64(0.049806481859985346), 'sebi_exit': np.float64(0.04829300377233887), 'ipft_entry': np.float64(0.049806481859985346), 'ipft_exit': np.float64(0.04829300377233887), 'stamp_buy': np.float64(1.4941944557995603), 'stt_sell': np.float64(12.073250943084718), 'dp_sell': 16.5, 'gst': np.float64(10.729755665018041), 'fees_total': np.float64(83.906954758447)}",Time,10,1413_rsi_enabled=False_rsi_buy_below=40_rsi_sell_above=70_macd_enabled=True_macd_fast=12_macd_slow=26_macd_signal=9_adx_enabled=False_adx_length=14_adx_min_adx=20_sma_enabled=False_sma_length=50_bb_enabled=False_bb_length=20_bb_stddev=2.0_combination_mode=all
HDFCBANK.NS,2022-07-06,2022-07-18,77,645.233642578125,634.081787109375,645.556259399414,633.7647462158203,49707.83197375487,48799.88545861816,-907.9465151367112,-991.9925011388538,-1.8265663157791632,-1.9956462829893964,-1.9839850022777075,84.04598600214253,"{'brokerage_entry': 20.0, 'brokerage_exit': 20.0, 'exchange_entry': np.float64(1.4763226096205198), 'exchange_exit': np.float64(1.4493565981209595), 'sebi_entry': np.float64(0.04970783197375487), 'sebi_exit': np.float64(0.04879988545861816), 'ipft_entry': np.float64(0.04970783197375487), 'ipft_exit': np.float64(0.04879988545861816), 'stamp_buy': np.float64(1.4912349592126461), 'stt_sell': np.float64(12.199971364654541), 'dp_sell': 16.5, 'gst': np.float64(10.73208503566912), 'fees_total': np.float64(84.04598600214253)}",MACD_cross_down,8,1413_rsi_enabled=False_rsi_buy_below=40_rsi_sell_above=70_macd_enabled=True_macd_fast=12_macd_slow=26_macd_signal=9_adx_enabled=False_adx_length=14_adx_min_adx=20_sma_enabled=False_sma_length=50_bb_enabled=False_bb_length=20_bb_stddev=2.0_combination_mode=all
HDFCBANK.NS,2022-10-31,2022-11-15,70,704.2633666992188,761.8109130859375,704.6154983825684,761.4300076293946,49323.08488677978,53300.10053405762,3977.01564727784,3891.7022067238704,8.06319324188056,7.890224659826529,7.783404413447741,85.31344055396964,"{'brokerage_entry': 20.0, 'brokerage_exit': 20.0, 'exchange_entry': np.float64(1.4648956211373596), 'exchange_exit': np.float64(1.5830129858615114), 'sebi_entry': np.float64(0.04932308488677978), 'sebi_exit': np.float64(0.05330010053405762), 'ipft_entry': np.float64(0.04932308488677978), 'ipft_exit': np.float64(0.05330010053405762), 'stamp_buy': np.float64(1.4796925466033934), 'stt_sell': np.float64(13.325025133514407), 'dp_sell': 16.5, 'gst': np.float64(10.755567896011298), 'fees_total': np.float64(85.31344055396964)}",Time,10,1413_rsi_enabled=False_rsi_buy_below=40_rsi_sell_above=70_macd_enabled=True_macd_fast=12_macd_slow=26_macd_signal=9_adx_enabled=False_adx_length=14_adx_min_adx=20_sma_enabled=False_sma_length=50_bb_enabled=False_bb_length=20_bb_stddev=2.0_combination_mode=all
HDFCBANK.NS,2023-01-23,2023-01-30,63,787.267333984375,747.9039672851562,787.6609676513672,747.5300153015137,49622.64096203613,47094.39096399536,-2528.2499980407665,-2611.8000723068517,-5.0949525237381215,-5.263323397690608,-5.2236001446137035,83.55007426608506,"{'brokerage_entry': 20.0, 'brokerage_exit': 20.0, 'exchange_entry': np.float64(1.473792436572473), 'exchange_exit': np.float64(1.3987034116306623), 'sebi_entry': np.float64(0.04962264096203613), 'sebi_exit': np.float64(0.04709439096399536), 'ipft_entry': np.float64(0.04962264096203613), 'ipft_exit': np.float64(0.04709439096399536), 'stamp_buy': np.float64(1.488679228861084), 'stt_sell': np.float64(11.773597740998841), 'dp_sell': 16.5, 'gst': np.float64(10.721867384169936), 'fees_total': np.float64(83.55007426608506)}",HSL,4,1413_rsi_enabled=False_rsi_buy_below=40_rsi_sell_above=70_macd_enabled=True_macd_fast=12_macd_slow=26_macd_signal=9_adx_enabled=False_adx_length=14_adx_min_adx=20_sma_enabled=False_sma_length=50_bb_enabled=False_bb_length=20_bb_stddev=2.0_combination_mode=all
HDFCBANK.NS,2023-04-05,2023-04-21,64,778.162353515625,787.97314453125,778.5514346923827,787.5791579589844,49827.291820312494,50405.066109375,577.7742890625086,493.2589121998376,1.1595538668769758,0.9899372295380434,0.9865178243996752,84.51537686267103,"{'brokerage_entry': 20.0, 'brokerage_exit': 20.0, 'exchange_entry': np.float64(1.479870567063281), 'exchange_exit': np.float64(1.4970304634484375), 'sebi_entry': np.float64(0.049827291820312494), 'sebi_exit': np.float64(0.050405066109375), 'ipft_entry': np.float64(0.049827291820312494), 'ipft_exit': np.float64(0.050405066109375), 'stamp_buy': np.float64(1.4948187546093747), 'stt_sell': np.float64(12.601266527343752), 'dp_sell': 16.5, 'gst': np.float64(10.741925834346798), 'fees_total': np.float64(84.51537686267103)}",Time,10,1413_rsi_enabled=False_rsi_buy_below=40_rsi_sell_above=70_macd_enabled=True_macd_fast=12_macd_slow=26_macd_signal=9_adx_enabled=False_adx_length=14_adx_min_adx=20_sma_enabled=False_sma_length=50_bb_enabled=False_bb_length=20_bb_stddev=2.0_combination_mode=all
HDFCBANK.NS,2023-06-27,2023-07-11,63,789.39453125,784.5399780273438,789.7892285156249,784.1477080383302,49756.72139648437,49401.3056064148,-355.4157900695718,-439.6379232711405,-0.7143070927793972,-0.8835749441123821,-0.879275846542281,84.22213320156868,"{'brokerage_entry': 20.0, 'brokerage_exit': 20.0, 'exchange_entry': np.float64(1.4777746254755857), 'exchange_exit': np.float64(1.4672187765105196), 'sebi_entry': np.float64(0.04975672139648436), 'sebi_exit': np.float64(0.04940130560641479), 'ipft_entry': np.float64(0.04975672139648436), 'ipft_exit': np.float64(0.04940130560641479), 'stamp_buy': np.float64(1.4927016418945311), 'stt_sell': np.float64(12.350326401603699), 'dp_sell': 16.5, 'gst': np.float64(10.735795702078542), 'fees_total': np.float64(84.22213320156868)}",SL,9,1413_rsi_enabled=False_rsi_buy_below=40_rsi_sell_above=70_macd_enabled=True_macd_fast=12_macd_slow=26_macd_signal=9_adx_enabled=False_adx_length=14_adx_min_adx=20_sma_enabled=False_sma_length=50_bb_enabled=False_bb_length=20_bb_stddev=2.0_combination_mode=all
HDFCBANK.NS,2023-09-11,2023-09-20,64,776.6393432617188,744.227783203125,777.0276629333496,743.8556693115235,49729.77042773437,47606.7628359375,-2123.0075917968716,-2206.712145981949,-4.269087859317498,-4.437406662048981,-4.413424291963898,83.70455418507731,"{'brokerage_entry': 20.0, 'brokerage_exit': 20.0, 'exchange_entry': np.float64(1.476974181703711), 'exchange_exit': np.float64(1.4139208562273438), 'sebi_entry': np.float64(0.04972977042773437), 'sebi_exit': np.float64(0.0476067628359375), 'ipft_entry': np.float64(0.04972977042773437), 'ipft_exit': np.float64(0.0476067628359375), 'stamp_buy': np.float64(1.4918931128320312), 'stt_sell': np.float64(11.901690708984376), 'dp_sell': 16.5, 'gst': np.float64(10.72540225880251), 'fees_total': np.float64(83.70455418507731)}",SL,6,1413_rsi_enabled=False_rsi_buy_below=40_rsi_sell_above=70_macd_enabled=True_macd_fast=12_macd_slow=26_macd_signal=9_adx_enabled=False_adx_length=14_adx_min_adx=20_sma_enabled=False_sma_length=50_bb_enabled=False_bb_length=20_bb_stddev=2.0_combination_mode=all
HDFCBANK.NS,2023-11-29,2023-12-13,67,742.0623168945312,776.2109985351562,742.4333480529784,775.8228930358887,49743.03431954955,51980.13383340454,2237.0995138549915,2152.1371325391247,4.497312125118566,4.326509554511256,4.3042742650782495,84.96238131586702,"{'brokerage_entry': 20.0, 'brokerage_exit': 20.0, 'exchange_entry': np.float64(1.4773681192906216), 'exchange_exit': np.float64(1.543809974852115), 'sebi_entry': np.float64(0.04974303431954955), 'sebi_exit': np.float64(0.05198013383340454), 'ipft_entry': np.float64(0.04974303431954955), 'ipft_exit': np.float64(0.05198013383340454), 'stamp_buy': np.float64(1.4922910295864866), 'stt_sell': np.float64(12.995033458351136), 'dp_sell': 16.5, 'gst': np.float64(10.750432397480756), 'fees_total': np.float64(84.96238131586702)}",Time,10,1413_rsi_enabled=False_rsi_buy_below=40_rsi_sell_above=70_macd_enabled=True_macd_fast=12_macd_slow=26_macd_signal=9_adx_enabled=False_adx_length=14_adx_min_adx=20_sma_enabled=False_sma_length=50_bb_enabled=False_bb_length=20_bb_stddev=2.0_combination_mode=all
HDFCBANK.NS,2024-04-02,2024-04-18,70,704.4630126953125,711.387939453125,704.8152442016601,711.0322454833985,49337.06709411621,49772.25718383789,435.19008972168376,350.8896300289597,0.882075314471993,0.7112089361931401,0.7017792600579195,84.3004596927241,"{'brokerage_entry': 20.0, 'brokerage_exit': 20.0, 'exchange_entry': np.float64(1.4653108926952514), 'exchange_exit': np.float64(1.4782360383599855), 'sebi_entry': np.float64(0.049337067094116206), 'sebi_exit': np.float64(0.04977225718383789), 'ipft_entry': np.float64(0.049337067094116206), 'ipft_exit': np.float64(0.04977225718383789), 'stamp_buy': np.float64(1.4801120128234864), 'stt_sell': np.float64(12.443064295959473), 'dp_sell': 16.5, 'gst': np.float64(10.735517804330005), 'fees_total': np.float64(84.3004596927241)}",Time,10,1413_rsi_enabled=False_rsi_buy_below=40_rsi_sell_above=70_macd_enabled=True_macd_fast=12_macd_slow=26_macd_signal=9_adx_enabled=False_adx_length=14_adx_min_adx=20_sma_enabled=False_sma_length=50_bb_enabled=False_bb_length=20_bb_stddev=2.0_combination_mode=all
HDFCBANK.NS,2024-05-24,2024-06-04,67,742.0906982421875,725.436279296875,742.4617435913085,725.0735611572265,49744.93682061767,48579.92859753418,-1165.008223083496,-1248.9934932533295,-2.3419634188793212,-2.510795214711504,-2.497986986506659,83.98527016983346,"{'brokerage_entry': 20.0, 'brokerage_exit': 20.0, 'exchange_entry': np.float64(1.477424623572345), 'exchange_exit': np.float64(1.4428238793467651), 'sebi_entry': np.float64(0.04974493682061767), 'sebi_exit': np.float64(0.048579928597534176), 'ipft_entry': np.float64(0.04974493682061767), 'ipft_exit': np.float64(0.048579928597534176), 'stamp_buy': np.float64(1.4923481046185303), 'stt_sell': np.float64(12.144982149383544), 'dp_sell': 16.5, 'gst': np.float64(10.731041682075974), 'fees_total': np.float64(83.98527016983346)}",SL,7,1413_rsi_enabled=False_rsi_buy_below=40_rsi_sell_above=70_macd_enabled=True_macd_fast=12_macd_slow=26_macd_signal=9_adx_enabled=False_adx_length=14_adx_min_adx=20_sma_enabled=False_sma_length=50_bb_enabled=False_bb_length=20_bb_stddev=2.0_combination_mode=all
HDFCBANK.NS,2024-06-19,2024-07-03,61,810.88525390625,865.0796508789062,811.2906965332031,864.6471110534668,49488.73248852539,52743.473774261474,3254.7412857360832,3169.5766574103964,6.57673195911966,6.404643032927352,6.339153314820793,85.16462832568695,"{'brokerage_entry': 20.0, 'brokerage_exit': 20.0, 'exchange_entry': np.float64(1.4698153549092041), 'exchange_exit': np.float64(1.5664811710955657), 'sebi_entry': np.float64(0.04948873248852539), 'sebi_exit': np.float64(0.05274347377426147), 'ipft_entry': np.float64(0.04948873248852539), 'ipft_exit': np.float64(0.05274347377426147), 'stamp_buy': np.float64(1.4846619746557617), 'stt_sell': np.float64(13.185868443565369), 'dp_sell': 16.5, 'gst': np.float64(10.753336968935463), 'fees_total': np.float64(85.16462832568695)}",Time,10,1413_rsi_enabled=False_rsi_buy_below=40_rsi_sell_above=70_macd_enabled=True_macd_fast=12_macd_slow=26_macd_signal=9_adx_enabled=False_adx_length=14_adx_min_adx=20_sma_enabled=False_sma_length=50_bb_enabled=False_bb_length=20_bb_stddev=2.0_combination_mode=all
HDFCBANK.NS,2024-09-19,2024-10-03,59,835.6591186523438,822.697509765625,836.0769482116699,822.2861610107423,49328.539944488526,48514.88349963379,-813.656444854736,-897.59495302533,-1.6494638717674956,-1.8196260299522977,-1.79518990605066,83.93850817059396,"{'brokerage_entry': 20.0, 'brokerage_exit': 20.0, 'exchange_entry': np.float64(1.4650576363513093), 'exchange_exit': np.float64(1.4408920399391236), 'sebi_entry': np.float64(0.04932853994448853), 'sebi_exit': np.float64(0.04851488349963379), 'ipft_entry': np.float64(0.04932853994448853), 'ipft_exit': np.float64(0.04851488349963379), 'stamp_buy': np.float64(1.4798561983346559), 'stt_sell': np.float64(12.128720874908447), 'dp_sell': 16.5, 'gst': np.float64(10.728294574172162), 'fees_total': np.float64(83.93850817059396)}",SL,9,1413_rsi_enabled=False_rsi_buy_below=40_rsi_sell_above=70_macd_enabled=True_macd_fast=12_macd_slow=26_macd_signal=9_adx_enabled=False_adx_length=14_adx_min_adx=20_sma_enabled=False_sma_length=50_bb_enabled=False_bb_length=20_bb_stddev=2.0_combination_mode=all
HDFCBANK.NS,2024-10-21,2024-11-04,59,845.539306640625,838.398193359375,845.9620762939453,837.9789942626953,49911.762501342775,49440.76066149902,-471.00183984375326,-555.2457633655976,-0.9436690195644402,-1.112454731188184,-1.110491526731195,84.2439235218443,"{'brokerage_entry': 20.0, 'brokerage_exit': 20.0, 'exchange_entry': np.float64(1.4823793462898804), 'exchange_exit': np.float64(1.468390591646521), 'sebi_entry': np.float64(0.04991176250134277), 'sebi_exit': np.float64(0.04944076066149902), 'ipft_entry': np.float64(0.04991176250134277), 'ipft_exit': np.float64(0.04944076066149902), 'stamp_buy': np.float64(1.4973528750402834), 'stt_sell': np.float64(12.360190165374755), 'dp_sell': 16.5, 'gst': np.float64(10.736905497167175), 'fees_total': np.float64(84.2439235218443)}",Time,10,1413_rsi_enabled=False_rsi_buy_below=40_rsi_sell_above=70_macd_enabled=True_macd_fast=12_macd_slow=26_macd_signal=9_adx_enabled=False_adx_length=14_adx_min_adx=20_sma_enabled=False_sma_length=50_bb_enabled=False_bb_length=20_bb_stddev=2.0_combination_mode=all
BEL.NS,2015-01-07,2015-01-21,1861,26.84333610534668,26.32911491394043,26.85675777339935,26.315950356483462,49980.4262162962,48973.98361341572,-1006.4426028804737,-1090.5570002244067,-2.0136735099556264,-2.1819681879159902,-2.1811140004488134,84.114397343933,"{'brokerage_entry': 20.0, 'brokerage_exit': 20.0, 'exchange_entry': np.float64(1.4844186586239971), 'exchange_exit': np.float64(1.454527313318447), 'sebi_entry': np.float64(0.0499804262162962), 'sebi_exit': np.float64(0.04897398361341572), 'ipft_entry': np.float64(0.0499804262162962), 'ipft_exit': np.float64(0.04897398361341572), 'stamp_buy': np.float64(1.499412786488886), 'stt_sell': np.float64(12.243495903353931), 'dp_sell': 16.5, 'gst': np.float64(10.734633862488334), 'fees_total': np.float64(84.114397343933)}",Time,10,1413_rsi_enabled=False_rsi_buy_below=40_rsi_sell_above=70_macd_enabled=True_macd_fast=12_macd_slow=26_macd_signal=9_adx_enabled=False_adx_length=14_adx_min_adx=20_sma_enabled=False_sma_length=50_bb_enabled=False_bb_length=20_bb_stddev=2.0_combination_mode=all
BEL.NS,2015-04-06,2015-04-15,1661,30.07903480529785,28.575083065032956,30.0940743227005,28.560795523500442,49986.25745000553,47439.48136453424,-2546.7760854712906,-2630.449850722021,-5.09495252373812,-5.2623460625210905,-5.260899701444042,83.6737652507304,"{'brokerage_entry': 20.0, 'brokerage_exit': 20.0, 'exchange_entry': np.float64(1.4845918462651642), 'exchange_exit': np.float64(1.408952596526667), 'sebi_entry': np.float64(0.049986257450005525), 'sebi_exit': np.float64(0.047439481364534235), 'ipft_entry': np.float64(0.049986257450005525), 'ipft_exit': np.float64(0.047439481364534235), 'stamp_buy': np.float64(1.4995877235001658), 'stt_sell': np.float64(11.85987034113356), 'dp_sell': 16.5, 'gst': np.float64(10.725911265675764), 'fees_total': np.float64(83.6737652507304)}",HSL,6,1413_rsi_enabled=False_rsi_buy_below=40_rsi_sell_above=70_macd_enabled=True_macd_fast=12_macd_slow=26_macd_signal=9_adx_enabled=False_adx_length=14_adx_min_adx=20_sma_enabled=False_sma_length=50_bb_enabled=False_bb_length=20_bb_stddev=2.0_combination_mode=all
BEL.NS,2015-05-29,2015-06-03,1668,29.956424713134766,28.458603477478025,29.971402925491333,28.444374175739288,49992.30007971954,47445.216125133134,-2547.0839545864073,-2630.759775351241,-5.094952523738125,-5.262329941123204,-5.261519550702483,83.67582076483359,"{'brokerage_entry': 20.0, 'brokerage_exit': 20.0, 'exchange_entry': np.float64(1.4847713123676705), 'exchange_exit': np.float64(1.409122918916454), 'sebi_entry': np.float64(0.04999230007971954), 'sebi_exit': np.float64(0.04744521612513313), 'ipft_entry': np.float64(0.04999230007971954), 'ipft_exit': np.float64(0.04744521612513313), 'stamp_buy': np.float64(1.4997690023915864), 'stt_sell': np.float64(11.861304031283284), 'dp_sell': 16.5, 'gst': np.float64(10.72597846746489), 'fees_total': np.float64(83.67582076483359)}",HSL,3,1413_rsi_enabled=False_rsi_buy_below=40_rsi_sell_above=70_macd_enabled=True_macd_fast=12_macd_slow=26_macd_signal=9_adx_enabled=False_adx_length=14_adx_min_adx=20_sma_enabled=False_sma_length=50_bb_enabled=False_bb_length=20_bb_stddev=2.0_combination_mode=all
BEL.NS,2015-07-16,2015-07-30,1632,30.617605209350586,32.86604690551758,30.63291401195526,32.84961388206482,49992.915667510984,53610.56985552979,3617.654188018809,3532.2063661054262,7.236333667911716,7.065413807022482,7.064412732210852,85.44782191338263,"{'brokerage_entry': 20.0, 'brokerage_exit': 20.0, 'exchange_entry': np.float64(1.4847895953250763), 'exchange_exit': np.float64(1.592233924709235), 'sebi_entry': np.float64(0.04999291566751098), 'sebi_exit': np.float64(0.05361056985552979), 'ipft_entry': np.float64(0.04999291566751098), 'ipft_exit': np.float64(0.05361056985552979), 'stamp_buy': np.float64(1.4997874700253295), 'stt_sell': np.float64(13.402642463882449), 'dp_sell': 16.5, 'gst': np.float64(10.76116148839447), 'fees_total': np.float64(85.44782191338263)}",Time,10,1413_rsi_enabled=False_rsi_buy_below=40_rsi_sell_above=70_macd_enabled=True_macd_fast=12_macd_slow=26_macd_signal=9_adx_enabled=False_adx_length=14_adx_min_adx=20_sma_enabled=False_sma_length=50_bb_enabled=False_bb_length=20_bb_stddev=2.0_combination_mode=all
BEL.NS,2015-10-09,2015-10-26,1638,30.49767303466797,30.33350944519043,30.512921871185302,30.318342690467837,49980.16602500153,49661.445326986315,-318.7206980152114,-403.03265844194044,-0.6376943563088167,-0.8063851933591654,-0.8060653168838808,84.31196042672907,"{'brokerage_entry': 20.0, 'brokerage_exit': 20.0, 'exchange_entry': np.float64(1.4844109309425453), 'exchange_exit': np.float64(1.4749449262114935), 'sebi_entry': np.float64(0.04998016602500152), 'sebi_exit': np.float64(0.04966144532698631), 'ipft_entry': np.float64(0.04998016602500152), 'ipft_exit': np.float64(0.04966144532698631), 'stamp_buy': np.float64(1.4994049807500458), 'stt_sell': np.float64(12.41536133174658), 'dp_sell': 16.5, 'gst': np.float64(10.738555034374441), 'fees_total': np.float64(84.31196042672907)}",Time,10,1413_rsi_enabled=False_rsi_buy_below=40_rsi_sell_above=70_macd_enabled=True_macd_fast=12_macd_slow=26_macd_signal=9_adx_enabled=False_adx_length=14_adx_min_adx=20_sma_enabled=False_sma_length=50_bb_enabled=False_bb_length=20_bb_stddev=2.0_combination_mode=all
BEL.NS,2015-12-24,2016-01-08,1502,33.26571273803711,32.783329010009766,33.282345594406124,32.766937345504765,49990.083082797995,49215.939892948154,-774.1431898498413,-858.327777810993,-1.5485935251750569,-1.7169961017855375,-1.7166555556219858,84.18458796115173,"{'brokerage_entry': 20.0, 'brokerage_exit': 20.0, 'exchange_entry': np.float64(1.4847054675591005), 'exchange_exit': np.float64(1.4617134148205602), 'sebi_entry': np.float64(0.049990083082797995), 'sebi_exit': np.float64(0.04921593989294815), 'ipft_entry': np.float64(0.049990083082797995), 'ipft_exit': np.float64(0.04921593989294815), 'stamp_buy': np.float64(1.49970249248394), 'stt_sell': np.float64(12.30398497323704), 'dp_sell': 16.5, 'gst': np.float64(10.736069567099605), 'fees_total': np.float64(84.18458796115173)}",Time,10,1413_rsi_enabled=False_rsi_buy_below=40_rsi_sell_above=70_macd_enabled=True_macd_fast=12_macd_slow=26_macd_signal=9_adx_enabled=False_adx_length=14_adx_min_adx=20_sma_enabled=False_sma_length=50_bb_enabled=False_bb_length=20_bb_stddev=2.0_combination_mode=all
BEL.NS,2016-03-21,2016-04-06,1677,29.788623809814453,29.650693893432617,29.80351812171936,29.635868546485902,49980.49989012337,49699.35155245686,-281.1483376665128,-365.4712150743919,-0.5625160578317274,-0.7312276105237847,-0.7309424301487838,84.32287740787908,"{'brokerage_entry': 20.0, 'brokerage_exit': 20.0, 'exchange_entry': np.float64(1.4844208467366642), 'exchange_exit': np.float64(1.4760707411079688), 'sebi_entry': np.float64(0.04998049989012337), 'sebi_exit': np.float64(0.049699351552456854), 'ipft_entry': np.float64(0.04998049989012337), 'ipft_exit': np.float64(0.049699351552456854), 'stamp_buy': np.float64(1.4994149967037012), 'stt_sell': np.float64(12.424837888114215), 'dp_sell': 16.5, 'gst': np.float64(10.738773232331361), 'fees_total': np.float64(84.32287740787908)}",Time,10,1413_rsi_enabled=False_rsi_buy_below=40_rsi_sell_above=70_macd_enabled=True_macd_fast=12_macd_slow=26_macd_signal=9_adx_enabled=False_adx_length=14_adx_min_adx=20_sma_enabled=False_sma_length=50_bb_enabled=False_bb_length=20_bb_stddev=2.0_combination_mode=all
BEL.NS,2016-05-30,2016-06-13,1657,30.15053367614746,31.53106117248535,30.165608942985532,31.51529564189911,49984.41401852703,52220.84487862683,2236.4308600997974,2151.383026545278,4.474256433757232,4.3041077279566675,4.302766053090556,85.04783355451944,"{'brokerage_entry': 20.0, 'brokerage_exit': 20.0, 'exchange_entry': np.float64(1.4845370963502529), 'exchange_exit': np.float64(1.5509590928952168), 'sebi_entry': np.float64(0.049984414018527025), 'sebi_exit': np.float64(0.052220844878626826), 'ipft_entry': np.float64(0.049984414018527025), 'ipft_exit': np.float64(0.052220844878626826), 'stamp_buy': np.float64(1.499532420555811), 'stt_sell': np.float64(13.055211219656707), 'dp_sell': 16.5, 'gst': np.float64(10.753183207267158), 'fees_total': np.float64(85.04783355451944)}",Time,10,1413_rsi_enabled=False_rsi_buy_below=40_rsi_sell_above=70_macd_enabled=True_macd_fast=12_macd_slow=26_macd_signal=9_adx_enabled=False_adx_length=14_adx_min_adx=20_sma_enabled=False_sma_length=50_bb_enabled=False_bb_length=20_bb_stddev=2.0_combination_mode=all
BEL.NS,2016-08-24,2016-08-25,1589,31.445634841918945,30.87715721130371,31.461357659339903,30.86171863269806,49992.09732069111,49039.27090735722,-952.8264133338889,-1036.9603613402874,-1.9059540695435595,-2.074248565104914,-2.0739207226805747,84.13394800639841,"{'brokerage_entry': 20.0, 'brokerage_exit': 20.0, 'exchange_entry': np.float64(1.4847652904245259), 'exchange_exit': np.float64(1.4564663459485094), 'sebi_entry': np.float64(0.049992097320691105), 'sebi_exit': np.float64(0.04903927090735721), 'ipft_entry': np.float64(0.049992097320691105), 'ipft_exit': np.float64(0.04903927090735721), 'stamp_buy': np.float64(1.4997629196207332), 'stt_sell': np.float64(12.259817726839305), 'dp_sell': 16.5, 'gst': np.float64(10.735072987109243), 'fees_total': np.float64(84.13394800639841)}",MACD_cross_down,1,1413_rsi_enabled=False_rsi_buy_below=40_rsi_sell_above=70_macd_enabled=True_macd_fast=12_macd_slow=26_macd_signal=9_adx_enabled=False_adx_length=14_adx_min_adx=20_sma_enabled=False_sma_length=50_bb_enabled=False_bb_length=20_bb_stddev=2.0_combination_mode=all
BEL.NS,2016-09-19,2016-10-03,1579,31.638973236083984,32.595394134521484,31.654792722702023,32.579096437454226,49982.917709146495,51442.39327474022,1459.475565593726,1374.6515645611034,2.9199487194535125,2.7502427380495886,2.749303129122207,84.82400103262272,"{'brokerage_entry': 20.0, 'brokerage_exit': 20.0, 'exchange_entry': np.float64(1.484492655961651), 'exchange_exit': np.float64(1.5278390802597845), 'sebi_entry': np.float64(0.04998291770914649), 'sebi_exit': np.float64(0.05144239327474022), 'ipft_entry': np.float64(0.04998291770914649), 'ipft_exit': np.float64(0.05144239327474022), 'stamp_buy': np.float64(1.499487531274395), 'stt_sell': np.float64(12.860598318685055), 'dp_sell': 16.5, 'gst': np.float64(10.748732824474056), 'fees_total': np.float64(84.82400103262272)}",Time,10,1413_rsi_enabled=False_rsi_buy_below=40_rsi_sell_above=70_macd_enabled=True_macd_fast=12_macd_slow=26_macd_signal=9_adx_enabled=False_adx_length=14_adx_min_adx=20_sma_enabled=False_sma_length=50_bb_enabled=False_bb_length=20_bb_stddev=2.0_combination_mode=all
BEL.NS,2017-01-10,2017-01-24,1290,38.71039581298828,38.92165756225586,38.72975101089477,38.90219673347473,49961.37880405426,50183.833786182404,222.4549821281471,137.99415049532945,0.4452538890101555,0.2762016457482785,0.2759883009906589,84.46083163281763,"{'brokerage_entry': 20.0, 'brokerage_exit': 20.0, 'exchange_entry': np.float64(1.4838529504804114), 'exchange_exit': np.float64(1.4904598634496173), 'sebi_entry': np.float64(0.049961378804054254), 'sebi_exit': np.float64(0.0501838337861824), 'ipft_entry': np.float64(0.049961378804054254), 'ipft_exit': np.float64(0.0501838337861824), 'stamp_buy': np.float64(1.4988413641216278), 'stt_sell': np.float64(12.545958446545601), 'dp_sell': 16.5, 'gst': np.float64(10.741428583039891), 'fees_total': np.float64(84.46083163281763)}",Time,10,1413_rsi_enabled=False_rsi_buy_below=40_rsi_sell_above=70_macd_enabled=True_macd_fast=12_macd_slow=26_macd_signal=9_adx_enabled=False_adx_length=14_adx_min_adx=20_sma_enabled=False_sma_length=50_bb_enabled=False_bb_length=20_bb_stddev=2.0_combination_mode=all
BEL.NS,2017-03-09,2017-03-24,1253,39.881378173828125,39.908321380615234,39.90131886291503,39.88836721992493,49996.35253523254,49980.12412656594,-16.228408666596806,-100.6330503603065,-0.03245918520788214,-0.201280784011974,-0.201266100720613,84.40464169370969,"{'brokerage_entry': 20.0, 'brokerage_exit': 20.0, 'exchange_entry': np.float64(1.4848916702964063), 'exchange_exit': np.float64(1.4844096865590084), 'sebi_entry': np.float64(0.04999635253523253), 'sebi_exit': np.float64(0.04998012412656594), 'ipft_entry': np.float64(0.04999635253523253), 'ipft_exit': np.float64(0.04998012412656594), 'stamp_buy': np.float64(1.499890576056976), 'stt_sell': np.float64(12.495031031641485), 'dp_sell': 16.5, 'gst': np.float64(10.74046577583222), 'fees_total': np.float64(84.40464169370969)}",Time,10,1413_rsi_enabled=False_rsi_buy_below=40_rsi_sell_above=70_macd_enabled=True_macd_fast=12_macd_slow=26_macd_signal=9_adx_enabled=False_adx_length=14_adx_min_adx=20_sma_enabled=False_sma_length=50_bb_enabled=False_bb_length=20_bb_stddev=2.0_combination_mode=all
BEL.NS,2017-07-10,2017-07-24,1121,44.56155776977539,44.54866409301758,44.583838548660275,44.52638976097107,49978.48301304817,49914.08292204857,-64.40009099960298,-148.78454754187482,-0.12885563369898537,-0.2976972060217009,-0.2975690950837496,84.38445654227183,"{'brokerage_entry': 20.0, 'brokerage_exit': 20.0, 'exchange_entry': np.float64(1.4843609454875306), 'exchange_exit': np.float64(1.4824482627848425), 'sebi_entry': np.float64(0.04997848301304817), 'sebi_exit': np.float64(0.04991408292204857), 'ipft_entry': np.float64(0.04997848301304817), 'ipft_exit': np.float64(0.04991408292204857), 'stamp_buy': np.float64(1.499354490391445), 'stt_sell': np.float64(12.478520730512143), 'dp_sell': 16.5, 'gst': np.float64(10.739986981225663), 'fees_total': np.float64(84.38445654227183)}",Time,10,1413_rsi_enabled=False_rsi_buy_below=40_rsi_sell_above=70_macd_enabled=True_macd_fast=12_macd_slow=26_macd_signal=9_adx_enabled=False_adx_length=14_adx_min_adx=20_sma_enabled=False_sma_length=50_bb_enabled=False_bb_length=20_bb_stddev=2.0_combination_mode=all
BEL.NS,2017-10-31,2017-11-13,947,52.71874237060547,51.10519790649414,52.74510174179077,51.07964530754089,49949.61134947586,48372.424106241226,-1577.1872432346354,-1661.1266716599366,-3.1575565867764963,-3.3256047980789094,-3.3222533433198733,83.93942842530113,"{'brokerage_entry': 20.0, 'brokerage_exit': 20.0, 'exchange_entry': np.float64(1.483503457079433), 'exchange_exit': np.float64(1.4366609959553645), 'sebi_entry': np.float64(0.049949611349475856), 'sebi_exit': np.float64(0.04837242410624122), 'ipft_entry': np.float64(0.049949611349475856), 'ipft_exit': np.float64(0.04837242410624122), 'stamp_buy': np.float64(1.498488340484276), 'stt_sell': np.float64(12.093106026560307), 'dp_sell': 16.5, 'gst': np.float64(10.731025534310321), 'fees_total': np.float64(83.93942842530113)}",MACD_cross_down,9,1413_rsi_enabled=False_rsi_buy_below=40_rsi_sell_above=70_macd_enabled=True_macd_fast=12_macd_slow=26_macd_signal=9_adx_enabled=False_adx_length=14_adx_min_adx=20_sma_enabled=False_sma_length=50_bb_enabled=False_bb_length=20_bb_stddev=2.0_combination_mode=all
BEL.NS,2018-07-31,2018-08-14,1488,33.56791305541992,33.92854309082031,33.58469701194763,33.9115788192749,49974.02915377808,50460.42928308105,486.40012930297235,401.8589497552996,0.9733058101163733,0.8041355811409869,0.8037178995105991,84.54117954767275,"{'brokerage_entry': 20.0, 'brokerage_exit': 20.0, 'exchange_entry': np.float64(1.484228665867209), 'exchange_exit': np.float64(1.4986747497075072), 'sebi_entry': np.float64(0.04997402915377808), 'sebi_exit': np.float64(0.05046042928308105), 'ipft_entry': np.float64(0.04997402915377808), 'ipft_exit': np.float64(0.05046042928308105), 'stamp_buy': np.float64(1.4992208746133424), 'stt_sell': np.float64(12.615107320770264), 'dp_sell': 16.5, 'gst': np.float64(10.743079019840717), 'fees_total': np.float64(84.54117954767275)}",Time,10,1413_rsi_enabled=False_rsi_buy_below=40_rsi_sell_above=70_macd_enabled=True_macd_fast=12_macd_slow=26_macd_signal=9_adx_enabled=False_adx_length=14_adx_min_adx=20_sma_enabled=False_sma_length=50_bb_enabled=False_bb_length=20_bb_stddev=2.0_combination_mode=all
BEL.NS,2018-10-30,2018-11-14,1921,26.01095962524414,27.733440399169922,26.02396510505676,27.719573678970338,49992.036966814034,53249.30103730202,3257.2640704879886,3171.9201386302766,6.515565814312072,6.344850762404174,6.343840277260552,85.3439318577119,"{'brokerage_entry': 20.0, 'brokerage_exit': 20.0, 'exchange_entry': np.float64(1.484763497914377), 'exchange_exit': np.float64(1.58150424080787), 'sebi_entry': np.float64(0.04999203696681403), 'sebi_exit': np.float64(0.05324930103730202), 'ipft_entry': np.float64(0.04999203696681403), 'ipft_exit': np.float64(0.05324930103730202), 'stamp_buy': np.float64(1.499761109004421), 'stt_sell': np.float64(13.312325259325506), 'dp_sell': 16.5, 'gst': np.float64(10.759095074651487), 'fees_total': np.float64(85.3439318577119)}",Time,10,1413_rsi_enabled=False_rsi_buy_below=40_rsi_sell_above=70_macd_enabled=True_macd_fast=12_macd_slow=26_macd_signal=9_adx_enabled=False_adx_length=14_adx_min_adx=20_sma_enabled=False_sma_length=50_bb_enabled=False_bb_length=20_bb_stddev=2.0_combination_mode=all
BEL.NS,2018-12-21,2019-01-07,1952,25.5911922454834,26.459671020507812,25.603987841606138,26.44644118499756,49978.98426681518,51623.45319311524,1644.4689263000546,1559.593152698145,3.2903208226901515,3.1204978964201895,3.1191863053962905,84.87577360190943,"{'brokerage_entry': 20.0, 'brokerage_exit': 20.0, 'exchange_entry': np.float64(1.484375832724411), 'exchange_exit': np.float64(1.5332165598355225), 'sebi_entry': np.float64(0.04997898426681518), 'sebi_exit': np.float64(0.05162345319311524), 'ipft_entry': np.float64(0.04997898426681518), 'ipft_exit': np.float64(0.05162345319311524), 'stamp_buy': np.float64(1.4993695280044554), 'stt_sell': np.float64(12.90586329827881), 'dp_sell': 16.5, 'gst': np.float64(10.749743508146363), 'fees_total': np.float64(84.87577360190943)}",Time,10,1413_rsi_enabled=False_rsi_buy_below=40_rsi_sell_above=70_macd_enabled=True_macd_fast=12_macd_slow=26_macd_signal=9_adx_enabled=False_adx_length=14_adx_min_adx=20_sma_enabled=False_sma_length=50_bb_enabled=False_bb_length=20_bb_stddev=2.0_combination_mode=all
BEL.NS,2019-03-01,2019-03-18,2023,24.69765853881836,27.414405822753906,24.710007368087766,27.40069861984253,49988.34490564155,55431.613307941436,5443.268402299887,5357.297509668795,10.889075068547777,10.717093193986074,10.71459501933759,85.97089263109189,"{'brokerage_entry': 20.0, 'brokerage_exit': 20.0, 'exchange_entry': np.float64(1.484653843697554), 'exchange_exit': np.float64(1.6463189152458606), 'sebi_entry': np.float64(0.049988344905641545), 'sebi_exit': np.float64(0.055431613307941434), 'ipft_entry': np.float64(0.049988344905641545), 'ipft_exit': np.float64(0.055431613307941434), 'stamp_buy': np.float64(1.4996503471692464), 'stt_sell': np.float64(13.85790332698536), 'dp_sell': 16.5, 'gst': np.float64(10.771526281566704), 'fees_total': np.float64(85.97089263109189)}",Time,10,1413_rsi_enabled=False_rsi_buy_below=40_rsi_sell_above=70_macd_enabled=True_macd_fast=12_macd_slow=26_macd_signal=9_adx_enabled=False_adx_length=14_adx_min_adx=20_sma_enabled=False_sma_length=50_bb_enabled=False_bb_length=20_bb_stddev=2.0_combination_mode=all
BEL.NS,2019-05-20,2019-06-03,1718,29.072925567626953,32.5569953918457,29.087462030410766,32.54071689414978,49972.2597682457,55904.951624149326,5932.691855903628,5846.586007235199,11.87197033597726,11.699663041754908,11.693172014470397,86.10584866842864,"{'brokerage_entry': 20.0, 'brokerage_exit': 20.0, 'exchange_entry': np.float64(1.4841761151168973), 'exchange_exit': np.float64(1.660377063237235), 'sebi_entry': np.float64(0.049972259768245694), 'sebi_exit': np.float64(0.055904951624149324), 'ipft_entry': np.float64(0.049972259768245694), 'ipft_exit': np.float64(0.055904951624149324), 'stamp_buy': np.float64(1.499167793047371), 'stt_sell': np.float64(13.976237906037332), 'dp_sell': 16.5, 'gst': np.float64(10.774135368205005), 'fees_total': np.float64(86.10584866842864)}",Time,10,1413_rsi_enabled=False_rsi_buy_below=40_rsi_sell_above=70_macd_enabled=True_macd_fast=12_macd_slow=26_macd_signal=9_adx_enabled=False_adx_length=14_adx_min_adx=20_sma_enabled=False_sma_length=50_bb_enabled=False_bb_length=20_bb_stddev=2.0_combination_mode=all
BEL.NS,2019-09-04,2019-09-19,1574,31.732240676879883,31.07672691345215,31.74810679721832,31.061188549995425,49971.52009882164,48890.3107776928,-1081.2093211288375,-1165.2990700719922,-2.163651053621507,-2.3319264008129914,-2.330598140143984,84.08974894315475,"{'brokerage_entry': 20.0, 'brokerage_exit': 20.0, 'exchange_entry': np.float64(1.4841541469350026), 'exchange_exit': np.float64(1.4520422300974762), 'sebi_entry': np.float64(0.04997152009882164), 'sebi_exit': np.float64(0.0488903107776928), 'ipft_entry': np.float64(0.04997152009882164), 'ipft_exit': np.float64(0.0488903107776928), 'stamp_buy': np.float64(1.4991456029646493), 'stt_sell': np.float64(12.222577694423201), 'dp_sell': 16.5, 'gst': np.float64(10.734105606981391), 'fees_total': np.float64(84.08974894315475)}",Time,10,1413_rsi_enabled=False_rsi_buy_below=40_rsi_sell_above=70_macd_enabled=True_macd_fast=12_macd_slow=26_macd_signal=9_adx_enabled=False_adx_length=14_adx_min_adx=20_sma_enabled=False_sma_length=50_bb_enabled=False_bb_length=20_bb_stddev=2.0_combination_mode=all
BEL.NS,2020-01-16,2020-01-22,1586,31.508771896362305,29.933333301544188,31.524526282310482,29.918366634893417,49997.898683744424,47450.52948294096,-2547.369200803463,-2631.046926038714,-5.094952523738117,-5.262315007838787,-5.262093852077427,83.67772523525062,"{'brokerage_entry': 20.0, 'brokerage_exit': 20.0, 'exchange_entry': np.float64(1.4849375909072093), 'exchange_exit': np.float64(1.4092807256433466), 'sebi_entry': np.float64(0.04999789868374442), 'sebi_exit': np.float64(0.047450529482940956), 'ipft_entry': np.float64(0.04999789868374442), 'ipft_exit': np.float64(0.047450529482940956), 'stamp_buy': np.float64(1.4999369605123327), 'stt_sell': np.float64(11.862632370735241), 'dp_sell': 16.5, 'gst': np.float64(10.726040731119106), 'fees_total': np.float64(83.67772523525062)}",HSL,4,1413_rsi_enabled=False_rsi_buy_below=40_rsi_sell_above=70_macd_enabled=True_macd_fast=12_macd_slow=26_macd_signal=9_adx_enabled=False_adx_length=14_adx_min_adx=20_sma_enabled=False_sma_length=50_bb_enabled=False_bb_length=20_bb_stddev=2.0_combination_mode=all
BEL.NS,2020-04-22,2020-04-28,2154,23.198848724365234,22.038906288146972,23.210448148727416,22.0278868350029,49995.305312358854,47448.068242596244,-2547.23706976261,-2630.9139128138268,-5.0949525237381295,-5.262321924781734,-5.261827825627654,83.67684305121647,"{'brokerage_entry': 20.0, 'brokerage_exit': 20.0, 'exchange_entry': np.float64(1.4848605677770579), 'exchange_exit': np.float64(1.4092076268051084), 'sebi_entry': np.float64(0.04999530531235885), 'sebi_exit': np.float64(0.047448068242596245), 'ipft_entry': np.float64(0.04999530531235885), 'ipft_exit': np.float64(0.047448068242596245), 'stamp_buy': np.float64(1.4998591593707657), 'stt_sell': np.float64(11.86201706064906), 'dp_sell': 16.5, 'gst': np.float64(10.726011889504571), 'fees_total': np.float64(83.67684305121647)}",HSL,4,1413_rsi_enabled=False_rsi_buy_below=40_rsi_sell_above=70_macd_enabled=True_macd_fast=12_macd_slow=26_macd_signal=9_adx_enabled=False_adx_length=14_adx_min_adx=20_sma_enabled=False_sma_length=50_bb_enabled=False_bb_length=20_bb_stddev=2.0_combination_mode=all
BEL.NS,2020-06-03,2020-06-12,2242,22.29027557373047,21.175761795043943,22.301420711517334,21.165173914146422,49999.78523522186,47452.31991551628,-2547.4653197055814,-2631.1436866867857,-5.09495252373813,-5.262309976550263,-5.262287373373571,83.67836698120423,"{'brokerage_entry': 20.0, 'brokerage_exit': 20.0, 'exchange_entry': np.float64(1.4849936214860893), 'exchange_exit': np.float64(1.4093339014908335), 'sebi_entry': np.float64(0.04999978523522186), 'sebi_exit': np.float64(0.04745231991551628), 'ipft_entry': np.float64(0.04999978523522186), 'ipft_exit': np.float64(0.04745231991551628), 'stamp_buy': np.float64(1.4999935570566558), 'stt_sell': np.float64(11.863079978879071), 'dp_sell': 16.5, 'gst': np.float64(10.726061711990111), 'fees_total': np.float64(83.67836698120423)}",HSL,7,1413_rsi_enabled=False_rsi_buy_below=40_rsi_sell_above=70_macd_enabled=True_macd_fast=12_macd_slow=26_macd_signal=9_adx_enabled=False_adx_length=14_adx_min_adx=20_sma_enabled=False_sma_length=50_bb_enabled=False_bb_length=20_bb_stddev=2.0_combination_mode=all
BEL.NS,2020-11-13,2020-11-19,1684,29.674354553222656,29.896836455872545,29.689191730499267,29.88188803764461,49996.598874160765,50321.09945539352,324.5005812327581,239.99792457896962,0.6490453121611567,0.4800285019047672,0.47999584915793925,84.5026566537885,"{'brokerage_entry': 20.0, 'brokerage_exit': 20.0, 'exchange_entry': np.float64(1.4848989865625748), 'exchange_exit': np.float64(1.4945366538251876), 'sebi_entry': np.float64(0.04999659887416076), 'sebi_exit': np.float64(0.05032109945539352), 'ipft_entry': np.float64(0.04999659887416076), 'ipft_exit': np.float64(0.05032109945539352), 'stamp_buy': np.float64(1.499897966224823), 'stt_sell': np.float64(12.58027486384838), 'dp_sell': 16.5, 'gst': np.float64(10.742412786668437), 'fees_total': np.float64(84.5026566537885)}",TSL,4,1413_rsi_enabled=False_rsi_buy_below=40_rsi_sell_above=70_macd_enabled=True_macd_fast=12_macd_slow=26_macd_signal=9_adx_enabled=False_adx_length=14_adx_min_adx=20_sma_enabled=False_sma_length=50_bb_enabled=False_bb_length=20_bb_stddev=2.0_combination_mode=all
BEL.NS,2021-05-05,2021-05-20,1156,43.201446533203125,49.14027786254883,43.22304725646973,49.115707723617554,49965.842628479004,56777.75812850189,6811.915500022886,6725.55923408199,13.633144447643723,13.460313846981192,13.45111846816398,86.35626594089547,"{'brokerage_entry': 20.0, 'brokerage_exit': 20.0, 'exchange_entry': np.float64(1.4839855260658263), 'exchange_exit': np.float64(1.6862994164165062), 'sebi_entry': np.float64(0.049965842628479), 'sebi_exit': np.float64(0.05677775812850189), 'ipft_entry': np.float64(0.049965842628479), 'ipft_exit': np.float64(0.05677775812850189), 'stamp_buy': np.float64(1.4989752788543702), 'stt_sell': np.float64(14.194439532125473), 'dp_sell': 16.5, 'gst': np.float64(10.779078985919334), 'fees_total': np.float64(86.35626594089547)}",Time,10,1413_rsi_enabled=False_rsi_buy_below=40_rsi_sell_above=70_macd_enabled=True_macd_fast=12_macd_slow=26_macd_signal=9_adx_enabled=False_adx_length=14_adx_min_adx=20_sma_enabled=False_sma_length=50_bb_enabled=False_bb_length=20_bb_stddev=2.0_combination_mode=all
BEL.NS,2021-06-23,2021-07-07,946,52.8069953918457,57.31986999511719,52.83339888954162,57.29121006011963,49980.39534950637,54197.48471687317,4217.089367366803,4131.473706545336,8.437487014412849,8.266188527830725,8.262947413090673,85.61566082146648,"{'brokerage_entry': 20.0, 'brokerage_exit': 20.0, 'exchange_entry': np.float64(1.4844177418803393), 'exchange_exit': np.float64(1.6096652960911333), 'sebi_entry': np.float64(0.049980395349506365), 'sebi_exit': np.float64(0.05419748471687317), 'ipft_entry': np.float64(0.049980395349506365), 'ipft_exit': np.float64(0.05419748471687317), 'stamp_buy': np.float64(1.4994118604851912), 'stt_sell': np.float64(13.549371179218292), 'dp_sell': 16.5, 'gst': np.float64(10.764438983658762), 'fees_total': np.float64(85.61566082146648)}",Time,10,1413_rsi_enabled=False_rsi_buy_below=40_rsi_sell_above=70_macd_enabled=True_macd_fast=12_macd_slow=26_macd_signal=9_adx_enabled=False_adx_length=14_adx_min_adx=20_sma_enabled=False_sma_length=50_bb_enabled=False_bb_length=20_bb_stddev=2.0_combination_mode=all
BEL.NS,2021-08-31,2021-09-15,854,58.49509811401367,65.5235366821289,58.524345663070676,65.49077491378785,49979.791196262355,55929.12177637482,5949.330580112466,5863.21727713383,11.903472258918473,11.731176014941616,11.72643455426766,86.11330297863603,"{'brokerage_entry': 20.0, 'brokerage_exit': 20.0, 'exchange_entry': np.float64(1.4843997985289918), 'exchange_exit': np.float64(1.6610949167583322), 'sebi_entry': np.float64(0.04997979119626235), 'sebi_exit': np.float64(0.05592912177637482), 'ipft_entry': np.float64(0.04997979119626235), 'ipft_exit': np.float64(0.05592912177637482), 'stamp_buy': np.float64(1.4993937358878706), 'stt_sell': np.float64(13.982280444093705), 'dp_sell': 16.5, 'gst': np.float64(10.774316257421866), 'fees_total': np.float64(86.11330297863603)}",Time,10,1413_rsi_enabled=False_rsi_buy_below=40_rsi_sell_above=70_macd_enabled=True_macd_fast=12_macd_slow=26_macd_signal=9_adx_enabled=False_adx_length=14_adx_min_adx=20_sma_enabled=False_sma_length=50_bb_enabled=False_bb_length=20_bb_stddev=2.0_combination_mode=all
BEL.NS,2022-01-04,2022-01-18,733,68.1564712524414,65.69697570800781,68.19054948806762,65.66412722015382,49983.67277475356,48131.805252372746,-1851.8675223808168,-1935.7400914482353,-3.7049448741513515,-3.872744806432002,-3.8714801828964704,83.87256906741848,"{'brokerage_entry': 20.0, 'brokerage_exit': 20.0, 'exchange_entry': np.float64(1.4845150814101808), 'exchange_exit': np.float64(1.4295146159954706), 'sebi_entry': np.float64(0.04998367277475356), 'sebi_exit': np.float64(0.04813180525237274), 'ipft_entry': np.float64(0.04998367277475356), 'ipft_exit': np.float64(0.04813180525237274), 'stamp_buy': np.float64(1.499510183242607), 'stt_sell': np.float64(12.032951313093186), 'dp_sell': 16.5, 'gst': np.float64(10.729846917622782), 'fees_total': np.float64(83.87256906741848)}",Time,10,1413_rsi_enabled=False_rsi_buy_below=40_rsi_sell_above=70_macd_enabled=True_macd_fast=12_macd_slow=26_macd_signal=9_adx_enabled=False_adx_length=14_adx_min_adx=20_sma_enabled=False_sma_length=50_bb_enabled=False_bb_length=20_bb_stddev=2.0_combination_mode=all
BEL.NS,2022-03-02,2022-03-15,728,68.62515258789062,65.19389495849609,68.65946516418457,65.16129801101684,49984.09063952637,47437.42495202026,-2546.665687506109,-2630.338715675517,-5.094952523738142,-5.262351844399666,-5.260677431351033,83.67302816940824,"{'brokerage_entry': 20.0, 'brokerage_exit': 20.0, 'exchange_entry': np.float64(1.484527491993933), 'exchange_exit': np.float64(1.4088915210750017), 'sebi_entry': np.float64(0.049984090639526364), 'sebi_exit': np.float64(0.04743742495202025), 'ipft_entry': np.float64(0.049984090639526364), 'ipft_exit': np.float64(0.04743742495202025), 'stamp_buy': np.float64(1.499522719185791), 'stt_sell': np.float64(11.859356238005065), 'dp_sell': 16.5, 'gst': np.float64(10.725887167965364), 'fees_total': np.float64(83.67302816940824)}",HSL,9,1413_rsi_enabled=False_rsi_buy_below=40_rsi_sell_above=70_macd_enabled=True_macd_fast=12_macd_slow=26_macd_signal=9_adx_enabled=False_adx_length=14_adx_min_adx=20_sma_enabled=False_sma_length=50_bb_enabled=False_bb_length=20_bb_stddev=2.0_combination_mode=all
BEL.NS,2022-06-01,2022-06-15,634,78.7577896118164,76.85364532470703,78.79716850662231,76.81521850204469,49957.40483319855,48700.84853029633,-1256.556302902216,-1340.5906478051008,-2.515255360236783,-2.683467350398131,-2.6811812956102017,84.03434490288494,"{'brokerage_entry': 20.0, 'brokerage_exit': 20.0, 'exchange_entry': np.float64(1.483734923545997), 'exchange_exit': np.float64(1.446415201349801), 'sebi_entry': np.float64(0.04995740483319854), 'sebi_exit': np.float64(0.048700848530296326), 'ipft_entry': np.float64(0.04995740483319854), 'ipft_exit': np.float64(0.048700848530296326), 'stamp_buy': np.float64(1.4987221449959565), 'stt_sell': np.float64(12.175212132574083), 'dp_sell': 16.5, 'gst': np.float64(10.732943993692102), 'fees_total': np.float64(84.03434490288494)}",Time,10,1413_rsi_enabled=False_rsi_buy_below=40_rsi_sell_above=70_macd_enabled=True_macd_fast=12_macd_slow=26_macd_signal=9_adx_enabled=False_adx_length=14_adx_min_adx=20_sma_enabled=False_sma_length=50_bb_enabled=False_bb_length=20_bb_stddev=2.0_combination_mode=all
BEL.NS,2022-07-14,2022-07-28,657,75.97357940673828,87.15841674804688,76.01156619644165,87.11483753967286,49939.598991062165,57234.44826356507,7294.849272502906,7208.363520055676,14.607344511934281,14.434163801246738,14.416727040111352,86.48575244722971,"{'brokerage_entry': 20.0, 'brokerage_exit': 20.0, 'exchange_entry': np.float64(1.4832060900345463), 'exchange_exit': np.float64(1.6998631134278825), 'sebi_entry': np.float64(0.049939598991062165), 'sebi_exit': np.float64(0.057234448263565066), 'ipft_entry': np.float64(0.049939598991062165), 'ipft_exit': np.float64(0.057234448263565066), 'stamp_buy': np.float64(1.498187969731865), 'stt_sell': np.float64(14.308612065891268), 'dp_sell': 16.5, 'gst': np.float64(10.781535113634902), 'fees_total': np.float64(86.48575244722971)}",Time,10,1413_rsi_enabled=False_rsi_buy_below=40_rsi_sell_above=70_macd_enabled=True_macd_fast=12_macd_slow=26_macd_signal=9_adx_enabled=False_adx_length=14_adx_min_adx=20_sma_enabled=False_sma_length=50_bb_enabled=False_bb_length=20_bb_stddev=2.0_combination_mode=all
BEL.NS,2022-11-03,2022-11-14,470,106.13627624511719,102.90248107910156,106.18934438323974,102.85102983856201,49908.99186012268,48339.98402412415,-1569.0078359985346,-1652.9352029522954,-3.143737786561409,-3.3118986005265154,-3.305870405904591,83.92736695376085,"{'brokerage_entry': 20.0, 'brokerage_exit': 20.0, 'exchange_entry': np.float64(1.4822970582456436), 'exchange_exit': np.float64(1.4356975255164872), 'sebi_entry': np.float64(0.04990899186012268), 'sebi_exit': np.float64(0.04833998402412414), 'ipft_entry': np.float64(0.04990899186012268), 'ipft_exit': np.float64(0.04833998402412414), 'stamp_buy': np.float64(1.4972697558036805), 'stt_sell': np.float64(12.084996006031037), 'dp_sell': 16.5, 'gst': np.float64(10.730608656395512), 'fees_total': np.float64(83.92736695376085)}",MACD_cross_down,6,1413_rsi_enabled=False_rsi_buy_below=40_rsi_sell_above=70_macd_enabled=True_macd_fast=12_macd_slow=26_macd_signal=9_adx_enabled=False_adx_length=14_adx_min_adx=20_sma_enabled=False_sma_length=50_bb_enabled=False_bb_length=20_bb_stddev=2.0_combination_mode=all
BEL.NS,2023-04-03,2023-04-20,529,94.4523696899414,100.56342315673828,94.49959587478637,100.51314144515992,49990.28621776199,53171.451824489595,3181.1656067276053,3095.8441672117415,6.363567499634177,6.192891462405272,6.191688334423483,85.32143951586373,"{'brokerage_entry': 20.0, 'brokerage_exit': 20.0, 'exchange_entry': np.float64(1.484711500667531), 'exchange_exit': np.float64(1.579192119187341), 'sebi_entry': np.float64(0.04999028621776199), 'sebi_exit': np.float64(0.053171451824489596), 'ipft_entry': np.float64(0.04999028621776199), 'ipft_exit': np.float64(0.053171451824489596), 'stamp_buy': np.float64(1.4997085865328597), 'stt_sell': np.float64(13.292862956122399), 'dp_sell': 16.5, 'gst': np.float64(10.758640877269087), 'fees_total': np.float64(85.32143951586373)}",Time,10,1413_rsi_enabled=False_rsi_buy_below=40_rsi_sell_above=70_macd_enabled=True_macd_fast=12_macd_slow=26_macd_signal=9_adx_enabled=False_adx_length=14_adx_min_adx=20_sma_enabled=False_sma_length=50_bb_enabled=False_bb_length=20_bb_stddev=2.0_combination_mode=all
BEL.NS,2023-11-08,2023-11-23,362,137.90878295898438,136.87742614746094,137.97773735046385,136.8089874343872,49947.94092086791,49524.85345124817,-423.0874696197425,-507.35800055646394,-0.8470568792616222,-1.0157736058835072,-1.014716001112928,84.27053093672146,"{'brokerage_entry': 20.0, 'brokerage_exit': 20.0, 'exchange_entry': np.float64(1.483453845349777), 'exchange_exit': np.float64(1.4708881475020708), 'sebi_entry': np.float64(0.04994794092086791), 'sebi_exit': np.float64(0.04952485345124817), 'ipft_entry': np.float64(0.04994794092086791), 'ipft_exit': np.float64(0.04952485345124817), 'stamp_buy': np.float64(1.4984382276260375), 'stt_sell': np.float64(12.381213362812042), 'dp_sell': 16.5, 'gst': np.float64(10.737591764687293), 'fees_total': np.float64(84.27053093672146)}",Time,10,1413_rsi_enabled=False_rsi_buy_below=40_rsi_sell_above=70_macd_enabled=True_macd_fast=12_macd_slow=26_macd_signal=9_adx_enabled=False_adx_length=14_adx_min_adx=20_sma_enabled=False_sma_length=50_bb_enabled=False_bb_length=20_bb_stddev=2.0_combination_mode=all
BEL.NS,2024-02-22,2024-03-07,260,192.0218048095703,212.18531799316406,192.11781571197508,212.0792253341675,49950.632085113524,55140.59858688355,5189.9665017700245,5104.081790586233,10.390191845673877,10.218252657722365,10.208163581172466,85.884711183791,"{'brokerage_entry': 20.0, 'brokerage_exit': 20.0, 'exchange_entry': np.float64(1.4835337729278717), 'exchange_exit': np.float64(1.6376757780304414), 'sebi_entry': np.float64(0.04995063208511352), 'sebi_exit': np.float64(0.05514059858688355), 'ipft_entry': np.float64(0.04995063208511352), 'ipft_exit': np.float64(0.05514059858688355), 'stamp_buy': np.float64(1.4985189625534057), 'stt_sell': np.float64(13.785149646720887), 'dp_sell': 16.5, 'gst': np.float64(10.769650562214414), 'fees_total': np.float64(85.884711183791)}",Time,10,1413_rsi_enabled=False_rsi_buy_below=40_rsi_sell_above=70_macd_enabled=True_macd_fast=12_macd_slow=26_macd_signal=9_adx_enabled=False_adx_length=14_adx_min_adx=20_sma_enabled=False_sma_length=50_bb_enabled=False_bb_length=20_bb_stddev=2.0_combination_mode=all
BEL.NS,2024-04-01,2024-04-16,239,208.8855743408203,231.00111389160156,208.9900171279907,230.88561333465577,49948.61409358978,55181.66158698273,5233.047493392951,5147.15111648129,10.476862248044919,10.30489275805924,10.294302232962579,85.89637691166087,"{'brokerage_entry': 20.0, 'brokerage_exit': 20.0, 'exchange_entry': np.float64(1.4834738385796165), 'exchange_exit': np.float64(1.638895349133387), 'sebi_entry': np.float64(0.04994861409358978), 'sebi_exit': np.float64(0.055181661586982726), 'ipft_entry': np.float64(0.04994861409358978), 'ipft_exit': np.float64(0.055181661586982726), 'stamp_buy': np.float64(1.4984584228076934), 'stt_sell': np.float64(13.795415396745682), 'dp_sell': 16.5, 'gst': np.float64(10.769873353033345), 'fees_total': np.float64(85.89637691166087)}",Time,10,1413_rsi_enabled=False_rsi_buy_below=40_rsi_sell_above=70_macd_enabled=True_macd_fast=12_macd_slow=26_macd_signal=9_adx_enabled=False_adx_length=14_adx_min_adx=20_sma_enabled=False_sma_length=50_bb_enabled=False_bb_length=20_bb_stddev=2.0_combination_mode=all
BEL.NS,2024-06-18,2024-06-20,158,314.9115295410156,299.1659530639648,315.0689853057861,299.01637008743285,49780.89967831421,47244.58647381439,-2536.31320449982,-2619.9171134436297,-5.0949525237381375,-5.262896272212072,-5.239834226887259,83.60390894380954,"{'brokerage_entry': 20.0, 'brokerage_exit': 20.0, 'exchange_entry': np.float64(1.478492720445932), 'exchange_exit': np.float64(1.4031642182722872), 'sebi_entry': np.float64(0.04978089967831421), 'sebi_exit': np.float64(0.04724458647381438), 'ipft_entry': np.float64(0.04978089967831421), 'ipft_exit': np.float64(0.04724458647381438), 'stamp_buy': np.float64(1.4934269903494262), 'stt_sell': np.float64(11.811146618453597), 'dp_sell': 16.5, 'gst': np.float64(10.723627423984045), 'fees_total': np.float64(83.60390894380954)}",HSL,2,1413_rsi_enabled=False_rsi_buy_below=40_rsi_sell_above=70_macd_enabled=True_macd_fast=12_macd_slow=26_macd_signal=9_adx_enabled=False_adx_length=14_adx_min_adx=20_sma_enabled=False_sma_length=50_bb_enabled=False_bb_length=20_bb_stddev=2.0_combination_mode=all
BEL.NS,2024-11-06,2024-11-13,166,299.49261474609375,284.517984008789,299.6423610534668,284.37572501678466,49740.63193487549,47206.37035278625,-2534.261582089239,-2617.851793203054,-5.094952523738142,-5.263004693286889,-5.235703586406109,83.5902111138151,"{'brokerage_entry': 20.0, 'brokerage_exit': 20.0, 'exchange_entry': np.float64(1.477296768465802), 'exchange_exit': np.float64(1.4020291994777516), 'sebi_entry': np.float64(0.04974063193487549), 'sebi_exit': np.float64(0.04720637035278625), 'ipft_entry': np.float64(0.04974063193487549), 'ipft_exit': np.float64(0.04720637035278625), 'stamp_buy': np.float64(1.4922189580462648), 'stt_sell': np.float64(11.801592588196563), 'dp_sell': 16.5, 'gst': np.float64(10.723179595053399), 'fees_total': np.float64(83.5902111138151)}",HSL,5,1413_rsi_enabled=False_rsi_buy_below=40_rsi_sell_above=70_macd_enabled=True_macd_fast=12_macd_slow=26_macd_signal=9_adx_enabled=False_adx_length=14_adx_min_adx=20_sma_enabled=False_sma_length=50_bb_enabled=False_bb_length=20_bb_stddev=2.0_combination_mode=all
BEL.NS,2024-11-26,2024-12-10,169,295.5734558105469,312.39111328125,295.72124253845215,312.2349177246094,49976.88998899841,52767.701095458986,2790.8111064605764,2705.6066103129365,5.584203232884094,5.413715441093936,5.411213220625873,85.20449614763992,"{'brokerage_entry': 20.0, 'brokerage_exit': 20.0, 'exchange_entry': np.float64(1.4843136326732527), 'exchange_exit': np.float64(1.5672007225351319), 'sebi_entry': np.float64(0.04997688998899841), 'sebi_exit': np.float64(0.05276770109545898), 'ipft_entry': np.float64(0.04997688998899841), 'ipft_exit': np.float64(0.05276770109545898), 'stamp_buy': np.float64(1.4993066996699522), 'stt_sell': np.float64(13.191925273864747), 'dp_sell': 16.5, 'gst': np.float64(10.756260636727914), 'fees_total': np.float64(85.20449614763992)}",Time,10,1413_rsi_enabled=False_rsi_buy_below=40_rsi_sell_above=70_macd_enabled=True_macd_fast=12_macd_slow=26_macd_signal=9_adx_enabled=False_adx_length=14_adx_min_adx=20_sma_enabled=False_sma_length=50_bb_enabled=False_bb_length=20_bb_stddev=2.0_combination_mode=all
BAJAJFINSV.NS,2015-01-20,2015-02-04,380,131.41790771484375,146.27008056640625,131.48361666870116,146.19694552612305,49963.77433410644,55554.83929992676,5591.064965820318,5505.060313503719,11.190237407672637,11.018103389650921,11.010120627007439,86.00465231659955,"{'brokerage_entry': 20.0, 'brokerage_exit': 20.0, 'exchange_entry': np.float64(1.4839240977229613), 'exchange_exit': np.float64(1.6499787272078248), 'sebi_entry': np.float64(0.04996377433410644), 'sebi_exit': np.float64(0.05555483929992676), 'ipft_entry': np.float64(0.04996377433410644), 'ipft_exit': np.float64(0.05555483929992676), 'stamp_buy': np.float64(1.4989132300231933), 'stt_sell': np.float64(13.88870982498169), 'dp_sell': 16.5, 'gst': np.float64(10.772089209395796), 'fees_total': np.float64(86.00465231659955)}",Time,10,1413_rsi_enabled=False_rsi_buy_below=40_rsi_sell_above=70_macd_enabled=True_macd_fast=12_macd_slow=26_macd_signal=9_adx_enabled=False_adx_length=14_adx_min_adx=20_sma_enabled=False_sma_length=50_bb_enabled=False_bb_length=20_bb_stddev=2.0_combination_mode=all
BAJAJFINSV.NS,2015-05-26,2015-06-09,339,147.32879638671875,155.39112854003906,147.4024607849121,155.31343297576905,49969.43420608521,52651.25377878571,2681.8195727005004,2596.6490467748595,5.36692002883217,5.196474781094566,5.193298093549719,85.17052592564104,"{'brokerage_entry': 20.0, 'brokerage_exit': 20.0, 'exchange_entry': np.float64(1.4840921959207307), 'exchange_exit': np.float64(1.5637422372299354), 'sebi_entry': np.float64(0.049969434206085205), 'sebi_exit': np.float64(0.052651253778785705), 'ipft_entry': np.float64(0.049969434206085205), 'ipft_exit': np.float64(0.052651253778785705), 'stamp_buy': np.float64(1.4990830261825563), 'stt_sell': np.float64(13.162813444696427), 'dp_sell': 16.5, 'gst': np.float64(10.755553645641672), 'fees_total': np.float64(85.17052592564104)}",Time,10,1413_rsi_enabled=False_rsi_buy_below=40_rsi_sell_above=70_macd_enabled=True_macd_fast=12_macd_slow=26_macd_signal=9_adx_enabled=False_adx_length=14_adx_min_adx=20_sma_enabled=False_sma_length=50_bb_enabled=False_bb_length=20_bb_stddev=2.0_combination_mode=all
BAJAJFINSV.NS,2015-10-26,2015-11-09,263,189.6234893798828,195.1513214111328,189.71830112457275,195.05374575042725,49895.91319576263,51299.13513236237,1403.221936599737,1318.4449734430118,2.8122983361268643,2.6423907069707258,2.636889946886024,84.77696315672532,"{'brokerage_entry': 20.0, 'brokerage_exit': 20.0, 'exchange_entry': np.float64(1.4819086219141502), 'exchange_exit': np.float64(1.5235843134311624), 'sebi_entry': np.float64(0.04989591319576263), 'sebi_exit': np.float64(0.05129913513236237), 'ipft_entry': np.float64(0.04989591319576263), 'ipft_exit': np.float64(0.05129913513236237), 'stamp_buy': np.float64(1.496877395872879), 'stt_sell': np.float64(12.824783783090592), 'dp_sell': 16.5, 'gst': np.float64(10.74741894576028), 'fees_total': np.float64(84.77696315672532)}",Time,10,1413_rsi_enabled=False_rsi_buy_below=40_rsi_sell_above=70_macd_enabled=True_macd_fast=12_macd_slow=26_macd_signal=9_adx_enabled=False_adx_length=14_adx_min_adx=20_sma_enabled=False_sma_length=50_bb_enabled=False_bb_length=20_bb_stddev=2.0_combination_mode=all
BAJAJFINSV.NS,2016-04-13,2016-05-02,275,181.4207763671875,193.34481811523438,181.5114867553711,193.24814570617676,49915.65885772705,53143.24006919861,3227.581211471559,3142.272910515267,6.466069536758049,6.2951646485756765,6.284545821030534,85.30830095629204,"{'brokerage_entry': 20.0, 'brokerage_exit': 20.0, 'exchange_entry': np.float64(1.4824950680744935), 'exchange_exit': np.float64(1.5783542300551987), 'sebi_entry': np.float64(0.04991565885772705), 'sebi_exit': np.float64(0.053143240069198606), 'ipft_entry': np.float64(0.04991565885772705), 'ipft_exit': np.float64(0.053143240069198606), 'stamp_buy': np.float64(1.4974697657318117), 'stt_sell': np.float64(13.285810017299653), 'dp_sell': 16.5, 'gst': np.float64(10.758054077277036), 'fees_total': np.float64(85.30830095629204)}",Time,10,1413_rsi_enabled=False_rsi_buy_below=40_rsi_sell_above=70_macd_enabled=True_macd_fast=12_macd_slow=26_macd_signal=9_adx_enabled=False_adx_length=14_adx_min_adx=20_sma_enabled=False_sma_length=50_bb_enabled=False_bb_length=20_bb_stddev=2.0_combination_mode=all
BAJAJFINSV.NS,2016-06-15,2016-06-16,257,193.9425048828125,192.72122972404605,194.0394761352539,192.62486910918403,49868.14536676025,49504.591361060295,-363.55400569995254,-447.8133344912613,-0.729030532469492,-0.8979947643887164,-0.8956266689825225,84.25932879130873,"{'brokerage_entry': 20.0, 'brokerage_exit': 20.0, 'exchange_entry': np.float64(1.4810839173927794), 'exchange_exit': np.float64(1.4702863634234908), 'sebi_entry': np.float64(0.04986814536676024), 'sebi_exit': np.float64(0.04950459136106029), 'ipft_entry': np.float64(0.04986814536676024), 'ipft_exit': np.float64(0.04950459136106029), 'stamp_buy': np.float64(1.4960443610028074), 'stt_sell': np.float64(12.376147840265073), 'dp_sell': 16.5, 'gst': np.float64(10.737020835768941), 'fees_total': np.float64(84.25932879130873)}",TSL,1,1413_rsi_enabled=False_rsi_buy_below=40_rsi_sell_above=70_macd_enabled=True_macd_fast=12_macd_slow=26_macd_signal=9_adx_enabled=False_adx_length=14_adx_min_adx=20_sma_enabled=False_sma_length=50_bb_enabled=False_bb_length=20_bb_stddev=2.0_combination_mode=all
BAJAJFINSV.NS,2017-01-02,2017-01-16,170,293.83251953125,300.10333251953125,293.9794357910156,299.9532808532715,49976.50408447265,50992.057745056154,1015.5536605835005,930.8595210009069,2.0320622244144237,1.8625943091728145,1.8617190420018137,84.69413958259356,"{'brokerage_entry': 20.0, 'brokerage_exit': 20.0, 'exchange_entry': np.float64(1.4843021713088378), 'exchange_exit': np.float64(1.5144641150281677), 'sebi_entry': np.float64(0.04997650408447265), 'sebi_exit': np.float64(0.05099205774505615), 'ipft_entry': np.float64(0.04997650408447265), 'ipft_exit': np.float64(0.05099205774505615), 'stamp_buy': np.float64(1.4992951225341797), 'stt_sell': np.float64(12.74801443626404), 'dp_sell': 16.5, 'gst': np.float64(10.74612661379929), 'fees_total': np.float64(84.69413958259356)}",Time,10,1413_rsi_enabled=False_rsi_buy_below=40_rsi_sell_above=70_macd_enabled=True_macd_fast=12_macd_slow=26_macd_signal=9_adx_enabled=False_adx_length=14_adx_min_adx=20_sma_enabled=False_sma_length=50_bb_enabled=False_bb_length=20_bb_stddev=2.0_combination_mode=all
BAJAJFINSV.NS,2017-07-14,2017-07-28,113,438.48565673828125,490.9456481933594,438.70489956665034,490.7001753692627,49573.65365103149,55449.119816726685,5875.466165695194,5789.518194267146,11.85199341378975,11.678619120998926,11.579036388534291,85.94797142804758,"{'brokerage_entry': 20.0, 'brokerage_exit': 20.0, 'exchange_entry': np.float64(1.4723375134356353), 'exchange_exit': np.float64(1.6468388585567826), 'sebi_entry': np.float64(0.04957365365103149), 'sebi_exit': np.float64(0.055449119816726684), 'ipft_entry': np.float64(0.04957365365103149), 'ipft_exit': np.float64(0.055449119816726684), 'stamp_buy': np.float64(1.4872096095309448), 'stt_sell': np.float64(13.862279954181671), 'dp_sell': 16.5, 'gst': np.float64(10.769259945407027), 'fees_total': np.float64(85.94797142804758)}",Time,10,1413_rsi_enabled=False_rsi_buy_below=40_rsi_sell_above=70_macd_enabled=True_macd_fast=12_macd_slow=26_macd_signal=9_adx_enabled=False_adx_length=14_adx_min_adx=20_sma_enabled=False_sma_length=50_bb_enabled=False_bb_length=20_bb_stddev=2.0_combination_mode=all
BAJAJFINSV.NS,2017-12-21,2018-01-01,93,533.5046997070312,515.4166259765625,533.7714520568848,515.1589176635742,49640.74504129028,47909.779342712405,-1730.9656985778784,-1814.7513406799033,-3.486985735484212,-3.6557697495684756,-3.6295026813598064,83.7856421020248,"{'brokerage_entry': 20.0, 'brokerage_exit': 20.0, 'exchange_entry': np.float64(1.4743301277263214), 'exchange_exit': np.float64(1.4229204464785585), 'sebi_entry': np.float64(0.049640745041290284), 'sebi_exit': np.float64(0.0479097793427124), 'ipft_entry': np.float64(0.049640745041290284), 'ipft_exit': np.float64(0.0479097793427124), 'stamp_buy': np.float64(1.4892223512387086), 'stt_sell': np.float64(11.977444835678101), 'dp_sell': 16.5, 'gst': np.float64(10.726623292135116), 'fees_total': np.float64(83.7856421020248)}",MACD_cross_down,6,1413_rsi_enabled=False_rsi_buy_below=40_rsi_sell_above=70_macd_enabled=True_macd_fast=12_macd_slow=26_macd_signal=9_adx_enabled=False_adx_length=14_adx_min_adx=20_sma_enabled=False_sma_length=50_bb_enabled=False_bb_length=20_bb_stddev=2.0_combination_mode=all
BAJAJFINSV.NS,2018-02-12,2018-02-19,95,521.7548828125,495.66713867187497,522.0157602539063,495.41930510253906,49591.49722412109,47064.83398474121,-2526.663239379879,-2610.2027195179867,-5.094952523738123,-5.263407772751001,-5.220405439035973,83.53948013810763,"{'brokerage_entry': 20.0, 'brokerage_exit': 20.0, 'exchange_entry': np.float64(1.4728674675563964), 'exchange_exit': np.float64(1.397825569346814), 'sebi_entry': np.float64(0.04959149722412109), 'sebi_exit': np.float64(0.04706483398474121), 'ipft_entry': np.float64(0.04959149722412109), 'ipft_exit': np.float64(0.04706483398474121), 'stamp_buy': np.float64(1.4877449167236327), 'stt_sell': np.float64(11.766208496185303), 'dp_sell': 16.5, 'gst': np.float64(10.721521025877768), 'fees_total': np.float64(83.53948013810763)}",HSL,4,1413_rsi_enabled=False_rsi_buy_below=40_rsi_sell_above=70_macd_enabled=True_macd_fast=12_macd_slow=26_macd_signal=9_adx_enabled=False_adx_length=14_adx_min_adx=20_sma_enabled=False_sma_length=50_bb_enabled=False_bb_length=20_bb_stddev=2.0_combination_mode=all
BAJAJFINSV.NS,2018-02-26,2018-03-06,96,517.5194702148438,496.362060546875,517.7782299499512,496.11387951660157,49706.71007519531,47626.93243359375,-2079.777641601562,-2163.4864382439005,-4.184098361077038,-4.352503786653798,-4.326972876487801,83.70879664233806,"{'brokerage_entry': 20.0, 'brokerage_exit': 20.0, 'exchange_entry': np.float64(1.4762892892333008), 'exchange_exit': np.float64(1.4145198932777343), 'sebi_entry': np.float64(0.04970671007519531), 'sebi_exit': np.float64(0.04762693243359375), 'ipft_entry': np.float64(0.04970671007519531), 'ipft_exit': np.float64(0.04762693243359375), 'stamp_buy': np.float64(1.4912013022558595), 'stt_sell': np.float64(11.906733108398438), 'dp_sell': 16.5, 'gst': np.float64(10.725385764155149), 'fees_total': np.float64(83.70879664233806)}",MACD_cross_down,5,1413_rsi_enabled=False_rsi_buy_below=40_rsi_sell_above=70_macd_enabled=True_macd_fast=12_macd_slow=26_macd_signal=9_adx_enabled=False_adx_length=14_adx_min_adx=20_sma_enabled=False_sma_length=50_bb_enabled=False_bb_length=20_bb_stddev=2.0_combination_mode=all
BAJAJFINSV.NS,2018-03-14,2018-03-28,98,509.4122619628906,515.3868408203125,509.666968093872,515.1291473999024,49947.362873199454,50482.656445190434,535.2935719909801,450.74780169086284,1.0717153843535665,0.9024456463000236,0.9014956033817257,84.54577030011728,"{'brokerage_entry': 20.0, 'brokerage_exit': 20.0, 'exchange_entry': np.float64(1.4834366773340237), 'exchange_exit': np.float64(1.499334896422156), 'sebi_entry': np.float64(0.04994736287319945), 'sebi_exit': np.float64(0.050482656445190434), 'ipft_entry': np.float64(0.04994736287319945), 'ipft_exit': np.float64(0.050482656445190434), 'stamp_buy': np.float64(1.4984208861959836), 'stt_sell': np.float64(12.620664111297609), 'dp_sell': 16.5, 'gst': np.float64(10.743053690230733), 'fees_total': np.float64(84.54577030011728)}",Time,10,1413_rsi_enabled=False_rsi_buy_below=40_rsi_sell_above=70_macd_enabled=True_macd_fast=12_macd_slow=26_macd_signal=9_adx_enabled=False_adx_length=14_adx_min_adx=20_sma_enabled=False_sma_length=50_bb_enabled=False_bb_length=20_bb_stddev=2.0_combination_mode=all
BAJAJFINSV.NS,2018-05-17,2018-05-31,90,555.0208740234375,602.1591186523438,555.2983844604491,601.8580390930176,49976.85460144042,54167.22351837159,4190.368916931169,4104.762192027383,8.384619140898065,8.213326398314544,8.209524384054765,85.60672490378579,"{'brokerage_entry': 20.0, 'brokerage_exit': 20.0, 'exchange_entry': np.float64(1.4843125816627805), 'exchange_exit': np.float64(1.6087665384956362), 'sebi_entry': np.float64(0.04997685460144042), 'sebi_exit': np.float64(0.05416722351837159), 'ipft_entry': np.float64(0.04997685460144042), 'ipft_exit': np.float64(0.05416722351837159), 'stamp_buy': np.float64(1.4993056380432126), 'stt_sell': np.float64(13.541805879592898), 'dp_sell': 16.5, 'gst': np.float64(10.764246109751646), 'fees_total': np.float64(85.60672490378579)}",Time,10,1413_rsi_enabled=False_rsi_buy_below=40_rsi_sell_above=70_macd_enabled=True_macd_fast=12_macd_slow=26_macd_signal=9_adx_enabled=False_adx_length=14_adx_min_adx=20_sma_enabled=False_sma_length=50_bb_enabled=False_bb_length=20_bb_stddev=2.0_combination_mode=all
BAJAJFINSV.NS,2018-07-12,2018-07-26,80,624.1702880859375,701.3280639648438,624.4823732299805,700.9773999328613,49958.58985839844,56078.191994628905,6119.602136230467,6033.447418674064,12.249349218173966,12.07689695761057,12.066894837348126,86.15471755640353,"{'brokerage_entry': 20.0, 'brokerage_exit': 20.0, 'exchange_entry': np.float64(1.4837701187944337), 'exchange_exit': np.float64(1.6655223022404786), 'sebi_entry': np.float64(0.04995858985839843), 'sebi_exit': np.float64(0.0560781919946289), 'ipft_entry': np.float64(0.04995858985839843), 'ipft_exit': np.float64(0.0560781919946289), 'stamp_buy': np.float64(1.4987576957519533), 'stt_sell': np.float64(14.019547998657227), 'dp_sell': 16.5, 'gst': np.float64(10.775045877253373), 'fees_total': np.float64(86.15471755640353)}",Time,10,1413_rsi_enabled=False_rsi_buy_below=40_rsi_sell_above=70_macd_enabled=True_macd_fast=12_macd_slow=26_macd_signal=9_adx_enabled=False_adx_length=14_adx_min_adx=20_sma_enabled=False_sma_length=50_bb_enabled=False_bb_length=20_bb_stddev=2.0_combination_mode=all
BAJAJFINSV.NS,2018-12-04,2018-12-06,82,605.1201782226562,574.8641693115234,605.4227383117675,574.5767372268676,49644.66454156493,47115.29245260315,-2529.3720889617834,-2612.929654962505,-5.094952523738114,-5.263263794994189,-5.22585930992501,83.55756600072158,"{'brokerage_entry': 20.0, 'brokerage_exit': 20.0, 'exchange_entry': np.float64(1.4744465368844786), 'exchange_exit': np.float64(1.3993241858423136), 'sebi_entry': np.float64(0.04964466454156493), 'sebi_exit': np.float64(0.047115292452603146), 'ipft_entry': np.float64(0.04964466454156493), 'ipft_exit': np.float64(0.047115292452603146), 'stamp_buy': np.float64(1.489339936246948), 'stt_sell': np.float64(11.778823113150787), 'dp_sell': 16.5, 'gst': np.float64(10.722112314608722), 'fees_total': np.float64(83.55756600072158)}",HSL,2,1413_rsi_enabled=False_rsi_buy_below=40_rsi_sell_above=70_macd_enabled=True_macd_fast=12_macd_slow=26_macd_signal=9_adx_enabled=False_adx_length=14_adx_min_adx=20_sma_enabled=False_sma_length=50_bb_enabled=False_bb_length=20_bb_stddev=2.0_combination_mode=all
BAJAJFINSV.NS,2019-02-26,2019-03-13,77,643.2454223632812,687.6609497070312,643.5670450744628,687.3171192321778,49554.66247073364,52923.41818087769,3368.7557101440543,3283.5349206398587,6.7980600455781515,6.626086743258666,6.567069841279717,85.2207895041956,"{'brokerage_entry': 20.0, 'brokerage_exit': 20.0, 'exchange_entry': np.float64(1.471773475380789), 'exchange_exit': np.float64(1.5718255199720674), 'sebi_entry': np.float64(0.04955466247073364), 'sebi_exit': np.float64(0.05292341818087769), 'ipft_entry': np.float64(0.04955466247073364), 'ipft_exit': np.float64(0.05292341818087769), 'stamp_buy': np.float64(1.4866398741220093), 'stt_sell': np.float64(13.230854545219424), 'dp_sell': 16.5, 'gst': np.float64(10.754739928198092), 'fees_total': np.float64(85.2207895041956)}",Time,10,1413_rsi_enabled=False_rsi_buy_below=40_rsi_sell_above=70_macd_enabled=True_macd_fast=12_macd_slow=26_macd_signal=9_adx_enabled=False_adx_length=14_adx_min_adx=20_sma_enabled=False_sma_length=50_bb_enabled=False_bb_length=20_bb_stddev=2.0_combination_mode=all
BAJAJFINSV.NS,2019-09-20,2019-10-07,65,767.2074584960938,819.6948852539062,767.5910622253417,819.2850378112794,49893.41904464721,53253.52745773316,3360.1084130859454,3274.7699139693045,6.734572369312167,6.563530775549518,6.5495398279386094,85.33849911664076,"{'brokerage_entry': 20.0, 'brokerage_exit': 20.0, 'exchange_entry': np.float64(1.4818345456260222), 'exchange_exit': np.float64(1.5816297654946747), 'sebi_entry': np.float64(0.04989341904464721), 'sebi_exit': np.float64(0.05325352745773316), 'ipft_entry': np.float64(0.04989341904464721), 'ipft_exit': np.float64(0.05325352745773316), 'stamp_buy': np.float64(1.4968025713394164), 'stt_sell': np.float64(13.313381864433289), 'dp_sell': 16.5, 'gst': np.float64(10.758556476742584), 'fees_total': np.float64(85.33849911664076)}",Time,10,1413_rsi_enabled=False_rsi_buy_below=40_rsi_sell_above=70_macd_enabled=True_macd_fast=12_macd_slow=26_macd_signal=9_adx_enabled=False_adx_length=14_adx_min_adx=20_sma_enabled=False_sma_length=50_bb_enabled=False_bb_length=20_bb_stddev=2.0_combination_mode=all
BAJAJFINSV.NS,2020-01-14,2020-01-23,52,952.8054809570312,950.7462768554688,953.2818836975097,950.270903717041,49570.6579522705,49414.08699328613,-156.5709589843682,-240.78422384069134,-0.31585410694996985,-0.4857394147814869,-0.4815684476813827,84.21326485632315,"{'brokerage_entry': 20.0, 'brokerage_exit': 20.0, 'exchange_entry': np.float64(1.4722485411824338), 'exchange_exit': np.float64(1.4675983837005981), 'sebi_entry': np.float64(0.049570657952270496), 'sebi_exit': np.float64(0.04941408699328613), 'ipft_entry': np.float64(0.049570657952270496), 'ipft_exit': np.float64(0.04941408699328613), 'stamp_buy': np.float64(1.487119738568115), 'stt_sell': np.float64(12.353521748321533), 'dp_sell': 16.5, 'gst': np.float64(10.734806954659346), 'fees_total': np.float64(84.21326485632315)}",MACD_cross_down,7,1413_rsi_enabled=False_rsi_buy_below=40_rsi_sell_above=70_macd_enabled=True_macd_fast=12_macd_slow=26_macd_signal=9_adx_enabled=False_adx_length=14_adx_min_adx=20_sma_enabled=False_sma_length=50_bb_enabled=False_bb_length=20_bb_stddev=2.0_combination_mode=all
BAJAJFINSV.NS,2020-02-12,2020-02-17,51,974.4446411132812,950.2127685546875,974.9318634338379,949.7376621704102,49721.52503512573,48436.62077069092,-1284.9042644348083,-1368.8467689805473,-2.584201235837173,-2.7530265172146806,-2.7376935379610945,83.94250454573888,"{'brokerage_entry': 20.0, 'brokerage_exit': 20.0, 'exchange_entry': np.float64(1.4767292935432341), 'exchange_exit': np.float64(1.4385676368895204), 'sebi_entry': np.float64(0.049721525035125724), 'sebi_exit': np.float64(0.048436620770690914), 'ipft_entry': np.float64(0.049721525035125724), 'ipft_exit': np.float64(0.048436620770690914), 'stamp_buy': np.float64(1.491645751053772), 'stt_sell': np.float64(12.10915519267273), 'dp_sell': 16.5, 'gst': np.float64(10.730090379967992), 'fees_total': np.float64(83.94250454573888)}",MACD_cross_down,3,1413_rsi_enabled=False_rsi_buy_below=40_rsi_sell_above=70_macd_enabled=True_macd_fast=12_macd_slow=26_macd_signal=9_adx_enabled=False_adx_length=14_adx_min_adx=20_sma_enabled=False_sma_length=50_bb_enabled=False_bb_length=20_bb_stddev=2.0_combination_mode=all
BAJAJFINSV.NS,2020-06-02,2020-06-12,96,517.30615234375,491.4408447265625,517.5648054199219,491.1951243041992,49686.2213203125,47154.731933203126,-2531.4893871093736,-2615.0610894296847,-5.094952523738129,-5.263151473264897,-5.230122178859369,83.57170232031118,"{'brokerage_entry': 20.0, 'brokerage_exit': 20.0, 'exchange_entry': np.float64(1.4756807732132813), 'exchange_exit': np.float64(1.4004955384161328), 'sebi_entry': np.float64(0.049686221320312494), 'sebi_exit': np.float64(0.047154731933203124), 'ipft_entry': np.float64(0.049686221320312494), 'ipft_exit': np.float64(0.047154731933203124), 'stamp_buy': np.float64(1.490586639609375), 'stt_sell': np.float64(11.788682983300781), 'dp_sell': 16.5, 'gst': np.float64(10.72257447926456), 'fees_total': np.float64(83.57170232031118)}",HSL,8,1413_rsi_enabled=False_rsi_buy_below=40_rsi_sell_above=70_macd_enabled=True_macd_fast=12_macd_slow=26_macd_signal=9_adx_enabled=False_adx_length=14_adx_min_adx=20_sma_enabled=False_sma_length=50_bb_enabled=False_bb_length=20_bb_stddev=2.0_combination_mode=all
BAJAJFINSV.NS,2020-10-14,2020-10-21,82,608.6356811523438,578.2038970947266,608.9399989929199,577.9147951461792,49933.07991741943,47389.0132019867,-2544.066715432731,-2627.7223913459748,-5.094952523738114,-5.262488105463888,-5.255444782691949,83.65567591324375,"{'brokerage_entry': 20.0, 'brokerage_exit': 20.0, 'exchange_entry': np.float64(1.483012473547357), 'exchange_exit': np.float64(1.407453692099005), 'sebi_entry': np.float64(0.04993307991741943), 'sebi_exit': np.float64(0.0473890132019867), 'ipft_entry': np.float64(0.04993307991741943), 'ipft_exit': np.float64(0.0473890132019867), 'stamp_buy': np.float64(1.497992397522583), 'stt_sell': np.float64(11.847253300496675), 'dp_sell': 16.5, 'gst': np.float64(10.72531986333933), 'fees_total': np.float64(83.65567591324375)}",HSL,5,1413_rsi_enabled=False_rsi_buy_below=40_rsi_sell_above=70_macd_enabled=True_macd_fast=12_macd_slow=26_macd_signal=9_adx_enabled=False_adx_length=14_adx_min_adx=20_sma_enabled=False_sma_length=50_bb_enabled=False_bb_length=20_bb_stddev=2.0_combination_mode=all
BAJAJFINSV.NS,2020-11-06,2020-11-20,79,627.2338256835938,852.3424682617188,627.5474425964355,851.9162970275879,49576.247965118404,67301.38746517945,17725.139500061043,17635.78494092489,35.7532895844243,35.57305295336859,35.27156988184978,89.35455913615414,"{'brokerage_entry': 20.0, 'brokerage_exit': 20.0, 'exchange_entry': np.float64(1.4724145645640165), 'exchange_exit': np.float64(1.9988512077158296), 'sebi_entry': np.float64(0.0495762479651184), 'sebi_exit': np.float64(0.06730138746517944), 'ipft_entry': np.float64(0.0495762479651184), 'ipft_exit': np.float64(0.06730138746517944), 'stamp_buy': np.float64(1.4872874389535522), 'stt_sell': np.float64(16.82534686629486), 'dp_sell': 16.5, 'gst': np.float64(10.83690378776528), 'fees_total': np.float64(89.35455913615414)}",Time,10,1413_rsi_enabled=False_rsi_buy_below=40_rsi_sell_above=70_macd_enabled=True_macd_fast=12_macd_slow=26_macd_signal=9_adx_enabled=False_adx_length=14_adx_min_adx=20_sma_enabled=False_sma_length=50_bb_enabled=False_bb_length=20_bb_stddev=2.0_combination_mode=all
BAJAJFINSV.NS,2021-02-01,2021-02-15,51,969.997802734375,1051.404541015625,970.4828016357421,1050.8788387451173,49494.622883422846,53594.82077600098,4100.197892578137,4014.7881849681094,8.284127959183643,8.111564349978664,8.029576369936219,85.40970761002733,"{'brokerage_entry': 20.0, 'brokerage_exit': 20.0, 'exchange_entry': np.float64(1.4699902996376586), 'exchange_exit': np.float64(1.5917661770472291), 'sebi_entry': np.float64(0.049494622883422844), 'sebi_exit': np.float64(0.05359482077600098), 'ipft_entry': np.float64(0.049494622883422844), 'ipft_exit': np.float64(0.05359482077600098), 'stamp_buy': np.float64(1.4848386865026855), 'stt_sell': np.float64(13.398705194000247), 'dp_sell': 16.5, 'gst': np.float64(10.75822836552067), 'fees_total': np.float64(85.40970761002733)}",Time,10,1413_rsi_enabled=False_rsi_buy_below=40_rsi_sell_above=70_macd_enabled=True_macd_fast=12_macd_slow=26_macd_signal=9_adx_enabled=False_adx_length=14_adx_min_adx=20_sma_enabled=False_sma_length=50_bb_enabled=False_bb_length=20_bb_stddev=2.0_combination_mode=all
BAJAJFINSV.NS,2021-04-23,2021-05-07,50,989.43896484375,1129.3043212890625,989.9336843261718,1128.739669128418,49496.68421630859,56436.9834564209,6940.299240112312,6854.072538948752,14.021745799743012,13.84753877450727,13.708145077897505,86.2267011635606,"{'brokerage_entry': 20.0, 'brokerage_exit': 20.0, 'exchange_entry': np.float64(1.4700515212243652), 'exchange_exit': np.float64(1.6761784086557008), 'sebi_entry': np.float64(0.04949668421630859), 'sebi_exit': np.float64(0.0564369834564209), 'ipft_entry': np.float64(0.04949668421630859), 'ipft_exit': np.float64(0.0564369834564209), 'stamp_buy': np.float64(1.4849005264892576), 'stt_sell': np.float64(14.109245864105226), 'dp_sell': 16.5, 'gst': np.float64(10.774457507740594), 'fees_total': np.float64(86.2267011635606)}",Time,10,1413_rsi_enabled=False_rsi_buy_below=40_rsi_sell_above=70_macd_enabled=True_macd_fast=12_macd_slow=26_macd_signal=9_adx_enabled=False_adx_length=14_adx_min_adx=20_sma_enabled=False_sma_length=50_bb_enabled=False_bb_length=20_bb_stddev=2.0_combination_mode=all
BAJAJFINSV.NS,2022-01-05,2022-01-19,27,1795.2373046875,1804.109375,1796.1349233398437,1803.2073203125,48495.64293017578,48686.5976484375,190.95471826171706,107.02300067061879,0.39375644227802986,0.2206858064026719,0.21404600134123758,83.93171759109828,"{'brokerage_entry': 20.0, 'brokerage_exit': 20.0, 'exchange_entry': np.float64(1.4403205950262208), 'exchange_exit': np.float64(1.4459919501585938), 'sebi_entry': np.float64(0.04849564293017578), 'sebi_exit': np.float64(0.048686597648437496), 'ipft_entry': np.float64(0.04849564293017578), 'ipft_exit': np.float64(0.048686597648437496), 'stamp_buy': np.float64(1.4548692879052736), 'stt_sell': np.float64(12.171649412109375), 'dp_sell': 16.5, 'gst': np.float64(10.724521864741568), 'fees_total': np.float64(83.93171759109828)}",Time,10,1413_rsi_enabled=False_rsi_buy_below=40_rsi_sell_above=70_macd_enabled=True_macd_fast=12_macd_slow=26_macd_signal=9_adx_enabled=False_adx_length=14_adx_min_adx=20_sma_enabled=False_sma_length=50_bb_enabled=False_bb_length=20_bb_stddev=2.0_combination_mode=all
BAJAJFINSV.NS,2022-03-17,2022-04-01,30,1633.80126953125,1710.487548828125,1634.6181701660155,1709.632305053711,49038.54510498046,51288.96915161133,2250.4240466308693,2165.707796991535,4.589092196379846,4.416337785624029,4.33141559398307,84.71624963933431,"{'brokerage_entry': 20.0, 'brokerage_exit': 20.0, 'exchange_entry': np.float64(1.4564447896179198), 'exchange_exit': np.float64(1.5232823838028566), 'sebi_entry': np.float64(0.04903854510498046), 'sebi_exit': np.float64(0.05128896915161133), 'ipft_entry': np.float64(0.04903854510498046), 'ipft_exit': np.float64(0.05128896915161133), 'stamp_buy': np.float64(1.4711563531494138), 'stt_sell': np.float64(12.822242287902833), 'dp_sell': 16.5, 'gst': np.float64(10.742468796348112), 'fees_total': np.float64(84.71624963933431)}",Time,10,1413_rsi_enabled=False_rsi_buy_below=40_rsi_sell_above=70_macd_enabled=True_macd_fast=12_macd_slow=26_macd_signal=9_adx_enabled=False_adx_length=14_adx_min_adx=20_sma_enabled=False_sma_length=50_bb_enabled=False_bb_length=20_bb_stddev=2.0_combination_mode=all
BAJAJFINSV.NS,2022-07-18,2022-07-28,40,1222.9869384765625,1367.8409831914553,1223.5984319458007,1367.1570626998596,48943.937277832025,54686.28250799439,5742.345230162362,5656.65894941572,11.732495482669759,11.55742521756166,11.31331789883144,85.68628074664218,"{'brokerage_entry': 20.0, 'brokerage_exit': 20.0, 'exchange_entry': np.float64(1.453634937151611), 'exchange_exit': np.float64(1.6241825904874334), 'sebi_entry': np.float64(0.04894393727783202), 'sebi_exit': np.float64(0.054686282507994385), 'ipft_entry': np.float64(0.04894393727783202), 'ipft_exit': np.float64(0.054686282507994385), 'stamp_buy': np.float64(1.4683181183349607), 'stt_sell': np.float64(13.671570626998596), 'dp_sell': 16.5, 'gst': np.float64(10.761314034097927), 'fees_total': np.float64(85.68628074664218)}",TSL,8,1413_rsi_enabled=False_rsi_buy_below=40_rsi_sell_above=70_macd_enabled=True_macd_fast=12_macd_slow=26_macd_signal=9_adx_enabled=False_adx_length=14_adx_min_adx=20_sma_enabled=False_sma_length=50_bb_enabled=False_bb_length=20_bb_stddev=2.0_combination_mode=all
BAJAJFINSV.NS,2022-11-04,2022-11-10,27,1797.740966796875,1707.853918457031,1798.6398372802732,1706.9999914978027,48563.275606567375,46088.99977044067,-2474.2758361267042,-2557.465547350264,-5.094952523738122,-5.266254212482342,-5.114931094700528,83.18971122355954,"{'brokerage_entry': 20.0, 'brokerage_exit': 20.0, 'exchange_entry': np.float64(1.4423292855150511), 'exchange_exit': np.float64(1.368843293182088), 'sebi_entry': np.float64(0.048563275606567376), 'sebi_exit': np.float64(0.04608899977044067), 'ipft_entry': np.float64(0.048563275606567376), 'ipft_exit': np.float64(0.04608899977044067), 'stamp_buy': np.float64(1.4568982681970213), 'stt_sell': np.float64(11.522249942610168), 'dp_sell': 16.5, 'gst': np.float64(10.710085883301208), 'fees_total': np.float64(83.18971122355954)}",HSL,3,1413_rsi_enabled=False_rsi_buy_below=40_rsi_sell_above=70_macd_enabled=True_macd_fast=12_macd_slow=26_macd_signal=9_adx_enabled=False_adx_length=14_adx_min_adx=20_sma_enabled=False_sma_length=50_bb_enabled=False_bb_length=20_bb_stddev=2.0_combination_mode=all
BAJAJFINSV.NS,2023-02-10,2023-02-24,35,1399.4464111328125,1356.766845703125,1400.146134338379,1356.0884622802735,49005.11470184326,47463.096179809574,-1542.0185220336862,-1625.632939415933,-3.1466481231920986,-3.317271981315834,-3.251265878831866,83.6144173822468,"{'brokerage_entry': 20.0, 'brokerage_exit': 20.0, 'exchange_entry': np.float64(1.4554519066447449), 'exchange_exit': np.float64(1.4096539565403443), 'sebi_entry': np.float64(0.04900511470184326), 'sebi_exit': np.float64(0.04746309617980957), 'ipft_entry': np.float64(0.04900511470184326), 'ipft_exit': np.float64(0.04746309617980957), 'stamp_buy': np.float64(1.4701534410552979), 'stt_sell': np.float64(11.865774044952394), 'dp_sell': 16.5, 'gst': np.float64(10.720447611290712), 'fees_total': np.float64(83.6144173822468)}",Time,10,1413_rsi_enabled=False_rsi_buy_below=40_rsi_sell_above=70_macd_enabled=True_macd_fast=12_macd_slow=26_macd_signal=9_adx_enabled=False_adx_length=14_adx_min_adx=20_sma_enabled=False_sma_length=50_bb_enabled=False_bb_length=20_bb_stddev=2.0_combination_mode=all
BAJAJFINSV.NS,2023-04-13,2023-04-28,37,1339.095947265625,1352.4239501953125,1339.7654952392577,1351.7477382202148,49571.323323852535,50014.66631414795,443.3429902954158,358.9570704887642,0.8943537524690002,0.7241224288963911,0.7179141409775284,84.38591980665161,"{'brokerage_entry': 20.0, 'brokerage_exit': 20.0, 'exchange_entry': np.float64(1.4722683027184202), 'exchange_exit': np.float64(1.485435589530194), 'sebi_entry': np.float64(0.049571323323852536), 'sebi_exit': np.float64(0.05001466631414795), 'ipft_entry': np.float64(0.049571323323852536), 'ipft_exit': np.float64(0.05001466631414795), 'stamp_buy': np.float64(1.4871396997155761), 'stt_sell': np.float64(12.503666578536988), 'dp_sell': 16.5, 'gst': np.float64(10.73823765687443), 'fees_total': np.float64(84.38591980665161)}",Time,10,1413_rsi_enabled=False_rsi_buy_below=40_rsi_sell_above=70_macd_enabled=True_macd_fast=12_macd_slow=26_macd_signal=9_adx_enabled=False_adx_length=14_adx_min_adx=20_sma_enabled=False_sma_length=50_bb_enabled=False_bb_length=20_bb_stddev=2.0_combination_mode=all
BAJAJFINSV.NS,2023-09-13,2023-09-28,32,1551.0653076171875,1537.9798583984375,1551.840840270996,1537.2108684692384,49658.906888671874,49190.74779101563,-468.15909765624383,-552.3141219936062,-0.9427495025329277,-1.1122156257523248,-1.1046282439872126,84.15502433736246,"{'brokerage_entry': 20.0, 'brokerage_exit': 20.0, 'exchange_entry': np.float64(1.4748695345935547), 'exchange_exit': np.float64(1.4609652093931642), 'sebi_entry': np.float64(0.049658906888671875), 'sebi_exit': np.float64(0.04919074779101563), 'ipft_entry': np.float64(0.049658906888671875), 'ipft_exit': np.float64(0.04919074779101563), 'stamp_buy': np.float64(1.4897672066601562), 'stt_sell': np.float64(12.297686947753908), 'dp_sell': 16.5, 'gst': np.float64(10.734036129602297), 'fees_total': np.float64(84.15502433736246)}",Time,10,1413_rsi_enabled=False_rsi_buy_below=40_rsi_sell_above=70_macd_enabled=True_macd_fast=12_macd_slow=26_macd_signal=9_adx_enabled=False_adx_length=14_adx_min_adx=20_sma_enabled=False_sma_length=50_bb_enabled=False_bb_length=20_bb_stddev=2.0_combination_mode=all
BAJAJFINSV.NS,2023-11-30,2023-12-14,29,1671.6304931640625,1729.0162353515625,1672.4663084106444,1728.1517272338867,48501.52294390869,50116.40008978271,1614.877145874023,1530.5340981342617,3.3295390491997647,3.155641318529941,3.0610681962685233,84.3430477397612,"{'brokerage_entry': 20.0, 'brokerage_exit': 20.0, 'exchange_entry': np.float64(1.4404952314340882), 'exchange_exit': np.float64(1.4884570826665466), 'sebi_entry': np.float64(0.048501522943908686), 'sebi_exit': np.float64(0.050116400089782714), 'ipft_entry': np.float64(0.048501522943908686), 'ipft_exit': np.float64(0.050116400089782714), 'stamp_buy': np.float64(1.4550456883172607), 'stt_sell': np.float64(12.529100022445679), 'dp_sell': 16.5, 'gst': np.float64(10.732713868830244), 'fees_total': np.float64(84.3430477397612)}",Time,10,1413_rsi_enabled=False_rsi_buy_below=40_rsi_sell_above=70_macd_enabled=True_macd_fast=12_macd_slow=26_macd_signal=9_adx_enabled=False_adx_length=14_adx_min_adx=20_sma_enabled=False_sma_length=50_bb_enabled=False_bb_length=20_bb_stddev=2.0_combination_mode=all
BAJAJFINSV.NS,2024-04-02,2024-04-18,30,1654.699462890625,1592.119384765625,1655.52681262207,1591.3233250732424,49665.804378662106,47739.69975219727,-1926.104626464832,-2009.8430758217603,-3.8781303364782382,-4.04673416843974,-4.019686151643521,83.73844935692813,"{'brokerage_entry': 20.0, 'brokerage_exit': 20.0, 'exchange_entry': np.float64(1.4750743900462646), 'exchange_exit': np.float64(1.4178690826402591), 'sebi_entry': np.float64(0.0496658043786621), 'sebi_exit': np.float64(0.04773969975219727), 'ipft_entry': np.float64(0.0496658043786621), 'ipft_exit': np.float64(0.04773969975219727), 'stamp_buy': np.float64(1.4899741313598631), 'stt_sell': np.float64(11.934924938049319), 'dp_sell': 16.5, 'gst': np.float64(10.725795806570684), 'fees_total': np.float64(83.73844935692813)}",Time,10,1413_rsi_enabled=False_rsi_buy_below=40_rsi_sell_above=70_macd_enabled=True_macd_fast=12_macd_slow=26_macd_signal=9_adx_enabled=False_adx_length=14_adx_min_adx=20_sma_enabled=False_sma_length=50_bb_enabled=False_bb_length=20_bb_stddev=2.0_combination_mode=all
BAJAJFINSV.NS,2024-07-18,2024-07-24,30,1650.4459228515625,1567.9236267089843,1651.2711458129882,1567.13966489563,49538.13437438964,47014.1899468689,-2523.9444275207425,-2607.4657552822523,-5.094952523738113,-5.2635525907698835,-5.214931510564504,83.52132776150991,"{'brokerage_entry': 20.0, 'brokerage_exit': 20.0, 'exchange_entry': np.float64(1.4712825909193725), 'exchange_exit': np.float64(1.3963214414220064), 'sebi_entry': np.float64(0.04953813437438964), 'sebi_exit': np.float64(0.0470141899468689), 'ipft_entry': np.float64(0.04953813437438964), 'ipft_exit': np.float64(0.0470141899468689), 'stamp_buy': np.float64(1.4861440312316894), 'stt_sell': np.float64(11.753547486717226), 'dp_sell': 16.5, 'gst': np.float64(10.720927562577101), 'fees_total': np.float64(83.52132776150991)}",HSL,4,1413_rsi_enabled=False_rsi_buy_below=40_rsi_sell_above=70_macd_enabled=True_macd_fast=12_macd_slow=26_macd_signal=9_adx_enabled=False_adx_length=14_adx_min_adx=20_sma_enabled=False_sma_length=50_bb_enabled=False_bb_length=20_bb_stddev=2.0_combination_mode=all
BAJAJFINSV.NS,2024-08-23,2024-09-06,30,1639.1014404296875,1856.24560546875,1639.9209911499022,1855.3174826660156,49197.629734497066,55659.52447998047,6461.894745483405,6375.911648760828,13.134565182013974,12.959794370520413,12.751823297521655,85.98309672257678,"{'brokerage_entry': 20.0, 'brokerage_exit': 20.0, 'exchange_entry': np.float64(1.461169603114563), 'exchange_exit': np.float64(1.65308787705542), 'sebi_entry': np.float64(0.04919762973449707), 'sebi_exit': np.float64(0.05565952447998047), 'ipft_entry': np.float64(0.04919762973449707), 'ipft_exit': np.float64(0.05565952447998047), 'stamp_buy': np.float64(1.475928892034912), 'stt_sell': np.float64(13.914881119995119), 'dp_sell': 16.5, 'gst': np.float64(10.768314921947809), 'fees_total': np.float64(85.98309672257678)}",Time,10,1413_rsi_enabled=False_rsi_buy_below=40_rsi_sell_above=70_macd_enabled=True_macd_fast=12_macd_slow=26_macd_signal=9_adx_enabled=False_adx_length=14_adx_min_adx=20_sma_enabled=False_sma_length=50_bb_enabled=False_bb_length=20_bb_stddev=2.0_combination_mode=all
